612	14043	3495	1563	133	475	85	1516	326	733	65	1455	1922	380	89	776	1182	34	112	529	632	162	12	244	192	96	263	118	153	23	219	30	357	384	104	37	66	37	68	259	7	3	366	72	190	34	28	94	33	70	28	78	4	5	21	11	18	223	2	11	32	10	41	103	5	25	14	6	4	54	18	34	21	5	17	20	1	46	4	16	16	2	0	17	16	12	7	10	13	66	5	28	2	14	3	1	70	1	9	3	13	2	3	23	1	29	9	5	20	8	8	55	8	19	1	13	1	13	10	13	35	27	6	9	0	3	3	14	8	6	1	9	3	29	10	3	0	8	12	9	1	17	1	4	7	1	11
188	4473	1138	500	50	160	38	490	110	224	19	464	633	126	18	287	367	19	34	176	232	59	4	70	57	31	81	34	52	8	75	16	100	131	32	10	24	12	23	72	5	0	127	18	65	11	4	19	8	27	12	21	0	1	6	8	5	62	2	4	14	1	13	27	3	2	3	3	1	15	5	4	4	4	3	2	0	19	3	4	10	1	0	5	5	13	1	4	3	10	2	11	0	1	2	1	17	0	3	0	2	0	4	12	0	5	2	1	7	2	2	13	3	7	1	7	0	3	2	7	12	3	2	3	1	1	1	7	1	4	2	6	0	3	1	0	0	2	3	6	0	5	1	0	1	0	4
468	10443	2551	1115	111	325	48	1063	247	548	44	1091	1415	236	56	672	893	24	62	372	485	129	7	166	128	78	211	72	100	22	155	28	228	318	82	20	46	34	43	165	7	3	296	38	156	21	15	66	19	46	19	58	3	2	16	11	12	133	0	11	22	9	39	75	4	17	7	6	1	31	19	28	9	8	16	13	3	39	1	11	14	2	1	16	16	11	4	8	5	52	2	13	3	3	4	3	51	2	9	2	10	2	2	13	1	23	9	7	15	8	5	28	2	18	1	7	2	8	3	10	21	15	6	3	0	2	3	13	8	5	5	5	0	8	4	1	1	12	6	6	1	13	0	2	9	0	15
842	19915	4760	2184	180	600	119	2103	449	1031	93	1966	2788	486	120	1232	1696	47	169	710	962	267	18	316	246	174	365	155	202	29	276	37	464	591	150	42	108	57	74	359	13	2	535	79	286	48	28	103	46	95	39	119	7	16	43	15	20	287	4	20	27	13	41	127	15	26	12	17	4	72	21	59	20	11	22	36	1	71	5	20	35	2	0	30	31	17	16	18	19	107	6	41	6	17	2	9	105	3	9	6	17	2	6	45	2	41	11	10	35	16	5	57	12	29	6	12	1	17	6	19	50	47	8	11	0	4	13	18	19	7	8	18	3	30	21	3	0	18	18	12	1	23	5	1	11	0	16
273	6236	1503	673	63	211	38	630	137	313	25	610	859	143	48	383	513	23	45	203	335	92	8	85	61	48	111	41	61	12	89	11	145	170	41	13	34	25	23	91	4	0	152	22	97	11	12	32	20	27	11	23	2	2	11	8	3	80	1	7	10	5	21	36	0	11	4	6	1	27	7	20	4	5	7	8	0	25	1	12	6	0	0	7	6	3	0	5	9	36	6	9	3	4	1	1	25	1	4	1	6	1	1	11	1	14	3	3	8	5	2	23	3	8	1	9	0	6	4	4	15	9	3	2	1	0	4	4	5	0	2	4	2	6	4	1	0	11	3	3	0	5	1	1	3	1	8
57	1193	276	128	14	46	8	111	27	61	3	120	146	32	10	81	108	1	8	42	60	18	0	17	17	10	28	8	9	3	20	3	29	32	14	1	7	2	5	15	0	0	26	8	11	6	2	7	4	7	2	9	0	0	1	2	2	14	0	2	0	1	3	10	0	2	1	0	0	3	2	6	3	0	4	0	0	2	1	1	0	0	0	0	1	2	0	0	2	9	1	4	0	1	0	0	9	0	0	0	3	0	0	1	0	2	2	1	3	1	1	6	0	1	0	2	0	0	0	1	4	1	1	1	0	1	0	1	1	1	1	0	0	0	0	0	0	2	1	2	0	1	0	0	1	0	2
22	541	128	60	2	12	4	54	10	21	1	54	68	13	7	40	43	1	2	16	27	5	0	9	5	6	12	1	4	1	15	3	12	9	3	4	2	1	2	9	1	0	18	3	7	1	1	6	0	1	0	5	0	0	0	0	0	8	0	1	0	0	1	3	2	1	0	0	0	1	3	0	0	1	1	0	0	2	0	1	0	0	0	0	0	0	0	0	0	3	0	1	0	0	1	0	1	1	0	0	0	0	0	1	0	2	0	0	1	1	0	0	0	0	1	0	0	0	0	2	1	0	0	0	0	0	0	0	0	0	0	0	1	2	0	0	0	0	1	1	1	3	0	0	2	0	0
114	2466	534	257	19	75	9	255	59	131	14	247	308	67	15	139	214	3	21	88	115	29	4	44	31	20	56	17	23	6	39	6	56	76	19	11	8	4	9	42	2	0	69	15	29	2	4	14	5	10	4	10	0	0	3	2	1	28	0	1	4	1	6	17	1	6	1	3	0	12	4	2	4	3	5	1	0	9	0	2	1	0	0	6	3	1	0	4	1	7	1	3	0	0	1	1	6	0	1	1	3	0	1	5	0	1	2	1	5	3	1	5	0	5	2	5	0	2	1	5	11	1	0	3	0	1	0	5	0	1	1	1	1	4	6	0	0	1	0	1	0	4	0	1	2	0	1
86	1742	426	195	8	61	10	174	39	86	8	193	251	43	15	91	157	2	11	50	77	17	1	20	20	15	30	18	18	4	23	5	53	50	18	3	12	3	3	23	1	0	43	8	30	3	3	6	8	10	4	8	0	1	7	1	2	23	0	0	5	1	5	11	3	2	3	1	0	6	3	4	2	1	1	3	0	6	0	3	1	0	0	3	1	3	1	3	0	8	1	0	0	2	0	1	4	0	0	1	0	0	0	3	0	4	2	0	2	0	2	3	4	6	0	2	0	2	1	2	6	0	1	0	0	0	0	2	0	1	0	1	0	3	1	1	0	1	0	1	0	0	1	0	1	0	3
51	1148	238	129	9	40	7	84	30	67	6	102	142	28	7	66	75	1	9	34	52	16	4	15	14	7	18	7	9	4	20	4	25	32	8	4	7	2	7	18	1	1	30	8	17	3	0	6	2	5	1	9	0	1	1	0	3	10	0	1	0	0	3	2	0	3	2	1	1	6	0	0	0	0	1	1	0	5	0	3	1	0	0	4	0	0	1	0	0	5	1	1	0	0	1	0	3	0	0	1	2	0	1	2	0	1	0	0	4	4	0	1	0	4	0	1	0	1	1	0	2	1	0	0	0	0	0	3	2	0	0	2	0	1	0	0	0	0	0	1	0	2	0	0	1	0	0
92	2428	598	261	26	83	13	255	50	127	15	229	326	61	13	109	200	6	21	82	112	29	3	49	26	20	47	20	23	4	38	5	51	58	11	2	8	4	11	41	0	0	54	4	35	3	1	15	6	11	5	12	0	0	3	2	1	31	0	4	2	0	11	21	1	6	0	5	1	6	1	6	3	2	3	2	1	9	2	4	4	1	0	1	1	1	3	0	1	15	1	2	2	2	1	2	14	1	1	1	4	1	0	5	0	5	1	2	4	2	3	6	0	3	0	0	0	0	3	1	8	3	3	3	0	0	2	3	0	1	2	2	1	3	1	0	1	1	2	0	0	4	0	0	2	0	3
48	1112	260	122	12	29	9	124	32	59	6	125	141	28	8	61	106	1	5	31	56	15	0	19	10	6	19	5	12	1	15	1	27	39	8	1	7	2	4	15	0	0	39	5	18	1	1	4	5	6	2	1	1	1	3	1	0	14	0	3	3	0	3	7	1	2	0	2	0	5	1	1	0	0	1	3	0	4	0	1	1	0	0	0	2	0	1	0	0	2	1	1	0	0	2	0	2	0	0	0	1	0	2	0	1	1	1	1	1	1	0	3	1	1	0	1	0	0	0	2	3	4	0	0	0	0	1	0	1	0	0	0	0	2	3	0	0	1	0	0	0	2	0	0	0	0	0
29	652	176	74	7	19	3	61	15	22	2	72	97	13	3	43	56	3	5	20	28	14	1	6	7	6	14	7	7	1	11	0	15	12	9	1	5	4	1	9	0	1	14	4	7	5	1	9	1	1	1	3	0	0	0	0	0	7	0	1	1	0	0	1	0	1	2	0	0	2	0	5	1	0	0	1	0	2	0	2	2	0	0	2	0	1	0	0	0	6	0	4	0	0	0	0	2	1	1	0	1	0	0	2	0	2	0	0	1	0	0	3	0	1	0	2	0	1	0	0	2	1	1	0	0	1	0	0	0	0	0	1	1	1	0	0	0	0	0	0	0	0	0	0	2	0	2
38	1052	246	115	7	29	5	91	18	54	5	118	148	16	14	48	95	2	9	34	49	15	1	15	16	6	17	10	8	3	14	2	29	35	7	4	4	5	2	22	1	1	28	3	20	0	1	8	2	9	2	4	0	0	7	3	1	13	0	0	1	3	0	12	1	1	1	0	0	3	0	5	1	0	0	0	0	6	0	1	3	0	0	2	1	1	1	1	0	4	0	2	1	1	0	0	4	0	1	0	3	0	0	0	1	3	0	1	4	2	1	2	0	0	0	1	0	1	0	1	3	3	1	0	0	0	0	2	0	0	0	2	1	1	0	1	0	0	0	0	0	2	0	0	1	0	4
78	1648	382	199	19	54	10	202	36	83	7	169	208	29	11	100	140	4	12	60	82	19	3	19	17	13	22	8	17	6	23	2	38	56	12	4	7	4	5	32	2	0	46	12	28	6	6	8	3	5	5	7	0	0	0	2	2	17	0	2	3	0	5	9	0	2	1	0	0	7	3	4	2	1	4	5	0	4	2	1	0	1	1	2	0	0	0	3	0	7	0	4	0	0	0	0	10	1	2	1	3	1	0	1	0	2	2	3	3	0	3	1	0	3	0	1	0	2	2	4	3	4	1	2	0	4	1	3	2	0	1	1	0	2	0	0	0	1	1	2	0	3	0	1	0	0	3
20	225	54	33	6	8	1	33	10	11	1	21	42	12	0	22	19	1	1	9	9	1	0	5	4	4	8	2	2	0	3	1	2	3	2	1	1	0	2	1	0	0	8	2	3	1	1	0	0	0	2	4	0	0	0	0	0	5	0	1	0	0	0	1	0	0	0	0	0	1	0	1	1	0	0	0	0	0	0	1	0	0	0	0	0	0	0	0	1	1	0	1	1	0	0	0	1	0	0	0	1	0	0	0	0	0	0	0	1	0	0	0	0	0	0	1	0	0	0	0	1	0	0	0	0	0	0	0	0	0	0	0	0	0	0	0	0	1	0	0	0	1	0	0	0	0	0
57	1126	262	117	9	37	15	106	25	66	3	126	158	23	7	60	93	3	7	32	50	15	1	18	12	13	25	12	16	4	12	6	35	29	9	0	5	4	4	18	1	0	33	4	13	4	2	2	7	8	1	9	0	1	2	0	2	18	0	0	1	0	4	6	1	4	0	0	0	1	1	3	1	1	2	2	0	6	1	2	4	0	0	0	1	2	0	1	1	5	0	2	0	2	0	0	5	0	2	0	3	0	0	3	0	2	2	0	2	2	3	4	0	1	0	2	0	0	0	0	2	1	2	1	0	0	0	2	1	0	0	2	0	1	0	0	0	0	0	0	0	1	0	0	0	0	0
1	57	18	4	0	1	0	8	3	2	0	9	8	1	0	5	6	0	1	1	4	0	1	0	1	1	1	1	0	0	1	0	3	3	0	0	0	0	0	1	1	0	1	1	0	0	1	0	0	0	0	1	0	0	0	0	0	1	0	0	0	0	0	0	0	0	0	0	0	1	0	1	0	0	0	0	0	1	0	0	0	0	0	0	0	0	1	0	0	0	0	0	0	0	0	0	0	0	0	0	0	0	0	1	0	0	0	0	0	0	0	0	1	0	0	0	0	0	0	1	0	0	0	0	0	0	0	0	0	0	0	0	0	0	0	0	0	0	0	0	0	0	0	0	0	0	0
27	629	151	78	2	21	5	67	13	49	2	59	89	12	5	29	50	1	3	23	38	4	1	8	5	5	13	3	10	3	9	2	13	13	10	0	4	0	2	9	0	0	17	1	6	0	2	4	3	2	3	1	0	0	3	0	2	10	0	2	0	0	3	3	0	1	0	0	0	3	0	0	0	0	2	0	0	4	1	1	1	0	0	0	0	0	0	0	0	3	0	1	0	1	1	0	4	1	0	0	2	0	1	3	0	3	3	0	2	1	0	4	1	0	0	0	0	0	1	0	1	2	0	0	0	0	0	0	0	0	0	0	0	0	1	0	0	0	0	1	0	0	0	0	0	0	1
22	640	164	62	7	21	4	68	19	25	1	70	83	10	1	26	51	0	3	24	38	8	1	8	8	7	10	7	6	1	9	1	16	20	4	1	2	1	1	10	0	0	15	2	11	1	1	7	2	4	1	1	0	0	0	0	1	8	0	3	1	0	1	3	1	2	0	1	1	1	2	0	0	1	1	1	0	5	0	1	1	0	0	2	0	0	0	0	0	4	0	1	0	1	0	0	3	0	0	1	1	0	0	2	0	0	0	0	3	2	1	1	0	1	0	0	0	0	0	0	0	2	0	1	0	0	1	0	1	0	1	0	0	2	2	0	0	0	0	2	0	1	0	0	0	0	1
28	510	107	52	6	12	6	53	15	27	1	49	60	9	5	26	47	1	1	17	17	13	1	9	3	5	4	1	6	0	9	0	14	17	1	1	1	1	0	8	0	0	15	2	8	0	1	4	0	1	0	2	0	0	1	1	0	6	0	0	2	0	1	2	0	1	0	0	0	5	0	2	0	1	1	1	0	0	1	1	0	0	0	2	0	2	0	1	0	2	0	1	0	0	0	0	3	0	0	0	1	0	0	0	0	1	1	0	0	0	0	3	0	1	0	0	0	0	1	0	1	0	0	0	0	0	0	1	1	0	0	1	0	1	0	0	0	0	0	1	0	1	0	0	0	0	2
11	328	69	32	5	12	3	30	11	16	1	28	43	5	2	23	22	0	1	9	16	3	1	7	3	3	7	0	2	0	3	0	7	10	2	0	0	2	2	6	0	0	7	0	12	0	0	1	1	5	0	0	0	0	2	0	1	4	0	1	0	0	1	1	0	1	0	0	0	1	1	2	0	0	0	0	0	1	0	0	0	0	0	1	0	0	0	0	0	0	0	0	1	0	0	0	1	0	1	0	0	0	0	0	1	1	0	0	2	0	0	2	0	0	0	0	0	0	0	0	0	1	0	0	0	0	0	0	0	1	0	0	0	1	1	0	0	0	0	0	0	0	0	0	0	1	1
27	500	119	41	1	21	4	49	22	29	2	56	81	12	3	36	43	1	4	14	26	8	0	3	6	4	9	3	4	3	11	0	12	7	3	1	3	0	3	10	0	0	14	2	9	1	2	5	1	6	1	3	0	1	1	0	0	11	0	0	0	0	4	3	1	0	2	0	0	4	0	1	1	0	1	2	0	1	0	1	3	0	0	1	0	0	1	1	0	1	0	0	0	0	0	0	3	0	0	1	0	0	0	0	0	1	0	0	4	1	0	3	0	0	0	0	0	0	0	1	0	2	1	0	0	0	0	1	0	0	0	1	0	0	1	0	0	0	0	1	0	0	0	0	0	1	0
8	124	20	10	1	4	0	6	1	7	1	9	21	3	2	7	12	1	0	0	2	3	0	1	2	0	3	0	0	0	2	0	3	3	0	1	0	1	0	0	0	0	4	0	1	0	1	1	0	0	0	1	0	0	0	0	0	1	0	0	0	0	0	0	0	0	0	0	0	0	0	1	1	1	0	0	0	0	0	0	0	0	0	0	0	0	0	0	0	0	0	0	0	0	1	0	0	0	0	0	0	0	0	0	0	1	0	0	0	0	0	1	0	0	0	0	0	0	0	0	0	1	0	0	0	0	0	0	0	0	0	0	0	1	0	0	0	0	0	0	0	0	0	0	0	0	1
10	195	52	17	2	6	4	15	4	12	1	27	30	5	1	21	20	0	4	11	6	4	0	1	2	1	4	1	2	1	4	0	5	1	4	1	3	1	2	4	0	0	4	0	3	0	0	1	0	1	0	2	0	0	0	0	1	2	0	0	0	0	0	1	0	0	0	0	0	0	0	1	1	1	0	0	0	0	0	0	0	0	0	1	0	0	0	0	0	2	0	0	0	0	0	0	2	0	0	0	0	0	0	0	0	1	0	0	0	0	0	1	0	0	0	0	0	0	0	0	0	0	0	0	0	0	0	0	0	0	0	0	0	0	0	0	0	0	0	0	0	1	0	0	0	0	0
16	494	116	49	6	18	2	49	12	18	1	37	66	11	4	19	50	0	3	5	19	4	1	10	7	6	4	5	3	3	8	0	9	18	0	0	2	2	1	8	0	0	14	4	10	1	1	5	0	1	0	2	0	1	1	0	1	9	0	1	0	0	1	5	0	0	0	1	0	0	0	0	0	1	0	0	0	0	1	1	0	0	0	0	0	1	0	0	1	1	0	2	0	1	0	0	1	0	0	0	1	0	0	1	0	2	0	1	0	0	0	1	0	0	0	0	0	0	0	1	2	0	0	0	0	0	1	0	1	0	0	1	0	0	0	0	0	1	0	0	0	3	0	0	0	1	0
12	400	90	37	5	19	1	38	9	19	2	34	55	15	3	24	36	0	0	19	12	1	0	7	2	2	3	1	2	0	7	0	9	9	3	0	2	4	2	10	0	0	15	1	7	3	0	4	2	2	1	1	0	0	3	0	0	4	0	1	3	0	2	2	0	0	0	0	0	2	0	0	1	0	2	0	0	1	0	0	1	0	0	1	0	0	1	1	1	0	0	0	1	0	0	0	3	0	0	0	2	0	0	1	0	0	1	0	0	0	0	0	1	0	0	0	0	0	0	1	3	1	0	0	1	0	0	0	0	0	0	0	0	0	0	0	0	0	0	0	0	0	0	0	1	0	1
11	273	58	28	3	5	2	36	6	15	0	27	40	3	1	12	17	0	0	8	10	3	0	2	4	3	7	3	1	0	6	0	3	10	1	0	3	2	1	3	0	0	9	1	4	0	1	3	0	1	1	1	0	0	0	0	0	1	0	0	0	0	3	2	0	0	0	1	0	1	0	2	0	0	1	0	0	2	0	0	2	0	0	1	0	0	0	0	1	1	0	2	0	0	0	0	0	1	0	0	0	0	0	0	0	1	0	0	1	0	0	0	0	1	0	1	0	0	1	0	1	1	0	0	0	0	0	1	1	0	0	0	0	0	0	1	0	0	0	0	0	1	0	0	0	0	1
15	352	84	43	3	7	3	29	13	15	0	33	42	11	2	10	35	3	1	17	27	6	0	8	7	1	14	3	3	0	10	0	2	15	2	0	0	0	2	3	0	0	13	0	1	3	0	0	0	1	5	1	0	0	0	0	0	11	0	0	1	0	2	0	0	0	0	0	0	2	2	0	1	0	2	0	0	4	0	3	0	0	0	1	2	0	0	0	0	5	0	3	0	0	0	0	4	0	0	0	0	0	0	1	0	2	1	0	0	0	0	1	0	0	0	0	0	1	0	1	0	2	0	0	0	0	0	1	0	1	0	1	0	2	0	0	0	1	0	0	0	0	0	0	1	0	0
6	184	42	15	3	2	0	20	2	9	0	17	24	5	0	9	17	0	2	4	13	1	0	3	2	0	5	1	3	1	1	1	2	3	2	0	1	0	0	4	0	0	4	0	2	1	0	3	0	1	2	0	0	1	0	0	0	6	0	0	2	0	0	1	0	0	0	0	1	0	0	0	0	0	0	1	0	0	0	0	2	0	0	0	0	0	0	0	0	3	1	0	0	0	0	0	3	0	0	0	0	0	0	0	0	0	0	0	0	0	0	0	0	0	0	0	0	0	0	0	0	1	0	0	0	0	0	0	0	1	0	0	0	0	0	0	0	0	0	1	0	0	0	0	0	0	0
27	519	121	57	4	16	3	48	12	27	3	47	79	6	3	41	29	1	5	22	22	8	0	14	10	4	7	5	3	0	4	2	8	16	4	2	4	1	2	2	0	1	15	1	12	2	1	1	2	1	0	3	0	0	0	0	0	5	0	0	1	0	1	0	1	0	1	1	0	0	1	2	0	0	0	0	1	2	0	1	0	0	0	0	1	1	0	0	0	0	0	1	0	0	0	0	2	0	0	0	0	0	1	3	0	2	0	0	1	1	0	1	1	0	0	0	0	0	0	2	0	1	0	1	0	0	0	0	1	0	0	0	0	2	0	0	0	0	0	0	0	0	0	0	1	0	1
6	91	20	12	1	2	1	9	0	4	0	6	8	2	0	5	11	0	0	4	7	2	0	1	1	0	1	0	1	0	0	0	2	3	2	0	0	1	0	1	0	0	0	0	0	0	0	1	0	1	1	0	0	0	1	0	0	1	0	0	0	0	0	0	0	0	0	0	0	0	1	0	0	0	0	0	0	0	0	0	0	0	0	1	0	0	0	0	0	1	0	0	0	0	0	0	1	0	0	0	0	0	0	0	0	0	0	0	0	0	0	0	0	2	0	1	0	0	0	0	0	1	0	0	0	0	0	0	0	0	0	0	0	0	0	1	0	0	0	0	0	0	0	0	1	0	0
12	125	40	11	1	4	0	15	1	5	0	11	13	1	0	7	10	0	0	3	6	0	0	3	0	1	3	3	2	0	3	1	3	3	0	0	0	0	0	1	0	0	6	0	1	0	0	0	0	0	0	0	0	0	1	0	0	1	0	0	0	0	0	0	0	0	0	1	0	0	0	1	0	0	0	0	0	2	0	0	1	0	0	0	0	0	0	0	0	1	0	0	0	0	0	0	2	0	0	0	0	0	0	1	0	0	0	0	1	0	0	0	0	0	0	0	0	0	0	1	1	0	0	0	0	0	0	0	0	0	0	0	0	0	0	0	0	0	0	1	0	0	0	0	0	0	0
5	92	21	8	1	1	2	8	3	10	1	11	9	2	0	9	11	1	1	3	4	2	0	0	0	2	1	1	1	1	0	1	4	4	1	0	1	0	0	3	0	0	2	0	2	0	0	0	0	0	0	0	0	0	0	0	0	2	0	0	0	1	0	1	0	0	0	0	0	1	0	0	0	0	0	0	0	0	0	0	0	0	0	0	0	0	1	0	0	0	0	0	0	0	0	0	0	0	0	0	0	0	0	0	0	0	0	1	0	0	0	0	0	0	0	0	0	0	0	0	0	0	0	0	0	0	0	0	0	0	0	0	0	0	1	0	0	0	0	0	0	0	0	0	0	0	0
18	431	95	52	4	16	1	47	12	23	1	40	56	11	4	21	31	1	4	11	25	6	0	9	2	5	7	2	3	1	8	1	14	16	4	4	0	0	1	15	1	0	6	2	6	1	0	6	1	6	2	1	0	0	0	0	0	6	0	1	0	1	3	2	0	2	0	0	0	1	0	2	0	0	0	0	0	2	0	0	0	0	0	1	0	0	1	1	1	4	0	0	0	3	0	0	3	1	0	0	3	0	0	1	0	1	2	1	1	0	0	2	0	2	0	0	0	0	0	0	0	0	0	0	1	0	0	0	0	0	0	0	0	0	0	0	0	0	0	0	0	0	0	0	1	0	0
8	130	34	15	2	3	0	13	5	9	1	12	10	3	0	5	9	1	0	6	4	3	1	1	2	2	2	0	0	0	1	2	1	3	1	0	1	0	2	2	1	0	6	1	1	0	0	1	0	1	1	1	0	0	0	1	0	1	0	0	0	0	0	2	1	1	0	0	0	1	0	0	0	0	0	0	0	1	0	0	0	0	0	0	0	0	0	0	0	2	0	0	0	0	0	0	1	0	0	0	0	0	0	0	0	0	0	0	0	0	0	0	0	0	0	0	0	0	0	0	0	0	0	0	0	0	0	0	0	0	0	0	0	0	0	0	0	0	0	0	0	0	0	0	1	0	0
16	429	118	44	3	14	2	40	10	18	1	41	52	14	1	14	39	0	3	16	20	7	0	8	10	1	9	4	3	1	7	1	7	15	4	1	0	1	4	4	0	1	12	2	6	1	0	4	1	2	3	2	1	0	0	0	0	8	0	1	0	2	0	2	0	0	0	0	0	1	0	2	0	0	0	2	0	2	0	0	0	0	0	1	1	0	0	0	0	4	0	2	0	0	0	0	3	0	0	0	1	0	0	2	0	1	0	0	2	0	2	3	0	2	0	0	0	0	0	0	1	2	0	0	0	0	0	1	0	0	0	0	0	0	1	0	0	0	0	0	0	1	0	0	0	0	0
25	647	145	81	6	12	4	70	25	35	7	58	92	17	8	36	58	1	6	20	30	8	0	12	8	6	7	3	5	1	15	2	19	19	2	2	3	3	3	13	0	0	18	0	17	1	0	5	0	5	1	5	1	0	1	1	0	12	0	1	0	0	7	2	0	0	0	0	0	7	1	3	1	0	2	2	0	1	0	1	1	0	0	1	1	0	0	0	0	3	1	0	0	0	0	0	2	1	0	0	0	1	1	0	0	1	0	0	0	1	0	3	0	2	0	0	0	0	0	0	1	0	0	0	0	0	0	0	0	0	0	0	0	0	0	0	0	1	0	0	0	0	0	0	1	1	1
46	1027	263	116	8	29	11	84	25	49	2	99	147	27	10	59	84	0	9	27	51	7	4	18	13	10	13	8	9	4	13	2	28	24	12	1	1	2	4	14	1	0	33	5	9	2	0	7	2	2	1	7	1	0	1	1	2	16	0	0	1	0	4	6	0	2	1	0	0	4	0	4	2	1	1	1	0	2	0	0	0	0	0	3	0	1	0	2	1	6	0	0	0	1	1	0	5	0	0	0	1	0	0	1	0	0	0	0	1	0	0	5	0	2	0	3	0	0	0	1	2	2	0	0	0	0	0	0	0	1	0	1	1	1	0	0	0	1	0	1	0	0	0	0	0	0	1
15	386	100	39	3	16	1	48	2	18	2	39	47	15	3	33	41	0	4	13	24	3	0	1	6	3	6	6	4	0	3	0	7	14	4	1	2	1	2	3	0	0	21	3	3	2	0	3	0	3	1	3	0	0	0	1	1	6	0	1	1	0	1	3	0	2	0	0	0	1	0	0	0	0	0	0	0	3	0	1	1	0	0	2	0	0	1	1	0	1	0	1	0	0	0	0	3	0	0	0	0	0	0	1	0	0	0	1	0	0	0	0	0	1	0	0	0	1	0	0	1	0	0	0	0	0	0	1	0	0	0	0	0	0	0	0	0	0	0	1	0	0	0	0	0	0	1
2	91	33	10	0	1	1	12	1	1	2	15	14	2	0	9	5	1	3	3	3	2	0	1	2	1	3	2	2	2	1	0	0	1	1	2	1	0	0	2	0	0	3	0	1	0	0	0	2	1	0	0	0	0	0	0	0	3	0	0	0	0	1	0	0	0	0	0	0	1	0	0	0	0	0	1	0	0	0	0	0	0	0	1	0	1	0	0	0	0	0	0	0	0	0	0	0	0	1	0	0	0	0	0	0	1	0	0	0	0	0	1	0	0	0	0	0	0	0	0	1	0	0	0	0	0	0	0	0	0	0	0	0	0	0	0	0	0	0	0	0	0	0	0	0	0	0
0	64	20	7	1	3	0	7	1	4	0	10	12	1	0	2	4	2	0	3	5	2	0	0	2	0	0	0	0	2	1	0	0	4	0	0	0	0	0	0	0	0	3	0	1	0	0	0	1	2	0	0	0	0	0	0	1	2	0	0	1	0	0	0	0	0	0	0	0	1	1	0	0	0	0	0	0	0	0	0	0	0	0	0	0	0	0	0	0	2	0	1	0	1	1	0	0	0	0	0	0	0	0	0	0	0	1	0	0	0	0	0	0	0	0	0	0	0	0	0	0	0	0	0	0	0	0	0	0	0	0	0	0	0	0	0	0	0	0	0	0	0	0	0	0	0	0
1	11	4	2	0	0	0	1	0	1	0	3	0	0	0	0	1	0	0	0	0	0	0	1	0	1	0	0	0	0	0	0	0	0	1	0	0	0	0	0	0	0	0	0	0	0	0	0	0	0	0	0	0	0	0	0	0	0	0	0	0	0	0	0	0	0	0	0	0	0	0	0	0	0	0	1	0	0	0	0	1	0	0	0	0	0	0	0	0	0	0	0	0	0	0	0	0	0	0	0	0	0	0	0	0	0	0	0	0	0	0	0	0	0	0	0	0	0	0	0	0	0	0	0	0	0	0	0	0	0	0	0	0	0	0	0	0	0	0	0	0	0	0	0	0	0	0
1	23	2	2	0	0	0	3	1	0	0	1	5	1	1	0	1	0	0	1	3	0	0	0	1	0	0	1	0	0	1	0	0	1	0	0	0	0	0	1	0	0	0	0	1	0	0	0	0	0	1	0	0	0	0	0	0	0	0	0	0	0	0	0	0	0	0	0	0	0	0	0	0	0	0	1	0	0	0	0	0	0	0	0	0	0	0	0	0	0	0	0	0	0	0	0	0	0	1	0	0	0	0	0	0	0	0	0	0	0	0	0	0	0	0	0	0	0	0	0	0	0	0	0	0	0	0	1	0	0	0	0	0	0	0	0	0	0	0	0	0	0	0	0	0	0	0
2	46	6	6	0	0	0	3	1	2	1	12	5	7	0	1	6	0	0	2	1	0	0	3	2	1	1	0	1	0	1	0	0	3	1	0	2	0	0	0	0	0	0	0	1	0	0	1	0	0	0	0	0	0	0	0	0	0	0	0	0	0	0	0	0	0	0	0	0	0	0	0	0	0	0	0	0	0	0	0	0	0	0	0	0	0	0	0	0	0	0	0	0	0	0	0	0	0	0	0	0	0	1	0	0	0	0	0	0	0	0	0	0	1	0	0	0	0	0	1	0	0	0	0	0	0	0	0	0	0	0	0	0	0	0	0	0	0	0	0	0	0	0	0	0	0	0
0	59	18	3	0	3	0	8	2	3	0	5	5	1	1	7	7	0	1	2	4	1	0	2	0	1	3	1	0	0	0	0	1	2	0	1	0	1	0	0	0	0	4	0	1	0	0	0	0	0	0	0	0	0	0	0	0	0	0	0	0	0	0	1	0	0	0	0	0	0	0	0	0	0	0	0	0	0	0	0	0	0	0	0	0	0	0	0	0	0	0	0	0	0	0	0	1	0	0	0	0	0	0	0	0	0	0	0	0	0	0	0	0	0	0	0	0	0	0	0	0	0	0	0	0	0	0	0	0	0	0	0	0	0	0	0	0	0	0	0	0	0	0	0	0	0	0
10	271	67	25	5	8	1	31	6	17	1	42	40	9	3	16	31	0	3	9	13	5	0	11	3	5	3	5	4	0	8	1	6	6	1	0	1	2	3	5	0	0	8	0	8	2	0	2	1	1	0	0	0	0	1	1	1	3	0	0	0	1	1	1	1	1	0	0	0	1	0	1	0	1	1	0	0	1	0	1	0	0	0	0	2	1	0	0	0	0	0	1	0	0	0	0	1	0	0	1	0	0	0	1	0	1	0	0	1	0	0	1	1	0	0	0	0	0	0	0	1	0	0	0	0	0	0	0	0	0	0	0	0	0	0	0	0	0	0	1	0	0	0	0	0	0	0
3	70	15	2	0	3	0	10	0	4	1	7	10	1	0	5	6	0	0	3	2	1	0	3	2	0	2	0	0	1	0	0	1	2	0	0	0	0	0	1	0	0	1	0	2	1	1	0	1	0	0	0	1	0	0	0	0	0	0	0	0	0	0	1	0	0	0	0	0	0	0	0	0	0	1	0	0	2	0	0	0	0	0	1	0	0	0	0	0	1	0	0	0	0	0	0	0	0	0	0	0	0	0	0	0	0	0	0	0	0	0	0	0	0	0	0	0	0	0	0	0	1	0	0	0	0	0	2	0	0	0	0	0	0	0	0	0	0	0	0	0	0	0	0	0	0	1
0	45	6	4	2	0	0	4	1	1	0	5	3	2	0	1	2	0	0	0	2	0	0	0	0	0	0	0	0	0	1	0	0	1	0	0	1	0	0	1	0	0	1	0	0	0	0	0	0	0	0	1	0	0	0	0	0	0	0	0	0	0	0	0	0	0	0	0	0	0	0	0	0	0	0	0	0	0	0	0	0	0	0	0	0	0	0	0	0	0	0	1	0	0	0	0	1	0	0	0	0	0	0	0	0	0	0	0	0	0	0	0	0	0	0	0	0	0	0	0	0	0	0	0	0	0	0	0	0	0	0	0	0	0	0	0	0	0	0	0	0	0	0	0	0	0	0
12	301	78	29	4	10	1	26	6	9	4	27	52	10	4	16	27	1	1	9	22	4	0	6	5	1	5	1	5	0	2	1	5	9	2	1	1	3	0	5	0	0	10	2	3	0	0	3	0	2	0	1	0	0	0	1	0	8	0	1	1	0	1	4	0	0	0	0	0	0	0	1	0	0	0	0	0	1	0	1	0	0	0	0	0	0	0	0	0	0	0	1	0	0	0	0	0	0	1	0	1	0	0	1	0	1	0	0	1	0	0	0	0	0	0	0	0	0	0	1	0	0	0	0	0	0	0	0	1	0	0	0	0	1	0	0	0	0	0	0	0	1	0	0	0	0	1
3	99	25	9	0	2	1	5	1	8	2	15	13	3	1	6	10	0	1	5	5	0	0	1	1	2	0	0	0	0	2	0	3	3	0	1	1	0	1	3	0	0	2	0	1	0	1	0	0	0	0	0	0	0	0	0	0	3	0	0	1	0	0	0	0	0	0	0	0	0	0	0	1	0	0	0	0	0	0	0	0	0	0	0	0	0	0	0	0	2	0	0	0	0	0	0	0	0	0	0	0	0	0	0	0	0	0	0	0	0	0	0	0	0	0	0	0	0	0	1	0	0	0	1	0	0	0	0	0	0	0	0	0	0	0	0	0	0	0	0	0	0	0	0	0	0	0
0	23	1	1	0	0	0	1	0	1	0	0	1	0	0	0	3	0	0	0	0	0	0	1	0	0	0	0	0	0	0	0	0	0	0	0	0	0	0	0	0	0	0	0	0	0	0	0	0	0	0	0	0	0	0	0	0	1	0	0	0	0	0	0	0	0	0	0	0	0	0	0	0	0	0	0	0	0	0	0	0	0	0	0	0	0	0	0	0	0	0	0	0	0	0	0	0	0	0	0	0	0	0	0	0	0	0	0	0	0	0	0	0	0	0	0	0	0	0	0	0	0	0	0	0	0	0	0	0	0	0	0	0	0	0	0	0	0	0	0	0	0	0	0	0	0	0
5	78	10	10	0	1	0	4	1	3	0	6	5	3	2	4	3	0	1	0	3	3	0	4	0	1	0	0	0	0	0	0	3	1	1	0	0	0	0	1	0	0	4	1	2	0	0	0	1	1	0	0	0	0	0	0	0	0	0	0	0	0	0	0	0	0	0	0	0	0	0	0	0	1	0	0	0	0	0	0	0	0	0	0	0	0	0	0	0	0	0	1	0	1	0	0	0	0	0	0	0	0	0	0	0	0	0	0	0	0	0	0	0	0	0	1	0	0	0	0	0	0	0	0	0	0	0	1	0	0	0	0	0	1	0	0	0	0	0	0	0	0	0	0	0	0	0
0	32	10	6	0	4	0	4	2	0	0	5	11	0	0	3	4	0	0	1	1	1	0	2	0	2	0	0	0	0	2	0	0	2	0	0	0	0	0	0	0	0	1	0	0	1	0	1	1	0	0	1	0	0	0	0	0	0	0	0	0	0	0	0	0	0	0	0	0	0	0	0	0	0	1	0	0	0	0	0	0	0	0	0	0	0	0	0	0	0	0	0	0	0	0	0	0	0	0	0	0	0	0	0	0	0	0	0	0	0	0	0	0	0	0	0	0	0	0	0	0	0	0	0	0	0	0	0	0	0	0	0	0	0	0	0	0	0	0	0	0	0	0	0	0	0	0
3	62	24	9	3	0	0	4	1	0	0	8	10	3	0	4	7	0	0	2	5	0	0	2	0	0	0	0	0	1	1	0	0	5	1	0	3	0	0	1	0	0	1	1	2	0	0	0	0	1	0	0	0	0	0	0	0	4	0	0	0	0	0	0	0	0	0	0	0	0	0	1	0	0	0	0	0	0	0	0	0	0	0	0	0	0	0	0	0	0	0	0	0	0	0	0	0	0	0	0	0	0	0	0	0	0	0	0	0	0	0	0	1	0	0	0	0	0	0	0	0	0	0	0	0	0	0	0	0	0	0	1	0	0	0	0	0	0	0	1	0	1	0	0	0	0	0
4	146	33	13	1	4	1	13	5	8	1	10	17	4	2	7	19	0	0	3	7	4	0	2	1	1	3	3	1	0	2	1	1	3	3	4	0	0	0	3	0	0	2	0	3	0	0	1	0	2	0	1	0	0	0	0	1	2	0	0	1	0	1	0	0	0	0	0	0	1	1	1	0	0	0	0	0	1	1	0	1	0	0	0	0	0	1	0	0	0	0	0	0	0	0	0	2	0	0	0	0	0	0	0	0	0	0	0	1	0	0	1	0	1	0	0	0	0	1	0	0	0	0	0	0	0	0	0	0	0	0	0	0	0	0	0	0	0	0	1	0	0	0	0	0	0	0
10	196	53	20	2	5	5	31	6	13	1	25	20	3	2	15	21	2	2	9	17	2	0	2	2	1	0	1	2	0	4	2	7	5	2	0	1	0	0	4	1	0	5	0	4	0	0	2	2	4	0	0	0	0	0	0	0	4	0	0	0	0	0	3	0	0	0	0	0	0	0	0	0	0	0	0	0	1	0	0	1	0	0	0	1	0	0	1	0	1	0	0	1	0	0	0	0	0	0	0	1	0	0	0	0	0	0	0	0	0	0	0	1	1	0	0	0	0	0	0	1	1	0	0	0	0	0	0	0	1	0	1	0	0	0	0	0	0	0	0	0	0	0	0	0	0	0
6	80	13	4	0	2	0	8	0	4	0	4	12	0	0	5	8	0	0	1	1	1	1	0	0	0	1	1	1	0	1	0	0	2	0	0	0	0	1	1	0	0	0	0	1	0	1	1	0	1	0	0	0	0	0	0	0	3	0	0	0	0	1	0	0	0	0	0	0	1	0	1	0	0	0	0	0	0	0	0	0	0	0	0	0	0	0	0	0	0	0	0	0	0	0	0	0	0	0	0	0	0	0	0	0	1	0	0	0	0	0	0	0	0	0	0	0	0	0	0	0	0	0	0	0	0	0	0	0	0	0	0	0	0	1	0	0	0	0	0	0	0	0	0	0	0	1
0	3	0	0	0	0	0	0	1	0	0	1	0	0	0	0	0	0	0	0	0	0	0	0	0	0	0	1	0	0	0	0	0	0	0	0	0	0	0	0	0	0	0	0	0	0	0	0	0	0	0	0	0	0	0	0	0	0	0	0	0	0	0	0	0	0	0	0	0	0	0	0	0	0	0	0	0	0	0	0	0	0	0	0	0	0	0	0	0	0	0	0	0	0	0	0	0	0	0	0	0	0	0	0	0	0	0	0	0	0	0	0	0	0	0	0	0	0	0	0	0	0	0	0	0	0	0	0	0	0	0	0	0	0	0	0	0	0	0	0	0	0	0	0	0	0	0
0	3	0	1	0	0	0	1	1	0	0	0	1	0	0	1	0	0	0	0	0	0	0	0	0	0	0	0	0	0	0	0	0	0	0	0	0	0	0	0	0	0	0	0	0	0	0	0	0	0	0	0	0	0	0	0	0	0	0	0	0	0	0	0	0	0	0	0	0	0	0	0	0	0	0	0	0	0	0	0	0	0	0	0	0	0	0	0	0	0	0	0	0	0	0	0	0	0	0	0	0	0	0	0	0	0	0	0	0	0	0	0	0	0	0	0	0	0	0	0	0	0	0	0	0	0	0	0	0	0	0	0	0	0	0	0	0	0	0	0	0	0	0	0	0	0	0
4	109	29	8	1	4	1	9	1	3	0	4	17	2	1	5	12	0	0	3	8	2	0	2	2	0	2	0	2	0	5	2	2	2	2	0	0	0	0	2	0	0	0	0	2	0	0	2	0	2	0	0	0	0	0	0	0	0	0	0	0	1	0	0	0	0	0	0	0	0	0	0	0	0	0	1	0	0	0	0	0	0	0	0	0	0	0	0	0	0	0	0	0	0	0	0	0	0	0	0	0	0	0	0	0	0	0	0	0	0	0	0	0	0	0	0	0	0	0	0	1	1	0	0	0	0	0	0	0	0	0	0	0	0	0	0	0	0	0	0	0	1	0	0	1	0	0
0	29	5	5	0	2	0	4	0	3	1	3	7	0	0	4	2	0	0	1	1	0	0	0	0	1	0	1	2	0	1	0	2	0	0	0	0	0	0	0	0	0	0	0	2	0	1	1	0	0	0	0	0	0	0	0	0	0	0	0	0	0	0	0	0	0	0	0	0	0	0	0	0	0	0	0	0	0	0	0	0	0	0	0	0	0	0	0	0	1	0	1	0	0	0	0	0	0	0	0	0	0	0	0	0	0	0	0	0	0	0	0	0	0	0	0	0	0	0	0	0	0	0	0	0	0	0	0	0	0	0	0	0	0	0	0	0	0	0	0	0	0	0	0	0	0	0
2	65	17	7	1	4	1	11	1	4	0	5	8	1	0	4	5	0	1	8	2	2	0	1	0	1	1	1	1	0	0	0	3	1	0	0	0	0	0	1	0	0	2	1	1	0	0	2	0	0	0	0	0	0	0	0	0	1	0	0	0	0	1	0	0	0	0	0	0	0	0	0	0	0	0	0	0	0	0	0	0	0	0	1	0	0	0	0	0	0	0	0	0	0	0	0	0	0	0	0	1	0	0	1	0	1	0	0	0	0	0	0	0	0	0	0	0	0	0	0	0	0	0	0	0	0	1	0	0	0	0	0	0	0	0	0	0	0	0	0	0	0	0	0	0	0	0
2	47	10	9	2	2	1	6	2	4	0	3	6	4	0	3	3	0	0	4	6	1	0	1	1	1	2	2	0	0	1	0	2	2	0	0	0	0	1	3	0	0	1	0	1	0	0	1	0	0	1	1	0	0	0	1	0	1	0	0	0	0	0	0	0	0	0	0	0	0	0	0	0	0	0	0	0	0	0	0	0	0	0	0	0	0	0	0	0	0	0	0	0	0	0	0	0	0	0	0	0	0	0	0	0	0	0	0	0	0	0	0	0	1	0	0	0	0	0	0	0	0	0	0	0	0	0	0	1	0	0	0	0	1	0	0	0	0	0	0	0	0	1	0	0	0	0
6	126	28	11	1	4	1	17	6	3	0	18	18	2	0	3	12	0	2	7	7	3	0	1	1	3	1	2	1	0	2	0	0	1	0	0	0	0	1	0	0	0	1	0	3	0	0	0	0	2	1	0	0	0	0	0	0	1	0	0	0	0	0	2	0	0	0	0	0	1	0	0	0	0	0	0	0	1	0	0	0	0	0	1	1	0	0	0	0	0	0	1	0	0	0	0	0	0	0	0	0	0	0	1	1	0	0	0	0	0	0	1	0	0	0	0	0	0	0	0	0	0	0	0	0	0	0	0	0	0	0	0	0	0	0	0	0	0	0	0	0	0	0	0	0	0	2
4	83	14	12	0	1	1	7	1	8	0	14	6	1	0	6	3	0	0	3	5	0	0	2	3	0	1	1	2	0	1	0	4	5	0	0	0	0	1	2	0	0	1	0	0	1	0	0	0	0	0	0	0	0	0	0	0	3	0	0	0	0	0	0	1	0	0	0	0	1	0	0	0	0	0	0	0	0	0	0	0	0	0	0	0	0	0	0	0	0	0	0	0	0	0	0	1	0	0	0	0	0	0	0	0	0	1	0	1	0	0	0	0	0	0	0	0	0	0	0	0	0	0	0	0	0	0	0	0	0	0	0	0	0	0	0	0	0	0	0	0	0	0	0	0	0	0
10	181	39	17	2	5	0	26	6	13	1	21	19	3	3	6	10	0	3	3	10	1	0	3	2	2	4	1	1	0	3	0	4	4	1	2	0	2	0	3	0	0	6	1	3	1	0	3	0	2	0	0	0	0	0	1	0	5	0	0	0	0	0	1	0	1	0	0	1	1	0	0	0	0	0	0	0	1	1	0	0	0	0	1	0	0	0	1	0	1	0	1	0	0	0	0	0	0	0	0	0	0	1	0	0	0	0	0	0	0	0	1	0	0	1	0	0	0	0	0	0	0	0	0	0	0	0	0	0	0	0	0	0	0	0	0	0	0	0	1	0	0	0	0	0	0	2
1	33	9	4	0	1	0	6	1	1	1	5	5	1	0	1	1	0	0	3	1	1	0	1	1	1	1	0	0	0	0	0	1	2	0	0	0	0	0	0	0	0	1	0	0	0	0	0	0	0	0	0	0	0	0	0	0	0	0	0	0	0	0	0	0	0	0	0	0	1	0	0	0	0	0	0	0	0	0	0	1	0	0	0	0	0	0	0	0	0	0	0	0	0	0	0	0	0	0	0	1	0	0	0	0	0	0	0	0	0	0	0	1	0	0	0	0	0	0	0	0	0	0	0	0	0	0	1	0	0	0	0	0	0	0	0	0	0	0	0	0	0	0	0	0	0	0
2	36	11	9	0	2	0	8	1	4	0	5	7	0	0	3	2	0	1	4	2	0	0	3	0	0	1	0	0	0	0	0	1	4	1	0	0	0	0	0	0	0	1	0	0	0	0	0	0	0	0	1	0	0	0	0	0	1	0	0	0	0	0	1	0	0	0	0	0	1	0	0	0	0	0	0	0	0	0	0	0	0	0	0	0	0	0	0	0	0	0	0	0	0	0	0	0	0	0	0	0	0	0	0	0	0	0	0	0	0	0	0	0	0	0	0	0	0	0	0	0	0	0	0	0	0	0	0	0	0	0	0	0	0	0	0	0	0	0	0	0	0	0	0	0	0	0
6	134	42	14	0	3	1	10	4	9	0	16	16	3	1	6	19	1	1	3	3	4	0	3	0	1	6	1	2	0	2	0	4	7	1	1	2	0	0	2	0	0	4	2	1	0	1	0	0	2	0	0	0	0	0	0	0	0	0	1	0	1	0	1	0	0	0	0	0	4	0	1	0	0	0	0	0	0	0	0	0	0	0	1	0	0	0	0	0	1	0	0	0	0	0	0	0	0	0	0	1	0	0	1	0	0	0	0	0	0	0	0	0	0	0	0	0	0	0	0	1	2	1	1	0	0	0	0	0	0	0	0	0	0	0	0	0	0	0	0	0	0	0	0	0	0	0
3	43	11	3	1	1	1	4	2	3	0	1	6	1	1	2	1	1	0	3	4	0	0	1	2	0	0	0	0	0	0	0	0	1	0	0	0	1	0	1	1	0	4	0	1	0	0	1	0	0	1	0	0	0	0	0	0	0	0	0	0	0	0	0	0	0	0	0	0	0	0	0	0	0	0	0	0	0	0	0	0	0	0	0	0	0	0	0	0	0	0	0	0	0	0	0	0	0	0	0	0	0	0	0	0	0	0	0	0	0	1	0	0	0	0	0	0	0	0	0	2	0	1	0	0	0	0	0	0	0	0	0	0	0	0	0	0	0	0	0	0	0	0	0	0	0	0
0	2	1	1	0	0	0	0	0	0	0	0	1	0	0	0	0	0	0	0	0	0	0	0	0	0	0	0	0	0	0	0	0	0	0	0	0	0	0	0	0	0	0	0	0	0	0	0	0	0	0	0	0	0	0	0	0	0	0	0	0	0	0	0	0	0	0	0	0	0	0	0	0	0	0	0	0	0	0	0	0	0	0	0	0	0	0	0	0	0	0	0	0	0	0	0	0	0	0	0	0	0	0	0	0	0	0	0	0	0	0	0	0	0	0	0	0	0	0	0	0	0	0	0	0	0	0	0	0	0	0	0	0	0	0	0	0	0	0	0	0	1	0	0	0	0	0
2	51	12	6	1	0	0	5	3	1	0	5	4	2	0	3	3	1	0	0	4	0	1	0	0	0	0	0	0	0	1	0	0	2	1	0	1	0	0	0	0	0	3	0	2	0	0	2	0	0	0	0	0	0	0	0	0	1	0	0	0	0	0	1	0	0	0	1	0	0	0	0	0	0	0	0	0	0	0	0	1	0	0	0	0	0	0	0	0	0	0	0	0	0	0	0	0	0	0	0	0	0	0	0	0	0	0	0	0	0	0	0	0	0	0	0	0	0	0	0	0	0	0	0	0	0	0	0	0	0	0	0	0	0	0	0	0	0	0	0	0	0	0	0	0	0	0
0	9	2	1	0	0	0	0	0	0	0	1	3	3	0	0	0	0	0	0	2	0	0	0	0	0	0	0	0	0	0	0	0	0	0	0	0	0	0	0	0	0	1	0	0	0	0	0	0	0	0	0	0	0	0	0	0	0	0	0	0	0	0	0	0	0	0	0	0	0	0	0	0	0	0	0	0	0	0	0	0	0	0	0	0	0	0	0	0	0	0	0	0	0	0	0	0	0	0	0	0	0	0	0	0	0	0	0	0	0	0	0	0	0	0	0	0	0	0	0	0	0	0	0	0	0	0	0	0	0	0	0	0	0	0	0	0	0	0	0	0	0	0	0	0	0	0
1	59	14	6	1	3	0	3	0	6	1	2	7	1	1	3	4	0	0	2	2	2	0	1	1	1	0	0	1	0	1	0	1	5	1	0	1	0	0	1	0	0	0	0	2	0	0	0	0	0	0	0	0	0	0	0	0	1	0	0	0	0	0	1	0	0	0	0	0	0	0	0	0	0	0	0	0	0	0	0	0	0	0	0	0	0	0	0	0	0	0	0	0	0	0	0	1	0	0	0	0	0	0	0	1	0	0	0	1	0	0	1	0	0	0	0	0	0	0	0	0	0	0	0	0	0	0	0	0	0	0	1	0	0	0	0	0	0	0	0	0	0	0	0	0	0	0
0	8	6	1	0	1	0	0	1	1	0	3	1	1	0	1	0	0	0	1	0	0	0	1	1	0	0	0	0	0	3	0	1	0	1	0	0	0	0	0	0	0	2	0	1	0	0	0	0	0	0	0	0	0	0	0	0	1	0	0	0	1	0	0	0	0	0	0	0	0	0	0	0	0	0	0	0	0	0	0	0	0	0	0	0	0	0	0	0	0	0	0	0	0	0	0	0	0	0	0	0	0	0	0	0	0	0	0	0	0	0	0	0	0	0	0	0	0	0	0	0	0	0	0	0	0	0	0	0	1	0	0	0	0	0	0	0	0	0	0	0	0	0	0	0	0	1
0	21	2	3	0	1	0	2	0	2	0	3	6	0	1	2	2	0	0	1	0	1	0	0	0	0	0	0	0	0	0	0	1	0	0	0	0	0	0	0	0	0	0	0	0	0	0	0	0	0	0	1	0	0	0	0	0	0	0	0	0	0	1	1	0	0	0	0	0	1	0	0	0	0	0	0	0	0	0	0	0	0	0	0	0	0	0	0	0	1	0	0	0	0	0	0	0	0	0	0	0	0	0	0	0	0	0	0	0	0	0	0	0	0	0	0	0	0	0	0	0	0	0	0	0	0	0	0	0	0	0	0	0	0	0	0	0	0	0	0	0	0	0	0	0	0	0
0	5	0	1	0	0	0	2	0	0	0	0	1	0	0	0	1	0	0	0	1	0	0	0	0	0	0	0	0	0	0	0	0	0	0	0	0	0	0	0	0	0	1	0	1	0	0	0	0	0	0	0	0	0	0	0	0	0	0	0	0	0	0	0	0	0	0	0	0	0	0	0	0	0	0	0	0	0	0	0	0	0	0	0	0	0	0	0	0	0	0	0	0	0	0	0	0	0	0	0	0	0	0	0	0	0	0	0	0	0	0	0	0	0	0	0	0	0	0	0	0	0	0	0	0	0	0	0	0	0	0	0	0	0	0	0	0	0	0	0	0	0	0	0	0	0	0
3	48	12	2	1	1	0	2	2	3	0	7	7	1	1	5	6	0	3	3	1	0	0	0	0	1	0	1	1	1	1	0	2	2	0	0	0	0	0	1	0	0	0	1	0	0	0	1	0	0	0	0	0	0	0	0	0	0	0	0	1	0	1	0	0	0	0	0	0	0	0	1	0	0	0	0	0	0	0	0	0	0	0	0	0	0	0	0	0	0	0	0	0	0	0	0	1	0	0	0	0	0	0	0	0	0	0	0	0	0	0	1	0	0	0	0	0	0	0	0	0	0	0	0	0	0	0	0	0	0	0	0	0	0	0	0	0	0	0	0	0	0	0	0	0	0	0
1	12	3	1	1	0	0	3	0	1	0	1	0	0	0	1	2	0	0	0	1	0	0	0	1	0	0	1	0	0	0	0	0	1	1	0	0	0	0	1	0	0	0	0	0	0	0	0	0	0	0	0	0	0	0	0	0	1	0	0	0	0	0	0	0	0	0	0	0	0	0	0	0	0	0	0	0	0	0	0	0	0	0	0	0	0	0	0	0	0	0	0	0	0	0	0	0	0	0	0	0	0	0	0	0	0	0	0	0	0	0	0	0	0	0	0	0	0	0	0	0	0	0	0	0	0	0	0	0	0	0	0	0	0	0	0	0	0	0	0	0	0	0	0	0	0	0
10	205	49	27	4	8	1	19	1	10	0	24	32	5	0	11	25	0	0	5	13	1	0	4	1	1	4	0	2	1	2	0	4	4	1	0	2	1	0	3	0	0	7	1	4	0	0	1	2	0	0	1	0	0	0	0	0	3	0	1	1	0	0	1	1	0	0	1	0	1	0	0	1	0	0	0	0	3	0	1	0	0	0	0	1	0	0	0	0	2	0	1	0	0	1	0	0	0	0	1	0	0	0	0	0	0	0	0	0	0	0	0	0	2	0	0	0	0	0	0	1	1	1	0	0	0	0	1	0	0	0	0	0	0	0	0	0	0	0	0	0	0	0	0	0	0	0
3	95	23	12	1	0	1	4	0	5	0	8	14	3	1	9	11	0	0	2	4	0	0	1	1	2	3	0	0	0	1	1	2	3	0	0	1	0	0	1	0	0	1	0	0	0	0	0	0	0	0	0	0	0	0	0	0	0	0	0	0	0	0	0	0	1	0	0	0	0	0	0	0	1	0	1	0	1	0	0	0	0	0	0	0	0	0	0	0	0	0	0	0	0	0	0	0	0	0	0	0	0	0	0	0	0	0	0	1	0	0	0	0	0	0	0	0	0	0	0	0	1	0	0	0	0	0	0	0	0	0	0	0	1	0	0	0	0	0	0	0	0	0	0	0	0	0
0	4	0	0	0	0	0	1	0	1	0	2	2	0	0	0	0	0	0	0	0	0	1	0	0	0	0	0	0	0	0	0	0	0	0	0	0	0	0	1	0	0	0	0	0	0	0	0	0	0	0	0	0	0	0	0	0	0	0	0	0	0	0	0	0	0	0	0	0	0	0	0	0	0	0	0	0	0	0	0	0	0	0	0	0	0	0	0	0	0	0	0	0	0	0	0	0	0	0	0	0	0	0	0	0	0	0	0	0	0	0	0	0	0	0	0	0	0	0	0	0	0	0	0	0	0	0	0	0	0	0	0	0	0	0	0	0	0	0	0	0	0	0	0	0	0	0
0	6	0	0	0	0	0	2	0	0	0	2	3	0	0	0	0	0	0	0	0	0	0	0	0	0	0	0	1	0	0	0	0	0	0	0	0	0	0	0	0	0	0	0	0	0	0	0	0	0	0	0	0	0	0	0	0	0	0	1	0	0	0	0	0	0	0	0	0	0	0	0	0	0	0	0	0	0	0	0	0	0	0	0	0	0	0	0	0	0	0	0	0	0	0	0	0	0	0	0	0	0	0	0	0	0	0	0	0	0	0	0	0	0	0	0	0	0	0	0	0	0	0	0	0	0	0	0	0	0	0	0	0	0	0	0	0	0	0	0	0	0	0	0	0	0	0
2	76	22	13	3	3	0	11	1	1	0	5	17	0	0	7	5	0	0	0	0	3	0	1	0	4	2	0	2	0	0	0	4	3	1	0	0	0	1	3	0	0	1	0	0	0	0	0	0	0	1	0	0	0	1	0	0	0	0	0	1	0	0	1	0	0	0	0	0	0	0	1	1	0	0	0	0	0	0	0	0	0	0	0	0	0	0	0	0	0	0	0	0	0	0	0	2	0	0	0	0	0	0	0	0	1	0	0	0	0	0	0	0	0	0	0	0	0	0	0	0	1	1	0	0	0	0	0	0	0	0	0	1	0	0	0	0	0	1	0	0	0	0	0	0	0	0
7	115	33	17	1	3	0	14	1	10	0	20	25	1	3	7	9	0	0	5	5	2	0	1	0	1	6	1	1	0	1	1	3	4	4	1	0	0	1	2	0	0	2	1	3	0	0	0	1	0	0	1	0	0	1	0	0	3	0	0	0	0	1	1	0	0	0	0	0	1	0	0	0	0	0	0	0	0	0	0	0	0	0	0	0	0	0	0	0	1	0	1	0	0	0	0	0	0	0	0	0	0	0	0	0	0	2	1	0	0	0	0	0	0	0	0	0	0	0	0	0	0	0	0	0	0	0	1	0	0	0	0	0	0	0	0	0	0	0	1	0	0	0	0	0	0	0
1	10	3	3	1	1	0	0	0	0	0	1	3	0	0	0	2	0	0	0	3	1	0	0	0	0	0	0	0	1	0	0	0	0	0	0	0	0	0	0	0	0	0	0	0	0	0	0	0	0	0	0	0	0	0	0	0	0	1	0	0	0	0	0	0	0	0	0	0	0	0	0	0	0	0	0	0	0	0	0	0	0	0	0	0	0	0	0	0	0	0	0	0	0	0	0	0	0	0	0	0	0	0	0	0	0	0	0	0	0	0	0	0	0	0	0	0	0	0	0	0	0	0	0	0	0	0	0	0	0	0	0	0	0	0	0	0	0	0	0	0	0	0	0	0	0	0
5	150	31	11	3	5	2	21	4	6	0	10	19	7	0	3	13	0	1	2	10	3	0	4	2	0	2	1	0	1	1	0	4	5	1	0	0	0	3	2	0	0	4	0	3	0	0	3	0	0	0	2	0	0	1	0	0	0	0	0	1	1	0	2	0	0	0	0	0	0	0	1	0	0	0	0	0	0	0	0	0	0	0	0	0	0	0	0	0	0	0	0	0	0	0	0	1	0	0	0	1	0	0	1	0	0	0	0	0	0	0	0	0	0	0	1	0	0	0	0	0	0	0	0	0	1	0	0	0	0	0	0	0	0	0	0	0	0	0	0	0	0	0	0	0	0	1
1	43	6	3	1	1	0	3	0	1	0	2	7	1	0	4	7	0	2	0	4	0	0	0	0	0	1	0	1	0	2	0	2	4	0	0	0	0	0	2	0	0	3	0	2	0	0	1	0	0	0	0	0	0	0	0	0	0	0	0	0	0	0	0	0	0	0	0	0	0	0	1	0	0	0	0	0	1	0	0	0	0	0	0	0	0	0	0	0	1	1	0	0	0	0	0	0	0	0	0	0	0	0	0	0	0	0	0	0	0	0	0	0	0	0	0	0	0	0	0	1	0	0	0	0	0	0	0	0	0	0	0	0	0	0	0	0	0	0	0	0	0	0	0	0	0	0
9	144	33	15	2	1	1	18	2	8	0	9	27	1	0	9	14	1	0	14	4	4	0	2	2	0	3	0	1	0	2	1	6	4	2	0	0	1	0	2	0	0	6	1	1	0	0	1	0	3	0	2	0	0	0	1	1	2	0	0	0	0	0	0	0	0	0	0	0	0	0	1	0	0	1	0	0	0	0	0	0	0	0	0	0	0	1	0	0	1	0	0	0	0	0	0	2	0	0	0	0	0	0	0	0	0	0	0	0	0	0	1	0	0	0	1	0	0	0	0	1	0	0	0	0	0	0	0	1	0	0	0	0	1	0	0	0	0	0	0	0	0	0	0	0	0	0
0	1	1	0	0	0	0	0	0	0	0	0	0	0	0	0	0	0	0	1	0	0	0	0	0	0	0	0	0	0	0	0	1	0	0	0	0	0	1	0	0	0	1	0	0	0	0	0	0	0	0	0	0	0	0	0	0	0	0	0	0	0	0	0	0	0	0	0	0	0	0	0	0	0	0	0	0	0	0	0	0	0	0	0	0	0	0	0	0	0	0	0	0	0	0	0	0	0	0	0	0	0	0	0	0	0	0	0	0	0	0	0	0	0	0	0	0	0	0	0	0	0	0	0	0	0	0	0	0	0	0	0	0	0	0	0	0	0	0	0	0	0	0	0	0	0	0
0	7	3	0	0	0	0	1	0	0	0	0	1	0	0	1	0	0	0	0	1	0	0	1	0	0	0	0	0	0	0	0	1	0	0	0	0	0	1	0	0	0	0	0	0	0	0	0	0	0	0	0	0	0	0	0	0	0	0	0	0	0	0	0	0	0	0	0	0	0	0	0	0	0	0	0	0	0	0	0	0	0	0	0	0	0	0	0	0	0	0	0	0	0	0	0	0	0	0	0	0	0	0	0	0	0	0	0	0	0	0	0	0	0	0	0	0	0	0	0	0	0	0	0	0	0	0	0	0	0	0	0	0	0	0	0	0	0	0	0	0	0	0	0	0	0	0
2	67	12	4	1	4	0	10	2	3	0	6	12	0	1	2	5	0	1	2	2	0	0	1	2	0	2	3	0	0	2	0	1	4	0	0	1	0	0	0	0	0	0	0	0	0	0	0	1	2	0	0	0	0	0	0	0	2	0	0	0	0	1	0	0	0	0	0	0	1	0	0	0	0	0	0	0	0	0	0	0	0	0	0	0	0	0	0	0	1	1	0	0	0	0	0	1	0	0	0	1	0	0	0	0	0	0	0	0	0	0	0	0	1	0	0	0	0	0	0	0	0	0	0	0	0	0	0	0	0	0	0	0	0	0	0	0	0	0	1	0	0	0	0	0	0	0
4	25	3	4	0	1	0	2	1	1	0	1	5	1	0	2	2	0	0	0	0	0	0	0	0	0	0	0	1	0	0	0	0	1	0	1	0	0	0	0	0	0	1	0	0	0	0	0	0	0	1	1	0	0	0	0	0	1	0	0	0	0	0	0	0	0	0	0	0	0	0	0	0	0	0	0	0	0	0	0	0	0	0	0	0	0	0	0	0	0	0	1	0	0	0	0	0	0	0	0	0	0	0	0	0	0	0	0	0	0	0	0	0	0	0	0	0	0	0	0	0	0	0	0	0	0	0	0	0	0	0	0	0	0	0	0	0	0	0	0	0	0	0	0	0	0	0
1	31	2	3	0	1	0	1	0	0	0	1	2	1	1	1	1	0	0	0	1	1	0	1	0	0	1	1	0	0	0	0	0	0	1	0	0	0	0	0	0	0	2	0	1	0	0	0	0	0	0	1	0	1	0	0	0	0	0	0	0	0	1	0	0	0	0	0	0	0	0	0	0	0	0	0	0	0	0	0	0	0	0	1	0	0	0	0	0	0	0	0	0	0	0	0	0	0	0	0	2	0	0	0	0	0	0	0	0	0	0	0	0	0	0	0	0	0	0	0	0	0	0	0	0	0	0	0	0	0	0	0	0	0	0	0	0	0	0	0	0	0	0	0	0	0	0
2	44	4	5	0	0	0	4	0	5	0	7	4	0	0	3	3	0	1	0	2	0	0	0	0	0	1	0	0	0	2	0	0	0	0	0	0	0	0	0	0	0	0	0	0	0	0	0	0	1	0	1	0	0	0	0	0	1	0	0	0	0	0	0	0	0	0	0	0	1	0	1	0	0	0	0	0	0	0	0	0	0	0	0	0	0	0	0	0	0	0	0	0	0	0	0	0	0	0	0	0	0	0	0	0	0	0	0	0	0	0	0	0	0	0	0	0	0	0	0	0	0	0	0	0	0	0	0	0	0	0	0	0	0	0	0	0	0	0	0	0	0	0	0	0	0	0
1	11	2	0	0	0	0	0	2	0	0	1	0	2	0	0	2	0	0	0	2	0	0	0	0	0	0	0	0	0	0	0	0	1	0	0	0	0	0	0	0	0	2	0	0	0	0	0	0	0	0	0	0	0	0	0	0	0	0	0	0	0	0	1	0	0	0	0	0	0	0	0	0	0	0	0	0	0	0	0	0	0	0	0	0	0	0	0	0	0	0	0	0	0	0	0	0	0	0	0	0	0	0	0	0	0	1	0	0	0	0	0	0	0	0	0	0	0	0	0	0	0	0	0	0	0	0	0	0	0	0	0	0	0	0	0	0	0	0	0	0	0	0	0	0	0	0
1	13	3	0	0	1	0	1	0	2	0	2	2	0	0	1	0	0	0	0	1	0	0	0	0	0	2	0	0	0	0	0	0	2	0	0	0	1	0	0	0	0	0	0	0	0	0	0	0	0	0	0	0	0	0	0	0	0	0	0	0	0	0	0	0	0	0	0	0	0	0	0	0	0	0	0	0	0	0	0	0	0	0	0	0	0	0	0	0	0	0	0	0	0	0	0	0	0	0	0	0	0	0	0	0	0	0	0	0	0	0	0	0	0	0	0	0	0	0	0	0	0	0	0	0	0	0	0	0	0	0	0	0	0	0	0	0	0	0	0	0	0	0	0	0	0	0
3	51	15	4	0	2	1	6	2	1	0	6	7	1	0	4	6	0	0	1	2	0	0	0	0	1	0	0	1	0	0	0	1	4	0	0	0	0	0	0	0	0	5	0	1	0	0	0	0	0	0	2	0	0	0	0	0	2	0	0	0	0	0	0	0	0	0	0	0	0	0	0	1	0	0	0	0	0	0	0	0	0	0	0	0	0	0	0	0	1	0	0	0	0	0	0	0	0	0	0	0	0	0	0	0	1	0	0	0	0	0	0	0	0	0	0	0	0	0	0	0	0	0	0	0	0	0	0	0	0	0	0	0	0	0	0	0	0	0	0	0	0	0	0	0	0	0
0	2	1	0	0	0	0	0	0	1	0	0	1	0	0	0	0	0	0	0	0	0	0	0	0	0	0	0	0	0	0	0	0	0	0	0	0	0	0	0	0	0	0	0	0	0	0	0	0	0	0	0	0	0	0	0	0	0	0	0	0	0	0	0	0	0	0	0	0	0	0	0	0	0	0	0	0	0	0	0	0	0	0	0	0	0	0	0	0	0	0	0	0	0	0	0	0	0	0	0	0	0	0	0	0	0	0	0	0	0	0	0	0	0	0	0	0	0	0	0	0	0	0	0	0	0	0	0	0	0	0	0	0	0	0	0	0	0	0	0	0	0	0	0	0	0	0
3	53	15	5	0	1	1	2	0	4	0	5	5	2	0	1	5	0	0	1	0	1	0	0	0	0	0	2	0	0	0	0	0	3	0	0	1	0	0	1	0	0	0	1	2	0	0	0	1	0	0	0	0	0	0	0	0	1	0	0	0	0	0	1	0	0	0	0	0	0	0	0	0	0	0	0	0	0	0	0	0	0	0	0	0	0	0	0	0	0	0	0	0	0	0	0	0	0	0	0	0	0	0	1	0	0	0	0	0	0	0	0	0	0	0	0	0	0	0	0	0	0	0	0	0	0	0	0	0	0	0	0	0	0	0	0	0	0	0	0	0	0	0	0	0	0	0
1	13	4	1	0	0	0	0	0	0	0	3	2	0	0	1	0	0	0	3	0	0	0	0	1	0	0	1	0	0	1	0	0	2	0	0	0	0	0	1	0	0	1	0	0	0	0	0	0	0	0	0	0	0	0	0	0	1	0	0	0	0	0	0	0	0	0	0	0	1	0	1	0	0	0	0	0	0	0	0	0	0	0	0	0	0	0	0	0	0	0	0	0	0	0	0	0	0	0	0	0	0	0	0	0	0	0	0	0	0	0	0	0	0	0	0	0	0	0	0	0	0	0	0	0	0	0	0	0	0	0	0	0	0	0	0	0	0	0	0	0	0	0	0	0	0	0
0	0	1	1	0	0	0	0	0	1	0	0	1	0	0	0	0	0	0	0	0	0	0	0	0	0	0	0	0	0	0	0	0	0	0	0	0	0	0	0	0	0	0	0	0	0	0	0	0	0	0	0	0	0	0	0	0	0	0	0	0	0	0	0	0	0	0	0	0	0	0	0	0	0	0	0	0	0	0	0	0	0	0	0	0	0	0	0	0	0	0	0	0	0	0	0	0	0	0	0	0	0	0	0	0	0	0	0	0	0	0	0	0	0	0	0	0	0	0	0	0	0	0	0	0	0	0	0	0	0	0	0	0	0	0	0	0	0	0	0	0	0	0	0	0	0	0
2	49	5	7	0	1	0	4	1	4	1	2	4	1	0	0	2	1	1	1	1	0	0	1	1	0	2	0	0	0	0	1	0	1	1	0	0	0	0	0	0	0	0	1	0	0	1	0	0	1	0	0	0	0	0	0	0	1	0	0	0	0	0	0	0	1	0	0	0	0	0	0	0	0	0	0	0	0	0	0	0	0	0	0	0	0	0	1	0	0	0	0	0	0	0	0	0	0	0	0	0	0	0	0	0	0	1	0	0	0	0	0	1	0	0	0	0	0	0	0	0	0	0	0	0	0	0	0	0	0	0	0	0	0	0	0	0	0	0	0	0	0	0	0	0	0	0
0	10	6	1	0	0	0	2	0	2	0	2	2	0	0	0	0	0	0	0	0	1	0	0	0	0	0	0	0	0	0	0	0	0	0	0	0	0	0	0	0	0	0	0	0	0	0	0	0	0	0	0	0	0	0	0	0	0	0	0	0	0	0	0	0	0	0	0	0	0	0	0	0	0	0	0	0	0	0	0	0	0	0	0	0	0	0	0	0	0	0	0	0	0	0	0	0	0	0	0	0	0	0	0	0	0	0	0	0	0	0	0	0	0	0	0	0	0	0	0	0	0	0	0	0	0	0	0	1	0	0	0	0	0	0	0	0	0	0	0	0	0	0	0	0	0	0
0	7	1	0	0	0	0	1	0	1	0	2	0	0	0	2	0	0	0	1	1	0	0	0	0	0	0	0	0	0	1	0	0	0	0	0	0	0	0	0	0	0	0	0	0	0	0	0	0	0	0	0	0	0	0	0	0	0	0	0	0	0	0	0	0	0	0	0	0	0	0	0	0	0	0	0	0	0	0	0	0	0	0	0	0	0	0	0	0	0	0	0	0	0	0	0	0	0	0	0	0	0	0	0	0	0	0	0	0	0	0	0	0	0	0	0	0	0	0	0	0	0	0	0	0	0	0	0	0	0	0	0	0	0	0	0	0	0	0	0	0	0	0	0	0	0	0
0	5	0	1	1	0	0	0	0	0	0	0	3	0	0	0	1	0	0	0	0	0	0	0	0	0	0	0	0	0	0	0	0	0	0	0	0	0	0	0	0	0	0	0	0	0	0	0	0	0	0	0	0	0	0	0	0	0	0	0	0	0	0	0	0	0	0	0	0	0	0	0	0	0	0	0	0	0	0	0	0	0	0	0	0	0	0	0	0	0	0	0	0	0	0	0	0	0	0	0	0	0	0	0	0	0	0	0	0	0	0	0	0	0	0	0	0	0	0	0	0	0	0	0	0	0	0	0	0	0	0	0	0	0	0	0	0	0	0	0	0	0	0	0	0	0	0
0	9	2	6	0	0	1	1	0	1	0	2	1	0	0	1	1	0	0	0	2	0	0	0	0	0	1	0	1	0	0	0	0	0	0	0	0	0	0	0	0	0	0	0	1	0	0	0	0	0	0	1	0	0	0	0	0	1	0	0	0	0	0	1	0	0	0	0	0	0	0	0	0	0	0	0	0	0	0	0	0	0	0	0	0	0	0	0	0	0	0	0	0	0	0	0	0	0	0	0	0	0	0	0	0	0	0	0	0	0	0	0	0	0	0	0	0	0	0	0	0	0	0	0	0	0	0	0	0	0	0	0	0	0	0	0	0	0	0	0	0	0	0	0	0	0	0
1	54	14	9	1	1	0	12	2	2	0	5	12	2	0	2	5	1	0	1	3	2	0	2	1	0	0	0	0	0	1	0	2	4	0	0	0	0	0	0	0	0	3	0	1	1	0	0	0	0	0	0	0	0	0	0	0	3	0	0	0	0	0	0	0	1	0	0	0	0	0	0	0	0	0	0	0	1	0	0	0	0	0	0	0	0	0	0	0	0	0	1	0	0	0	0	0	0	0	0	0	0	0	0	1	0	0	0	0	0	0	0	0	0	0	0	0	0	0	0	0	0	0	0	0	0	0	0	0	0	0	0	0	0	0	0	0	0	0	0	0	0	0	0	0	0	0
1	25	4	3	0	0	0	2	0	1	0	3	5	0	1	0	1	0	0	0	1	1	0	2	0	0	0	1	0	0	0	0	0	1	0	0	2	0	0	0	0	0	0	0	2	0	0	0	0	0	0	0	0	0	0	0	0	0	0	0	0	0	0	0	0	0	0	0	0	0	0	0	0	0	0	0	0	0	0	0	0	0	0	0	0	0	0	0	0	1	0	0	0	0	0	0	0	0	0	0	0	0	0	0	0	0	0	0	0	0	0	0	0	1	0	0	0	0	0	0	0	0	0	0	0	0	0	0	0	0	0	0	0	0	0	0	0	0	0	0	0	0	0	0	0	0	0
1	9	0	1	1	0	0	0	0	0	0	0	2	0	0	1	1	0	0	0	1	0	0	0	0	0	0	0	0	0	0	0	0	1	0	0	0	0	0	0	0	0	0	0	0	0	0	0	0	0	0	0	0	0	0	0	0	0	0	0	0	0	0	0	0	0	0	0	0	0	0	0	0	0	0	0	0	0	0	0	0	0	0	0	0	0	0	0	0	0	0	0	0	1	0	0	0	0	0	0	0	0	0	0	0	0	0	0	0	0	0	0	0	0	0	0	0	0	0	0	0	0	0	0	0	0	0	0	0	0	0	0	0	0	0	0	0	0	0	0	0	0	0	0	0	0	0
0	10	3	0	0	0	0	1	0	0	0	0	1	1	0	0	1	0	0	1	0	0	0	0	0	0	0	0	0	0	0	0	0	0	0	0	0	0	0	0	0	0	0	0	0	0	0	0	0	0	0	0	0	0	0	0	0	0	0	0	0	0	0	0	0	0	0	0	0	0	0	0	0	0	0	0	0	0	0	0	0	0	0	0	0	0	0	0	0	0	0	0	0	0	0	0	0	0	0	0	0	0	0	0	0	0	0	0	0	0	0	0	0	0	0	0	0	0	0	0	0	0	0	0	0	0	0	0	0	0	0	0	0	0	0	0	0	0	0	0	0	0	0	0	0	0	0
2	42	9	4	0	1	1	2	0	1	0	4	3	0	1	3	4	0	0	3	2	0	0	2	0	0	2	1	0	0	1	0	1	0	0	1	1	0	1	0	0	0	0	0	0	0	0	0	0	1	0	0	0	0	0	0	0	0	0	0	0	0	0	0	0	0	0	0	0	0	0	0	0	0	1	0	0	0	0	0	0	0	0	0	0	0	0	0	0	0	0	0	0	0	0	0	0	0	0	0	0	0	0	0	0	0	0	0	0	0	0	0	0	0	0	0	0	0	0	0	0	0	0	0	0	0	0	0	0	0	0	0	0	0	0	0	0	0	1	0	0	0	0	0	0	0	1
0	5	1	1	0	1	0	0	0	0	0	0	0	0	0	1	0	0	0	0	0	0	0	0	0	0	0	0	0	0	0	0	0	0	0	0	0	0	0	0	0	0	0	0	0	0	0	0	0	0	0	0	0	0	0	0	0	0	0	0	0	0	0	0	0	0	0	0	0	0	0	0	0	0	0	0	0	0	0	0	0	0	0	0	0	0	0	0	0	0	0	0	0	0	0	0	0	0	0	0	0	0	0	0	0	0	0	0	1	0	0	0	0	0	0	0	0	0	0	0	0	0	0	0	0	0	0	0	0	0	0	0	0	0	0	0	0	0	0	0	0	0	0	0	0	0	0
2	24	4	2	0	1	1	0	1	0	0	3	1	1	0	0	3	0	1	1	2	2	0	0	1	0	0	0	0	0	1	0	0	0	1	0	0	0	0	1	0	0	0	0	0	0	0	0	0	0	0	0	0	0	0	0	0	1	0	0	0	0	0	0	0	0	0	0	0	0	0	0	0	0	0	0	0	0	0	0	0	0	0	0	0	0	0	0	0	0	0	0	0	0	0	0	0	0	0	0	0	0	0	0	0	0	0	0	0	0	0	0	0	0	0	0	0	0	0	0	0	1	0	0	0	0	0	0	0	0	0	0	0	0	0	0	0	0	0	0	0	0	0	0	0	0	0
1	17	4	0	0	0	0	1	0	0	0	2	3	0	0	2	1	0	0	0	0	1	0	0	0	0	0	0	0	0	0	0	0	0	0	0	0	0	0	0	0	0	0	0	0	0	1	0	0	0	0	0	0	0	0	0	0	1	0	0	0	0	0	0	0	0	0	0	0	0	0	0	0	0	0	0	0	0	0	0	0	0	0	0	0	0	0	0	0	0	0	0	0	0	0	0	0	0	0	1	0	0	0	0	0	0	0	0	0	0	0	0	0	0	0	0	0	0	0	0	0	0	0	0	0	0	0	0	0	0	0	0	0	0	0	0	0	0	0	0	0	0	0	0	0	0	0
2	17	10	4	0	0	0	4	1	5	0	4	5	2	0	2	1	0	2	0	0	1	0	0	0	0	0	0	0	0	0	0	0	1	0	0	0	0	0	0	0	0	0	0	0	1	0	1	1	0	0	0	0	0	0	0	0	0	0	0	0	0	0	0	0	0	0	0	0	0	0	1	0	0	0	0	0	0	0	0	0	0	0	0	0	0	0	0	0	0	0	0	0	0	0	0	0	0	0	0	0	0	0	0	0	0	0	0	0	0	0	0	0	0	0	0	0	0	0	0	0	0	0	0	0	0	0	0	0	0	0	0	0	0	0	0	0	0	0	0	0	0	0	0	0	0	0
0	10	1	1	0	0	0	0	0	0	0	0	1	0	0	0	0	0	0	0	0	0	0	0	0	0	0	0	0	0	0	0	0	0	0	0	0	0	0	1	0	0	1	0	0	0	0	0	0	0	0	0	0	0	0	0	0	1	0	0	0	0	0	0	0	0	0	0	0	0	0	0	0	0	0	0	0	0	0	0	0	0	0	0	0	0	0	0	0	0	0	0	0	0	0	0	0	0	0	0	0	0	0	0	0	0	0	0	0	0	0	0	0	0	0	0	0	0	0	0	0	0	0	0	0	0	0	0	0	0	0	0	0	0	0	0	0	0	0	0	0	0	0	0	0	0	0
0	7	4	0	0	0	0	0	0	0	0	1	1	0	0	0	0	0	0	0	0	0	0	0	0	0	1	0	0	0	0	0	0	0	0	0	0	0	0	0	0	0	0	0	0	0	0	0	0	0	0	0	0	0	0	0	0	1	0	0	0	0	0	0	0	0	0	0	0	0	0	0	0	0	0	0	0	0	0	0	0	0	0	0	0	0	0	0	0	0	0	0	0	0	0	0	0	0	0	0	0	0	0	0	0	0	0	0	0	0	0	0	0	0	0	0	0	0	0	0	0	0	0	0	0	0	0	0	0	0	0	0	0	0	0	0	0	0	0	0	0	0	0	0	0	0	0
2	29	6	2	0	0	0	3	0	0	0	0	2	2	0	1	2	0	0	2	1	1	0	0	2	0	3	0	0	0	0	0	0	0	0	0	0	0	0	0	0	0	1	0	0	0	0	0	0	0	1	0	0	0	0	0	0	0	0	0	0	0	0	0	0	0	0	0	0	0	0	1	0	0	0	0	0	0	0	0	0	0	0	0	0	0	0	0	0	0	0	0	0	0	0	0	0	0	0	0	0	0	0	0	0	0	0	0	0	0	0	0	0	0	0	0	0	1	0	0	0	0	0	0	0	0	0	0	0	0	0	0	0	0	0	0	0	0	0	0	0	0	0	0	0	0	0
0	14	4	2	0	0	0	2	0	3	0	3	6	0	0	0	1	0	0	1	1	0	0	0	0	0	0	0	0	0	1	0	1	0	0	0	0	0	0	0	0	0	0	0	0	0	0	0	0	0	0	0	0	0	0	0	0	0	0	0	0	0	0	0	0	0	0	0	0	0	0	0	0	0	0	0	0	0	0	0	0	0	0	0	0	0	0	0	0	0	0	0	0	0	0	0	0	0	0	0	0	0	0	0	0	0	0	0	0	0	0	0	0	0	0	0	0	0	0	0	1	0	0	0	0	0	0	0	0	0	0	0	0	0	0	0	0	0	0	0	0	0	0	0	0	0	0
0	1	0	0	0	0	0	0	0	0	0	0	0	0	0	0	0	0	0	0	0	0	0	0	0	0	0	0	0	0	0	0	0	0	0	0	0	0	0	0	0	0	0	0	0	0	0	0	0	0	0	0	0	0	0	0	0	0	0	0	0	0	0	0	0	0	0	0	0	0	0	0	0	0	0	0	0	0	0	0	0	0	0	0	0	0	0	0	0	0	0	0	0	0	0	0	0	0	0	0	0	0	0	0	0	0	0	0	0	0	0	0	0	0	0	0	0	0	0	0	0	0	0	0	0	0	0	0	0	0	0	0	0	0	0	0	0	0	0	0	0	0	0	0	0	0	0
0	9	2	0	0	0	0	1	0	1	0	2	0	0	0	0	2	0	0	0	0	1	0	0	0	1	0	0	1	0	0	0	1	0	0	0	0	0	0	0	0	0	0	0	0	0	0	0	0	0	0	0	0	0	0	0	0	1	0	0	0	0	0	1	0	0	0	0	0	0	0	0	0	0	0	0	0	0	0	0	0	0	0	0	0	0	0	0	0	0	0	0	0	0	0	0	0	0	0	0	0	0	0	0	0	0	0	0	0	0	0	0	0	0	0	0	0	0	0	0	2	0	0	0	0	0	0	0	0	0	0	0	0	0	0	0	0	0	0	0	0	0	0	0	0	0	0
0	25	6	2	0	0	0	1	0	1	0	0	2	1	0	2	1	0	0	1	1	0	0	0	0	0	1	0	0	0	1	0	1	1	0	0	1	0	0	0	0	0	0	0	0	0	0	0	0	0	0	0	0	0	0	0	0	0	0	0	0	0	0	0	0	0	0	0	0	0	0	0	0	0	0	0	0	0	0	0	0	0	0	0	0	0	0	1	0	0	0	0	0	0	0	0	0	0	0	0	0	0	0	0	0	0	0	0	0	0	0	0	0	0	0	0	0	0	0	0	0	0	0	0	0	0	0	0	0	0	0	0	0	0	0	0	0	0	0	0	0	0	0	0	0	0	0
0	0	1	0	0	0	0	1	0	0	0	0	0	0	0	0	0	0	0	0	1	0	0	0	0	0	0	0	0	0	0	0	0	0	0	0	0	0	0	0	0	0	0	0	0	0	0	0	0	0	0	0	0	0	0	0	0	0	0	0	0	0	0	0	0	0	0	0	0	0	0	0	0	0	0	0	0	0	0	0	0	0	0	0	0	0	0	0	0	0	0	0	0	0	0	0	0	0	0	0	0	0	0	0	0	0	0	0	0	0	0	0	0	0	0	0	0	0	0	0	0	0	0	0	0	0	0	0	0	0	0	0	0	0	0	0	0	0	0	0	0	0	0	0	0	0	0
1	44	6	4	0	1	0	2	1	1	0	5	8	0	0	3	3	0	0	1	1	0	0	1	1	0	0	0	0	0	1	0	0	0	1	0	0	1	0	0	0	0	0	0	0	0	0	0	0	0	0	0	0	0	0	0	0	1	0	0	0	0	0	0	0	0	0	0	0	0	0	0	0	0	0	0	0	0	0	0	0	0	0	0	0	0	0	0	0	0	0	0	0	0	0	0	0	0	0	0	0	0	0	0	0	0	0	0	0	0	0	0	0	1	0	0	0	0	0	0	0	0	0	0	0	0	0	0	0	0	0	0	0	0	0	0	0	0	0	0	0	0	0	0	0	0	0
0	14	2	1	0	0	0	0	0	2	0	0	0	0	0	1	0	0	0	0	1	0	0	0	0	1	0	0	0	0	0	0	1	0	0	0	0	0	0	0	0	0	0	0	0	0	0	0	0	0	0	0	0	0	0	0	0	0	0	0	0	0	0	0	0	0	0	0	0	0	0	0	0	0	0	0	0	0	0	0	0	0	0	1	0	0	0	0	0	0	0	0	0	0	0	0	0	0	0	0	0	0	0	0	0	0	0	0	0	0	0	0	0	0	0	0	0	0	0	0	0	0	0	0	0	0	0	0	0	0	0	0	0	0	0	0	0	0	0	0	0	0	0	0	0	0	0
3	36	8	7	1	1	0	1	1	3	0	3	3	0	1	6	0	0	0	1	1	0	0	0	0	0	1	0	1	0	0	1	0	0	0	0	0	0	0	0	1	0	1	0	0	0	0	0	0	0	0	0	0	0	0	0	0	2	0	0	0	0	0	0	0	0	0	0	0	0	0	0	0	0	0	0	0	0	0	0	0	0	0	0	0	0	0	0	0	0	0	0	0	0	0	0	0	0	0	0	0	0	0	0	0	0	0	0	1	0	0	0	0	0	0	0	0	0	0	0	0	0	0	0	0	0	0	0	1	1	0	0	0	0	0	0	0	0	0	0	0	0	0	0	0	0	1
0	7	2	0	0	0	0	1	0	0	0	2	1	0	0	1	0	0	0	2	0	0	0	0	0	0	0	0	0	0	0	0	0	0	0	0	0	0	0	0	0	0	0	0	0	0	0	0	0	0	0	0	0	0	0	0	0	0	0	0	0	0	0	1	0	0	0	0	0	0	0	0	0	0	0	0	0	0	0	0	0	0	0	0	0	0	0	0	0	0	0	0	0	0	0	0	1	0	0	0	0	0	0	0	0	0	0	0	0	0	0	0	0	0	0	0	0	0	0	0	0	0	0	0	0	0	0	0	0	0	0	0	0	0	0	0	0	0	0	0	0	0	0	0	0	0	0
2	5	0	1	0	0	0	0	0	0	0	0	0	0	0	0	0	0	1	0	1	0	0	0	0	0	0	0	0	0	0	0	0	0	0	0	0	0	0	0	0	0	0	0	0	0	0	0	0	0	0	0	0	0	0	0	0	0	0	0	0	0	0	0	0	0	0	0	0	1	0	0	0	0	0	0	0	0	0	0	0	0	0	0	0	0	0	0	0	0	0	0	0	0	0	0	0	0	0	0	0	0	0	0	0	0	0	0	0	0	0	0	0	0	0	0	0	0	0	0	0	0	0	0	0	0	0	0	0	0	0	0	0	0	0	0	0	0	0	0	0	0	0	0	0	0	0
0	1	1	1	0	0	0	1	0	2	0	0	0	0	0	0	0	0	0	0	1	0	0	0	0	0	0	0	0	0	0	0	0	0	0	0	0	0	0	0	0	0	0	0	0	0	0	0	0	1	1	0	0	0	0	0	0	0	0	0	0	0	0	0	0	0	0	0	0	0	0	0	0	0	0	0	0	0	0	0	0	0	0	0	0	0	0	0	0	0	0	0	0	0	0	0	0	0	0	0	0	0	0	0	0	0	0	0	0	0	0	0	0	0	0	0	0	0	0	0	0	0	0	0	0	0	0	0	0	0	0	0	0	0	0	0	0	0	0	0	0	0	0	0	0	0	0
0	16	3	2	0	0	1	0	0	0	0	0	2	1	0	1	1	0	0	0	1	0	0	0	0	0	0	0	0	0	1	0	0	0	0	0	0	0	0	0	0	0	2	0	0	0	0	0	0	2	0	0	0	0	0	0	0	0	0	0	0	0	0	0	0	0	0	0	0	0	0	0	0	0	0	0	0	0	0	0	0	0	0	0	0	0	0	0	0	0	0	0	0	0	0	0	0	0	1	1	0	0	0	0	0	0	0	0	0	0	0	0	0	0	0	0	0	0	0	0	0	0	0	0	0	0	0	0	0	0	0	0	0	0	0	0	0	0	0	0	0	0	0	0	0	0	0
0	21	3	2	0	0	0	4	1	2	0	2	3	1	0	0	3	0	0	0	3	0	0	0	0	0	0	0	1	0	0	0	1	1	0	0	0	0	0	0	0	0	1	0	1	0	0	0	0	0	0	0	0	0	0	0	0	0	0	0	0	0	0	0	0	0	0	0	0	0	0	0	0	0	0	0	0	0	0	0	0	0	0	0	0	0	0	0	0	0	0	0	0	0	0	0	0	0	0	0	0	0	0	1	0	0	0	0	0	0	0	0	0	0	0	0	0	0	0	0	0	0	0	0	0	0	0	0	0	0	0	0	0	0	0	0	0	0	0	0	0	0	0	0	0	0	0
3	37	14	3	1	0	0	4	1	2	0	3	4	1	0	1	7	0	0	2	3	0	0	0	1	0	0	0	0	0	0	0	1	1	0	0	0	0	0	0	0	0	0	0	1	0	0	0	0	1	0	1	0	0	0	0	0	2	0	0	0	0	0	0	0	0	0	0	0	0	0	0	0	0	0	0	0	0	0	0	0	0	0	0	0	0	0	0	1	1	0	0	0	0	0	0	0	1	0	0	0	0	0	0	0	0	0	0	0	0	0	0	0	0	0	0	0	0	0	0	0	0	0	0	0	0	0	0	0	0	0	0	0	0	0	0	0	0	0	0	0	0	0	0	0	0	0
3	9	1	3	1	3	2	2	1	0	1	2	3	0	0	3	0	0	0	0	2	0	0	0	0	0	0	0	1	0	0	0	0	2	0	0	0	0	0	0	0	0	0	0	0	0	0	0	0	0	0	1	0	0	0	0	0	0	0	0	0	0	0	0	0	0	0	0	0	0	0	0	0	0	0	0	0	0	0	0	0	0	0	0	0	1	0	0	0	1	0	0	0	0	0	0	0	0	0	0	0	0	0	0	0	0	0	0	0	0	0	0	0	1	0	0	0	0	0	0	0	0	0	0	0	0	0	0	0	0	0	0	0	0	0	0	0	0	0	0	0	0	0	0	0	0	0
0	10	4	2	0	1	0	2	0	0	0	0	2	0	0	4	0	0	0	0	2	1	0	1	0	0	0	1	0	0	0	0	0	0	0	0	1	0	0	0	0	0	0	0	0	0	0	0	0	0	0	0	0	0	0	0	0	0	0	0	0	0	0	0	0	0	0	0	0	0	0	0	0	0	0	0	0	0	0	0	0	0	0	0	0	0	0	0	0	0	0	0	0	0	0	0	0	0	0	0	0	0	0	0	0	0	0	0	0	0	0	1	0	0	0	0	0	0	0	0	0	0	0	0	0	0	0	0	0	0	0	0	0	0	0	0	0	0	0	0	0	0	0	0	0	0	0
2	48	7	4	0	2	0	6	2	3	0	7	4	2	0	5	5	0	0	0	2	0	0	0	0	0	0	1	0	1	2	0	0	3	0	0	0	1	0	0	0	0	0	0	1	1	0	0	0	0	0	0	0	0	0	0	0	1	0	0	0	0	0	0	0	0	0	0	0	1	0	1	0	0	0	0	0	0	0	0	0	0	0	0	1	0	0	0	0	0	0	0	0	0	0	0	0	0	0	0	0	0	0	0	0	0	0	0	0	0	0	0	1	0	0	0	0	0	0	0	0	0	0	0	0	0	0	1	0	0	0	0	0	0	0	0	0	0	0	0	0	0	0	0	0	0	0
0	5	4	1	0	1	0	0	0	0	0	2	1	0	0	0	1	0	0	0	1	0	0	0	0	0	0	0	0	0	0	0	0	1	1	0	0	0	0	0	0	0	0	0	1	0	1	0	0	0	0	0	0	0	0	0	0	0	0	0	0	0	0	1	0	0	0	0	0	0	0	0	0	0	0	0	0	0	0	0	0	0	0	0	0	0	0	0	0	0	0	0	0	0	0	0	0	0	0	0	0	0	0	0	0	0	0	0	0	0	0	0	0	0	0	0	0	0	0	0	0	0	0	0	0	0	0	0	0	0	0	0	0	0	0	0	0	0	0	0	0	0	0	0	0	0	0
2	33	10	2	0	0	0	3	0	3	0	3	7	0	0	1	6	0	0	1	1	0	0	0	3	0	1	0	0	0	0	0	0	1	0	0	0	0	0	0	0	0	0	0	1	0	0	0	1	0	0	1	0	0	0	0	0	1	0	0	0	0	2	0	0	0	0	0	0	0	0	0	0	0	0	0	0	0	0	0	0	0	0	0	0	0	0	0	0	0	0	0	0	0	0	0	0	0	0	0	0	0	0	0	0	1	0	0	0	0	0	0	0	0	0	0	0	1	0	0	0	0	0	0	0	0	0	0	0	0	0	0	0	1	0	0	0	0	0	0	0	0	0	0	0	0	0
0	1	0	1	0	0	0	0	0	0	0	0	0	0	0	0	1	0	0	1	0	0	0	0	0	0	0	0	0	0	0	0	0	0	0	0	0	0	0	0	0	0	1	0	0	0	0	0	0	0	0	0	0	0	0	0	0	0	0	0	0	0	0	0	0	0	0	0	0	0	0	0	0	0	0	0	0	0	0	0	0	0	0	0	0	0	0	0	0	0	0	0	0	0	0	0	0	0	0	0	0	0	0	0	0	0	0	0	0	0	0	0	0	0	0	0	0	0	0	0	0	0	0	0	0	0	0	0	0	0	0	0	0	0	0	0	0	0	0	0	0	0	0	0	0	0	0
1	11	5	4	0	0	0	3	0	1	0	2	1	1	0	2	2	0	0	0	1	1	0	0	0	0	0	0	0	0	2	0	0	0	1	0	1	0	0	1	0	0	1	0	0	0	0	0	1	0	0	1	0	0	0	0	0	0	0	0	0	0	1	0	0	0	0	1	0	0	0	0	0	0	0	0	0	0	0	0	0	0	0	0	0	0	0	0	0	0	0	0	0	0	0	0	1	0	0	0	0	0	0	0	0	1	0	0	0	0	0	0	0	0	0	0	0	0	0	0	0	0	0	0	0	0	0	0	0	0	0	0	0	0	0	0	0	0	0	0	0	0	0	0	0	0	0
0	0	0	0	0	0	0	0	0	0	0	0	0	0	0	0	0	0	0	0	1	1	0	0	0	0	0	0	0	0	0	0	0	0	0	0	0	0	0	0	0	0	0	0	0	0	0	0	0	0	0	0	0	0	0	0	0	0	0	0	0	0	0	0	0	0	0	0	0	0	0	0	0	0	0	0	0	0	0	0	0	0	0	0	0	0	0	0	0	0	0	0	0	0	0	0	0	0	0	0	0	0	0	0	0	0	0	0	0	0	0	0	0	0	0	0	0	0	0	0	0	0	0	0	0	0	0	0	0	0	0	0	0	0	0	0	0	0	0	0	0	0	0	0	0	0	0
0	6	0	0	0	2	0	0	0	0	0	0	2	0	0	0	0	0	0	0	0	0	0	0	0	0	0	0	0	0	0	0	0	0	0	0	0	0	0	0	0	0	0	0	0	0	0	0	0	0	0	0	0	0	0	0	0	0	0	0	0	0	0	0	0	0	0	0	0	0	0	0	0	0	0	0	0	0	0	0	0	0	0	0	0	0	0	0	0	0	1	0	0	0	0	0	0	0	0	0	0	0	0	0	0	0	0	0	0	0	0	0	0	0	0	0	0	0	0	0	0	0	0	0	0	0	0	0	0	0	0	0	0	0	0	0	0	0	0	0	0	0	0	0	0	0	0
2	19	1	2	0	1	0	0	0	3	0	3	1	1	0	0	1	0	2	0	1	0	0	0	0	0	0	0	0	0	2	0	0	1	0	0	0	0	0	0	0	0	1	0	0	0	0	0	0	0	1	0	0	0	0	0	0	0	0	0	0	0	0	0	0	0	0	0	0	0	0	0	0	0	0	0	0	0	0	0	0	0	0	0	0	0	0	0	0	0	0	0	0	0	0	0	0	0	0	0	0	0	0	0	0	0	0	0	0	0	0	0	0	0	0	0	0	0	0	0	0	0	0	0	0	0	0	0	0	0	0	0	0	0	0	0	0	0	0	0	0	0	0	0	0	0	0
0	10	3	1	1	1	0	2	0	1	0	0	2	0	0	1	0	0	0	0	0	0	0	0	0	0	0	0	0	0	0	0	0	0	1	0	0	0	0	1	0	0	0	0	0	0	0	0	0	0	0	0	0	0	0	0	0	1	0	0	0	0	0	0	0	0	0	0	0	0	0	0	0	0	0	0	0	0	0	0	0	0	0	0	0	0	0	0	0	0	0	0	0	0	0	0	0	0	0	0	0	0	0	0	0	0	0	0	0	0	0	0	0	0	0	0	0	0	0	0	0	0	0	0	0	0	0	0	0	0	0	0	0	0	0	0	0	0	0	0	0	0	0	0	0	0	0
