3157	10865	9236	6061	1548	15244	3590	2496	504	385	182	1160	66	1371	2898	182	3187	888	130	350	235	75	223	90	388	36	1127	891	591	154	828	295	737	1	34	1065	138	152	12	0	439	125	145	79	47	235	62	80	72	3	222	15	124	188	275	400	1	238	226	33	14	0	98	3	117	69	25	62	72	122	212	15	96	90	47	12	29	51	35	174	373	12	7	227	3	24	126	49	20	65	9	49	21	82	5	7	15	27	32	9	38	8	0	48	7	10	18	5	9	12	51	8	7	2	18	0	21	3	0	3	30	7	2	10	2	3	24	91	8	1	87	7	1	20	49	5	15	19	16	1	29	23	7	2	46	11	4	18	9	6	14	4	2	6	0	4	44	1	24	1	12	1	8	0	5	0	23	7	49	38	29	8	6
3073	10990	9363	6339	1575	15466	3673	2456	576	354	183	1172	65	1379	2869	182	3155	862	145	366	237	65	219	90	422	36	1216	976	571	155	910	314	801	4	46	1070	126	138	8	0	386	103	154	85	31	235	59	90	59	1	189	20	128	190	219	399	1	242	225	54	17	0	86	5	108	80	30	50	67	138	221	17	90	116	52	5	28	39	26	164	379	11	13	255	2	30	109	34	22	47	13	61	12	67	3	5	22	33	37	7	39	10	1	65	6	1	21	15	5	8	36	13	3	0	21	3	24	1	0	5	43	7	5	17	2	2	20	78	13	3	102	11	3	17	33	0	16	16	22	1	26	11	9	4	70	12	3	17	11	6	19	7	3	7	0	3	43	0	26	0	17	2	9	2	10	2	31	7	57	37	32	9	7
3498	12937	10761	7237	1817	18039	4358	2934	650	388	203	1276	76	1562	3302	222	3874	975	167	420	319	82	229	117	480	55	1356	1059	655	183	991	307	899	3	50	1281	163	171	18	1	523	110	170	108	34	298	89	95	72	3	236	17	174	254	325	442	1	281	294	40	16	1	93	4	136	95	36	82	84	137	250	27	96	107	45	14	27	48	31	198	460	13	9	266	3	35	144	37	19	61	10	61	25	73	3	5	28	28	38	2	59	15	0	69	5	7	18	14	8	13	52	8	9	0	13	2	40	13	1	5	49	11	9	17	6	3	25	101	15	2	125	17	2	18	32	7	25	30	14	7	40	31	7	4	82	23	7	15	8	10	12	5	4	6	1	9	58	1	25	0	13	7	13	3	11	3	38	6	61	38	47	11	2
383	1300	1043	710	204	1754	435	313	65	31	23	136	5	153	382	16	369	89	20	44	24	5	24	18	40	3	130	103	77	21	96	29	86	0	4	89	14	12	6	0	49	6	21	4	4	28	12	12	7	0	19	5	14	26	24	52	0	27	36	0	0	0	11	3	15	8	5	9	8	15	21	2	4	11	2	0	6	2	4	21	43	0	1	31	1	2	10	6	1	6	0	8	0	9	0	1	1	3	6	1	6	2	0	9	0	0	3	1	3	1	7	0	0	0	1	0	2	0	0	1	5	1	0	1	0	1	4	12	1	1	9	1	0	5	3	0	6	4	2	0	7	2	1	1	6	1	0	1	1	0	1	0	0	0	0	0	8	0	0	0	1	0	0	1	4	1	1	1	5	4	1	0	1
393	1402	1191	807	209	1916	472	315	62	55	26	138	11	185	371	23	412	122	25	42	35	9	27	15	56	2	170	127	79	20	91	32	114	0	6	107	24	14	0	0	49	10	19	9	6	32	10	9	5	0	24	2	13	20	29	48	0	25	35	3	5	0	13	1	14	10	3	9	11	26	24	1	10	14	5	1	2	6	2	26	43	1	0	29	0	2	15	8	3	8	2	6	2	3	0	1	3	3	6	2	3	0	0	7	0	0	1	0	1	1	6	2	0	0	2	1	3	0	0	1	2	0	1	1	0	1	0	13	2	0	12	1	0	2	11	0	0	2	0	0	4	1	0	0	7	1	0	1	0	0	0	0	1	0	0	0	5	0	2	0	2	0	0	0	0	1	3	0	8	6	5	3	3
153	527	504	279	75	768	196	116	18	13	12	67	0	61	130	7	178	42	7	22	11	3	10	8	17	5	64	44	28	8	32	14	45	1	0	57	9	6	1	0	15	10	5	2	3	19	2	2	8	0	12	1	8	11	7	18	0	9	13	3	2	0	6	0	2	3	1	2	4	4	11	1	5	5	1	1	2	3	1	3	14	1	0	10	0	0	2	2	1	2	0	2	0	7	0	0	2	1	1	0	4	0	0	2	1	0	0	0	0	1	2	3	0	0	2	1	2	1	0	1	2	0	0	0	0	0	0	9	2	0	3	0	0	4	2	1	0	1	0	0	1	0	0	1	2	1	0	1	1	0	0	0	0	0	0	0	2	0	1	0	1	1	0	0	0	0	0	0	5	4	0	0	0
494	1939	1608	1076	277	2589	590	438	89	60	34	181	14	247	507	37	521	146	31	77	41	13	36	19	69	6	216	160	89	28	158	39	121	1	5	184	24	22	0	0	56	15	26	6	2	33	14	11	4	0	31	3	27	26	41	56	0	45	42	14	6	0	16	3	17	14	4	8	9	22	35	5	9	15	4	1	4	10	3	27	67	1	4	54	1	4	14	3	0	10	2	12	3	10	1	0	5	1	10	0	6	3	1	7	1	1	4	1	1	1	8	1	1	0	7	1	7	1	0	2	8	2	0	1	1	1	1	10	4	0	10	0	0	2	8	0	3	7	2	0	6	6	1	3	9	5	1	3	2	0	2	2	0	0	0	1	9	1	4	0	3	2	2	0	1	1	7	2	5	6	6	4	0
2077	7554	6408	4308	1068	10449	2623	1678	393	241	127	770	40	934	1949	117	2212	549	89	258	167	47	134	59	284	24	815	644	437	104	610	209	553	1	30	728	89	108	5	1	310	69	103	61	19	187	44	52	39	1	157	6	88	147	183	272	1	176	183	26	10	0	62	1	84	33	20	55	41	75	160	13	45	57	29	5	19	28	17	90	268	10	10	165	1	24	68	26	12	31	7	26	12	56	9	1	9	15	26	3	29	10	3	43	1	5	14	10	2	10	29	3	8	0	18	2	18	5	0	4	33	8	3	8	1	4	14	53	8	1	62	8	1	16	24	4	16	7	8	4	17	9	4	3	46	8	2	14	8	4	9	10	3	4	0	1	34	1	15	0	6	3	4	1	3	1	17	3	31	23	15	9	4
1067	3703	3260	2122	517	5364	1312	866	201	116	64	386	22	447	931	54	1115	279	42	123	86	24	67	34	148	13	404	355	208	48	298	105	267	1	9	381	55	56	6	1	143	24	58	30	16	65	25	33	24	0	72	8	66	70	87	138	2	81	72	15	6	0	33	1	46	20	10	19	22	55	77	8	36	33	15	3	8	10	9	55	140	4	1	75	1	9	39	17	5	23	3	16	7	22	2	2	9	7	13	4	23	4	0	15	0	0	8	5	0	2	19	3	8	0	4	2	10	3	1	0	23	0	2	3	2	1	5	33	5	0	37	2	2	7	16	3	6	6	3	1	12	3	4	1	11	4	1	6	1	2	0	3	1	2	0	0	21	0	12	0	6	1	1	1	1	0	5	2	17	16	8	3	1
230	910	833	473	127	1204	297	191	34	28	18	90	8	108	203	9	258	84	13	31	12	5	19	10	35	2	101	76	49	12	73	14	53	1	2	75	14	18	1	0	35	7	3	8	2	21	5	6	6	0	10	1	7	16	16	41	0	25	29	2	3	0	9	0	10	3	0	6	6	7	17	1	7	12	3	0	2	6	2	11	33	1	3	17	0	3	11	6	0	5	0	6	2	7	0	1	2	0	1	0	4	2	0	3	0	0	0	1	0	0	3	0	1	0	1	0	1	0	0	2	5	1	0	0	0	0	2	3	2	0	7	1	0	3	3	0	3	4	1	1	3	2	1	0	4	3	0	2	2	2	0	0	0	1	0	1	4	1	3	0	1	0	1	0	0	0	4	0	2	1	3	0	1
22	86	61	49	17	118	21	25	5	3	1	5	0	12	16	0	22	5	0	2	3	2	1	0	1	1	11	3	2	2	4	4	5	0	0	10	0	2	0	0	2	0	1	0	0	4	0	0	2	0	1	0	0	1	2	5	0	2	2	0	0	0	1	0	2	0	0	0	0	2	0	1	0	0	0	1	0	2	0	0	4	0	0	1	0	0	2	0	0	0	0	0	0	0	0	0	1	0	0	0	0	0	0	1	0	0	0	0	0	0	1	0	0	0	1	0	0	0	0	0	0	0	0	0	0	1	0	0	0	0	0	0	0	2	0	0	0	0	0	0	2	0	0	0	0	1	0	1	0	0	0	0	0	0	0	0	0	0	0	0	0	0	0	0	0	0	0	1	0	0	0	0	0
54	254	203	144	37	369	82	65	14	5	2	33	1	35	72	2	89	21	3	7	10	4	6	2	14	1	26	25	17	1	25	8	14	0	1	18	3	0	0	0	9	0	5	2	0	6	2	3	2	0	4	1	3	4	5	13	0	11	7	1	0	0	4	0	1	4	1	0	3	2	9	0	2	3	1	0	1	1	0	4	4	0	0	6	0	0	4	1	2	0	1	1	0	1	0	0	0	0	1	0	1	0	0	0	1	0	0	0	0	0	2	0	0	0	0	0	2	0	0	0	0	0	0	1	0	0	0	2	1	0	2	0	0	0	1	0	2	0	0	0	1	0	0	0	1	1	0	0	0	0	0	0	0	0	0	1	1	0	0	0	0	0	0	0	2	0	1	1	0	0	0	0	0
521	2006	1759	1139	315	2715	646	451	87	51	23	205	11	203	531	32	620	156	16	68	37	7	34	16	88	3	197	197	117	43	168	48	126	0	8	186	31	19	4	0	73	10	30	15	5	42	13	14	12	0	40	2	20	43	52	79	1	46	49	4	6	0	22	1	25	15	5	10	9	21	45	4	13	18	3	1	8	8	6	22	66	3	4	40	1	3	19	4	1	9	2	12	6	14	2	0	6	4	6	0	9	1	0	9	0	2	2	1	0	2	8	0	3	0	1	0	6	0	0	1	12	4	0	0	0	2	6	15	1	0	14	5	0	6	3	0	5	3	1	0	9	4	1	0	12	4	0	3	2	1	1	1	1	1	0	0	6	0	3	0	5	2	2	0	3	1	3	0	13	10	4	1	1
103	396	350	263	72	616	129	83	18	12	0	45	4	53	116	4	129	38	3	12	14	5	7	4	14	0	53	41	20	4	34	10	29	0	2	53	4	15	1	0	16	4	6	2	2	13	1	2	0	0	8	0	3	5	10	19	0	9	6	1	1	0	3	0	1	1	3	5	1	8	5	3	2	2	1	0	1	3	0	11	17	0	0	14	0	1	2	1	0	1	2	2	0	3	1	0	2	1	1	1	1	0	0	3	1	0	2	1	0	1	4	1	1	0	1	0	2	1	0	1	3	0	1	1	0	0	2	7	0	0	6	0	0	0	0	0	0	0	0	0	0	1	0	0	2	0	0	1	0	1	0	2	1	0	0	0	1	0	2	0	0	0	0	0	0	0	3	0	0	1	0	1	0
187	617	524	366	90	970	214	142	28	21	11	62	3	68	151	10	199	58	11	31	20	1	13	6	25	2	80	71	33	10	64	17	40	0	3	64	11	12	2	0	15	5	10	4	2	17	4	5	2	0	8	1	10	12	17	19	0	12	19	1	2	0	10	0	7	5	4	8	1	8	15	1	8	4	5	0	6	5	2	8	22	1	1	14	0	3	4	2	2	3	1	1	3	4	1	1	1	1	1	0	1	2	0	3	0	2	0	1	1	0	5	0	1	0	1	0	1	0	0	0	1	0	0	2	0	1	1	8	1	0	7	1	1	2	4	0	1	4	0	1	1	3	0	1	2	0	0	0	1	0	1	0	0	0	0	0	2	0	1	0	1	0	0	0	0	0	0	0	7	3	1	2	1
60	209	169	144	30	289	94	43	11	6	7	19	3	31	46	1	63	11	2	8	8	2	7	0	8	0	23	19	10	3	7	6	18	0	1	22	2	5	0	0	9	3	2	1	0	7	2	1	5	0	3	0	3	3	2	13	0	3	2	2	0	0	1	0	0	2	1	1	0	1	3	0	0	0	1	0	1	0	0	4	5	0	0	4	0	1	3	0	0	3	0	2	0	0	0	0	1	1	1	0	0	0	0	0	0	0	0	0	0	0	0	0	0	0	2	0	0	0	0	0	1	0	0	1	0	0	0	3	0	0	0	0	0	2	1	0	0	0	0	0	1	0	0	0	2	0	1	0	1	0	0	0	0	0	0	0	0	0	0	0	0	1	0	0	1	0	0	0	0	2	1	0	0
32	120	105	55	17	172	42	26	9	4	0	13	0	16	35	2	35	5	4	4	3	0	1	0	2	1	11	13	8	1	8	2	5	0	0	13	4	3	0	0	5	0	0	0	0	3	2	1	0	0	3	0	2	2	3	3	0	2	1	0	1	0	0	0	0	1	0	1	0	1	2	0	1	0	0	0	0	2	0	1	2	0	0	2	0	0	2	2	0	0	0	2	0	1	0	0	0	0	2	0	0	0	0	2	0	0	0	0	0	0	1	0	0	0	0	0	1	0	0	0	0	0	0	0	0	0	0	0	0	0	0	0	0	0	0	0	0	0	0	0	0	0	0	0	0	0	0	0	0	1	1	0	0	0	0	0	0	0	0	0	0	0	0	0	0	0	0	0	0	0	0	0	0
16	49	39	25	15	75	12	14	2	1	1	7	0	4	13	0	18	3	0	1	0	1	1	0	0	0	6	5	5	1	2	3	0	0	1	5	0	2	0	0	2	1	0	2	0	1	0	0	0	0	0	0	1	0	0	1	0	2	2	0	0	0	0	0	0	0	0	0	0	0	2	0	2	0	0	0	0	0	0	2	1	0	0	2	0	1	2	0	0	1	0	0	0	1	0	0	0	1	0	0	0	0	0	0	0	0	0	0	0	1	0	0	0	0	0	0	1	0	0	0	0	0	0	0	0	0	0	0	0	0	1	0	0	0	0	0	0	0	0	0	0	0	0	0	0	0	0	0	0	0	0	0	0	0	0	0	0	0	0	0	0	0	0	0	0	0	0	0	0	0	0	0	0
57	268	212	140	40	353	74	51	10	13	6	30	2	21	64	3	71	26	7	3	5	0	5	4	9	1	28	17	12	5	25	8	11	0	1	27	4	5	0	0	9	1	2	2	2	8	4	1	1	0	10	0	0	4	6	4	0	4	6	1	0	0	1	0	3	6	0	0	1	2	7	0	1	3	2	1	0	2	1	6	12	1	0	6	0	1	4	3	0	3	0	1	0	1	0	0	0	1	2	0	1	0	0	2	1	2	0	0	0	0	2	1	0	0	1	0	0	1	0	0	0	0	0	0	1	0	0	2	0	0	3	0	0	0	4	0	0	1	0	0	0	1	0	0	0	0	1	0	0	1	0	2	0	0	0	0	2	0	0	0	0	0	1	0	0	0	1	0	4	1	0	0	0
36	130	114	81	14	182	45	32	3	1	3	16	1	27	39	1	36	8	2	2	3	0	3	2	6	0	15	9	5	0	10	3	4	0	0	10	3	2	0	0	3	1	1	1	1	1	0	0	1	0	2	0	1	4	1	4	0	3	1	2	0	0	0	0	2	0	0	0	0	3	2	0	3	0	0	0	0	0	0	2	3	0	0	1	0	0	0	0	0	2	0	0	0	0	0	0	0	0	2	0	1	0	0	0	0	1	0	0	0	0	0	0	1	0	0	0	0	0	0	0	0	0	0	1	0	0	0	2	0	0	1	0	0	0	0	0	0	0	2	0	0	0	0	0	0	0	0	0	0	0	0	0	0	0	0	0	0	0	0	0	0	0	0	0	0	0	1	0	2	1	1	0	0
143	480	438	265	72	658	163	132	30	26	7	47	2	70	110	6	147	35	7	14	17	4	5	5	21	0	51	44	23	6	50	21	33	0	1	40	5	6	1	0	14	4	4	4	3	11	7	4	1	0	11	2	5	12	20	12	0	13	9	1	3	0	3	0	5	1	3	3	0	6	19	0	4	4	4	0	3	1	0	13	18	0	0	14	0	2	5	0	2	1	0	0	0	4	0	0	2	2	1	0	5	0	0	3	1	0	1	0	0	0	1	0	1	0	0	0	0	0	0	0	2	0	0	0	0	0	1	3	1	0	5	1	0	1	0	0	0	1	1	0	0	2	0	0	1	0	0	2	0	0	0	0	0	0	0	0	0	0	2	0	0	1	0	0	0	0	1	0	0	3	2	0	0
150	523	443	273	60	705	165	108	27	17	11	58	3	53	137	9	182	33	11	14	6	4	6	6	20	0	65	49	22	9	49	12	29	0	2	46	7	10	0	0	19	4	7	3	3	9	6	2	1	0	13	1	3	12	6	20	0	11	13	4	0	0	6	0	2	7	0	1	2	4	11	1	2	4	6	0	2	3	3	10	17	0	1	13	0	3	2	1	2	5	0	2	2	1	0	0	1	0	2	0	2	1	0	3	1	1	3	1	0	3	1	2	0	1	0	0	3	0	0	1	1	1	0	1	0	0	1	5	2	0	5	1	0	0	3	0	0	0	2	0	0	4	0	0	3	2	0	0	0	0	0	0	1	0	0	0	1	1	2	0	1	0	0	0	1	0	2	1	1	3	3	0	1
70	284	229	158	42	352	83	59	8	8	2	26	2	29	66	4	85	20	2	4	10	2	3	0	12	1	31	21	17	2	13	11	14	0	0	21	4	7	0	0	8	2	1	0	0	4	4	1	2	0	3	0	5	4	4	10	0	9	5	2	2	0	2	0	3	2	3	3	0	3	2	1	3	2	1	0	0	1	0	4	10	0	0	9	0	1	3	1	2	2	1	1	0	1	0	0	0	0	0	0	1	0	0	0	0	0	0	0	0	0	1	1	0	0	1	0	2	1	0	0	2	0	0	1	0	1	0	0	0	0	1	0	1	0	2	0	0	0	0	0	0	0	0	1	1	2	0	1	0	0	1	0	1	0	0	0	2	0	1	0	0	1	0	0	0	0	2	0	0	0	0	0	0
147	495	427	296	77	688	159	120	24	17	8	45	5	66	142	4	138	40	7	14	16	5	10	3	22	0	61	48	29	4	46	15	43	0	0	52	5	10	0	0	23	2	11	6	1	10	2	0	5	0	9	3	4	9	10	18	0	15	12	2	1	0	7	0	4	3	1	4	4	4	11	0	2	11	0	0	2	1	0	5	28	1	1	12	0	0	3	2	1	3	0	0	1	3	0	1	2	2	0	0	3	1	0	1	0	1	0	0	0	1	3	0	1	0	0	0	2	1	0	1	1	1	0	0	0	0	0	7	1	0	5	1	0	0	3	1	1	0	1	0	1	0	1	0	2	0	0	2	0	0	2	0	0	0	0	0	1	0	1	0	1	0	1	0	0	0	3	0	3	3	3	0	1
243	833	702	472	169	1188	264	183	54	22	19	102	3	79	199	10	253	70	8	36	24	5	18	7	29	4	84	84	53	16	71	17	56	0	4	73	10	10	1	0	37	10	10	5	1	19	5	4	3	0	19	0	17	15	13	32	0	21	18	1	4	0	7	0	12	6	2	2	4	9	16	1	4	7	5	1	3	2	2	8	36	1	0	22	0	1	10	2	3	8	1	3	1	3	0	0	0	0	4	0	8	0	0	2	1	0	1	1	3	2	4	0	0	0	1	0	2	0	1	2	2	0	0	0	1	0	1	9	0	0	3	0	0	1	2	0	1	3	1	0	4	2	0	0	3	1	0	2	0	1	0	0	1	2	0	0	3	0	4	0	2	0	0	0	0	0	1	0	0	3	3	0	1
118	329	297	187	50	450	95	68	22	11	4	35	4	49	81	4	114	26	4	11	2	0	3	5	10	0	45	31	17	7	35	9	21	0	2	33	3	5	0	0	12	3	4	4	1	5	2	4	4	0	6	0	5	2	8	6	0	10	10	1	0	0	2	0	7	3	1	1	2	3	5	2	5	1	1	0	0	4	2	1	10	0	0	8	0	1	1	2	0	2	0	0	0	6	0	0	0	0	1	0	0	0	0	0	0	0	0	0	0	0	0	0	0	0	1	0	0	0	0	0	3	1	0	0	0	0	1	5	0	0	2	0	0	1	0	0	0	1	0	0	1	2	0	1	2	0	0	0	0	0	0	1	0	0	0	0	1	0	1	0	1	0	2	0	1	0	3	0	0	0	1	0	0
45	165	127	75	27	214	50	31	9	5	2	13	1	23	41	3	48	18	3	5	5	1	2	0	4	0	17	10	7	3	12	5	11	0	0	16	1	0	0	0	7	5	1	2	0	4	1	5	0	0	5	1	3	1	4	6	0	4	4	0	0	0	2	0	2	1	0	0	0	0	3	0	1	2	1	0	1	0	0	0	5	0	0	3	0	2	0	2	0	0	0	1	0	0	0	0	0	1	1	0	0	0	0	2	0	0	0	0	0	0	0	0	0	0	0	0	1	1	0	0	2	0	0	0	0	0	0	2	0	0	0	0	0	0	1	0	1	2	0	0	1	0	0	0	2	0	0	0	0	0	0	0	0	0	0	0	1	0	1	0	0	0	0	1	1	0	0	0	1	0	0	0	0
91	255	265	141	35	435	88	62	8	5	6	37	2	34	70	2	93	12	2	14	4	1	4	1	11	0	32	24	17	1	25	6	18	0	1	18	2	2	1	0	15	2	6	4	0	5	3	0	1	1	3	2	3	3	5	13	0	4	8	0	0	0	3	0	3	0	0	1	2	3	9	0	3	1	1	1	0	2	2	5	12	0	1	7	0	0	1	1	0	0	1	2	0	2	0	1	1	0	4	0	0	0	0	0	0	0	1	0	0	0	2	0	1	0	1	0	0	0	0	0	1	0	0	0	0	0	0	1	1	0	2	0	0	0	0	0	1	0	0	2	1	0	0	0	2	0	0	2	1	0	0	0	0	1	0	0	3	1	0	0	0	0	0	0	0	0	1	0	0	2	1	0	0
217	857	705	497	137	1243	283	204	38	30	14	72	7	98	210	13	268	55	10	36	14	4	15	5	33	3	90	69	39	8	65	25	62	0	3	94	8	11	2	0	41	10	15	9	4	17	7	3	5	0	19	1	11	22	24	35	1	12	19	5	1	0	8	0	11	8	2	3	9	7	16	2	4	8	4	1	3	3	1	8	27	2	1	23	0	3	16	5	0	2	0	9	3	7	1	0	3	2	0	1	4	5	0	2	0	2	1	1	1	0	2	0	0	1	1	0	6	0	0	1	1	2	0	1	1	0	2	10	1	0	9	1	0	3	2	0	1	0	2	0	4	2	0	0	4	3	0	1	0	0	1	0	0	1	0	0	4	0	2	0	0	0	1	0	1	0	2	1	1	3	3	1	0
9	28	24	13	4	46	11	8	1	1	1	2	1	1	5	0	12	2	0	2	1	0	1	1	1	0	3	5	1	1	2	0	1	0	1	3	0	0	0	0	1	0	0	0	0	1	0	0	0	0	0	0	0	1	1	4	0	0	1	0	0	0	0	0	0	0	0	0	0	0	0	0	0	0	0	0	0	0	0	0	0	0	0	0	0	0	1	0	0	0	0	0	0	1	0	0	0	0	1	0	0	0	0	0	0	0	0	0	0	0	0	0	0	0	0	0	0	0	0	0	0	0	0	0	0	0	0	0	0	0	0	0	0	0	0	0	0	0	0	0	0	0	0	0	0	0	0	0	0	0	0	0	0	0	0	0	0	0	0	0	0	0	0	0	0	0	0	0	0	0	0	0	0
17	45	37	24	7	67	5	11	4	0	1	5	1	8	15	0	18	5	0	1	0	0	0	0	2	1	1	6	5	1	4	1	3	0	0	3	0	0	0	0	3	1	0	0	1	1	0	1	0	0	1	0	0	0	1	1	0	2	2	1	0	0	0	0	1	1	1	0	0	1	1	0	2	0	0	0	0	0	0	0	1	0	0	1	0	0	0	0	0	0	0	0	0	1	0	0	0	0	1	0	0	0	0	0	0	0	0	0	0	0	0	0	0	0	0	0	0	0	0	0	0	0	0	0	0	0	0	1	0	0	1	0	0	0	0	0	0	0	0	0	0	0	0	0	1	0	0	0	0	0	0	0	0	0	0	0	0	0	0	0	0	0	0	0	0	0	1	0	0	1	0	0	0
82	312	238	177	38	398	81	71	15	6	3	34	2	40	92	5	91	20	5	9	7	0	2	1	16	0	30	20	15	3	34	5	27	0	3	26	4	3	0	0	22	6	6	2	1	7	3	2	1	0	6	2	6	10	8	8	0	7	8	1	0	0	3	0	6	1	1	1	1	2	6	1	1	4	0	0	1	2	2	4	9	0	0	2	0	1	0	0	1	0	0	0	1	1	1	0	0	1	0	1	3	1	0	1	0	0	0	0	0	1	2	1	0	0	0	0	1	0	0	0	0	0	0	1	0	0	0	3	0	0	1	0	0	0	2	0	1	1	0	0	3	0	0	0	3	1	0	0	0	0	0	0	0	0	0	0	3	0	0	0	0	0	2	1	0	0	0	0	1	3	1	0	0
53	210	203	117	23	349	71	52	13	8	4	27	1	24	49	7	69	12	2	11	5	0	3	0	13	1	31	27	11	1	20	7	18	1	0	24	3	3	1	0	8	2	2	1	0	7	2	5	2	0	3	0	6	4	9	7	0	1	5	0	1	0	3	0	3	0	0	1	2	1	5	0	2	2	0	0	0	0	1	2	8	0	0	2	0	1	0	0	1	1	1	0	1	0	0	0	0	0	0	0	2	0	0	0	0	0	1	1	0	0	4	0	2	0	0	0	0	0	0	0	2	0	0	0	0	0	1	4	0	0	2	0	0	0	1	0	1	0	0	0	0	0	0	0	2	0	0	1	0	0	1	0	1	0	0	0	1	0	0	0	0	0	0	0	1	0	0	0	0	0	1	0	0
10	23	27	14	3	41	12	3	0	1	1	2	0	4	4	0	9	2	0	1	1	0	2	0	0	0	4	2	2	0	3	0	0	0	0	0	1	0	0	0	1	0	0	0	0	1	0	1	0	0	0	0	0	0	0	0	0	1	0	0	0	0	0	0	0	0	0	1	1	0	0	0	0	0	0	0	0	0	0	0	1	0	0	0	1	0	0	0	0	1	0	0	0	0	0	0	0	0	0	0	0	0	0	0	0	0	0	0	0	0	0	0	0	0	0	0	0	0	0	0	1	0	0	0	0	0	0	0	0	0	0	0	0	0	0	0	0	1	0	0	0	0	0	0	0	0	0	0	0	0	0	0	0	0	0	0	0	0	0	0	0	0	0	0	0	0	0	0	0	0	0	0	0
38	147	110	64	19	205	44	27	3	2	4	14	1	13	24	1	48	9	3	3	3	0	3	1	7	0	16	11	3	3	12	3	6	0	2	13	1	1	0	0	2	1	0	2	0	5	0	2	0	0	2	1	1	9	2	3	0	2	3	0	0	0	1	0	2	1	0	1	0	1	1	0	2	1	0	0	0	1	0	4	2	0	0	3	1	1	0	0	1	0	0	0	1	0	0	0	0	0	0	0	0	0	0	0	0	0	0	0	0	0	0	0	0	0	0	0	0	0	0	0	0	0	0	0	0	0	1	0	1	0	3	0	0	0	0	0	0	0	0	0	0	1	0	0	0	0	0	0	0	0	0	0	0	0	0	1	0	0	0	0	1	0	0	0	1	0	0	0	0	0	1	0	0
34	97	110	78	23	188	41	33	3	6	2	14	1	20	38	2	36	9	4	3	1	0	0	1	8	0	17	17	4	4	12	3	17	0	1	9	1	2	1	0	2	0	2	1	1	1	0	0	1	0	1	0	0	3	3	3	0	4	2	0	0	0	1	0	0	0	0	0	1	2	1	0	2	0	0	1	0	0	0	1	10	0	0	6	0	0	3	1	0	1	0	0	0	0	0	0	0	0	0	0	3	0	0	1	0	1	0	0	0	0	0	0	0	0	0	0	0	0	0	1	0	0	0	0	1	0	0	1	0	0	5	0	0	0	0	0	1	2	0	0	0	0	0	0	0	0	0	1	0	0	0	0	0	0	0	0	0	0	0	0	0	0	0	0	0	0	0	0	0	0	1	0	0
60	239	183	131	33	307	70	49	13	10	3	24	0	27	54	3	83	28	2	5	3	5	3	1	9	1	20	22	12	4	22	4	20	0	0	24	2	1	0	0	9	2	8	2	2	7	2	1	0	0	5	0	4	4	6	5	0	5	2	1	0	0	2	0	2	1	0	2	0	2	7	1	2	3	1	0	1	1	0	7	9	0	1	7	0	0	2	1	0	1	0	0	1	1	0	0	0	1	2	0	2	0	0	1	1	0	0	0	0	0	2	0	0	0	0	0	0	0	0	0	0	0	2	0	0	0	0	2	0	0	2	1	0	1	1	0	0	0	0	0	0	0	0	0	1	0	0	0	0	0	0	0	0	0	0	1	2	0	1	0	0	0	0	0	0	0	1	1	1	1	0	0	0
90	309	264	176	52	404	92	67	19	6	8	19	1	33	98	3	88	27	1	7	7	2	4	3	4	0	29	29	19	3	28	6	20	0	1	29	2	10	0	0	14	4	4	4	1	5	0	2	1	0	7	1	2	6	4	13	0	10	7	2	0	0	1	0	5	0	0	3	0	3	9	0	2	4	0	1	1	1	0	1	17	0	1	7	0	1	4	0	1	1	0	1	0	0	0	0	0	0	3	0	1	0	0	1	0	1	0	0	0	0	2	1	0	0	1	0	1	0	0	0	1	1	0	0	0	0	2	4	1	0	2	0	0	4	2	0	1	1	0	0	0	1	0	0	1	0	0	0	0	0	1	1	0	0	0	3	1	1	0	0	0	0	0	0	0	0	1	0	1	0	1	0	0
12	38	29	23	5	52	7	2	2	0	0	4	0	3	7	0	11	1	1	1	0	0	1	1	4	0	3	3	3	0	3	1	2	0	0	4	1	1	0	0	1	1	0	0	0	1	0	0	0	0	0	1	1	1	0	1	0	0	1	0	0	0	0	0	0	0	0	0	1	0	1	0	1	0	0	0	0	0	1	1	1	0	0	0	0	0	0	1	0	0	0	0	0	0	0	0	0	0	0	0	1	0	0	0	0	0	0	0	0	0	0	0	0	0	0	0	0	0	0	0	0	0	0	0	0	0	1	0	0	0	0	0	0	0	0	0	0	0	0	0	1	0	0	0	0	0	0	0	0	0	0	0	0	0	0	0	0	0	0	0	0	0	0	0	0	0	0	0	0	0	0	0	0
12	50	31	34	7	74	15	12	3	3	0	8	0	8	13	0	19	3	0	0	0	1	0	0	2	0	4	3	1	1	6	3	7	0	0	1	0	0	0	0	0	0	0	0	0	1	1	0	0	0	0	0	0	1	0	1	0	2	1	1	0	0	0	0	0	1	0	0	0	0	1	0	0	0	0	0	0	0	0	0	1	0	0	2	0	0	2	0	0	1	0	0	0	0	0	0	1	1	0	0	0	1	0	0	0	0	0	0	0	0	2	0	0	0	0	0	0	0	0	0	0	0	0	0	0	0	0	0	1	0	1	0	0	0	2	0	0	0	0	0	0	0	0	0	0	0	0	0	0	0	0	0	0	0	0	0	0	0	1	0	0	0	0	0	0	0	0	0	0	0	0	0	0
13	50	44	26	7	58	16	11	4	2	3	7	0	5	9	0	18	3	0	0	0	2	1	1	1	0	6	2	3	1	7	0	2	0	0	1	1	0	0	0	2	0	1	0	0	3	0	0	1	0	3	0	0	1	0	0	0	0	1	0	0	0	0	0	0	0	0	0	0	0	0	0	0	0	0	0	0	1	0	3	1	0	0	0	0	0	0	0	1	1	0	1	0	0	0	0	0	0	1	0	0	0	0	1	0	0	1	0	0	0	0	0	0	0	0	0	0	0	0	0	1	0	0	0	0	0	0	0	0	0	0	0	0	0	0	0	0	0	0	0	0	0	0	0	0	0	0	0	0	0	0	0	0	0	0	0	0	0	0	0	0	0	2	0	0	0	0	0	0	0	0	0	0
25	98	87	48	14	142	36	23	4	1	3	11	1	9	25	4	31	12	0	3	2	0	2	0	3	0	11	7	9	2	9	1	11	0	0	14	2	0	0	0	4	1	2	1	0	3	0	1	0	0	2	0	3	2	0	5	0	1	2	0	0	0	3	0	0	2	0	1	0	2	4	0	1	0	2	0	1	1	0	3	2	0	0	0	0	2	1	0	0	0	0	0	0	1	0	0	0	0	0	0	0	0	0	0	0	0	0	0	0	1	1	0	0	0	0	0	1	0	0	0	0	0	0	0	0	0	0	0	0	0	0	0	0	0	1	0	0	0	0	0	0	0	1	0	0	0	0	0	0	0	0	0	0	0	0	0	0	0	0	0	0	0	0	0	1	0	0	0	1	0	0	0	0
68	239	188	153	36	377	82	63	15	6	1	26	1	27	64	4	72	20	3	11	9	4	2	2	9	0	24	22	8	4	17	3	21	0	0	24	3	1	0	0	14	3	6	3	3	8	1	4	2	0	2	0	3	7	5	9	0	7	9	2	0	0	0	0	5	4	1	0	1	5	7	0	4	1	1	0	0	2	0	3	9	0	1	6	1	2	3	0	0	0	0	1	0	1	0	0	1	0	2	0	2	0	0	2	0	0	2	0	0	0	0	0	0	0	0	0	0	1	0	0	2	0	0	1	0	0	0	2	0	0	0	0	0	0	1	0	0	0	0	0	0	0	0	0	1	0	0	1	1	1	1	0	0	1	0	0	4	0	3	0	1	0	0	0	0	0	1	0	0	1	1	0	0
2	7	5	3	0	9	3	1	0	1	0	1	0	1	1	1	1	0	0	0	0	0	0	0	0	0	0	1	0	0	0	0	0	0	0	1	0	0	0	0	0	0	0	0	0	1	0	0	0	0	0	0	0	0	0	1	0	0	0	0	0	0	0	0	0	1	0	0	0	0	0	0	0	1	0	0	0	0	0	0	0	0	0	0	0	0	0	0	0	0	0	0	0	0	0	0	0	0	0	0	0	0	0	0	0	0	0	0	0	0	0	0	0	0	0	0	0	0	0	0	0	0	0	0	0	0	0	0	0	0	0	0	0	0	0	0	0	0	0	0	0	0	0	0	0	0	0	0	0	0	0	0	0	0	0	0	0	0	0	0	0	0	0	0	0	0	0	0	0	0	0	0	0
7	13	13	14	2	28	10	6	1	1	0	3	0	1	10	0	4	2	0	0	1	0	1	0	2	0	1	3	1	1	3	0	0	0	0	2	0	0	0	0	0	0	1	0	0	0	0	0	1	0	0	0	0	0	0	0	0	1	2	0	0	0	0	0	1	1	0	0	0	0	0	0	0	0	0	0	0	1	0	0	1	0	0	0	0	0	1	1	0	0	0	0	0	0	0	0	0	0	0	0	0	0	0	0	0	0	0	0	0	0	0	0	0	0	0	0	0	0	0	0	0	0	0	0	0	0	0	0	0	0	0	0	0	0	0	0	0	0	0	0	1	0	0	0	0	0	0	0	0	0	0	0	0	0	0	0	0	0	0	0	0	0	0	0	0	0	0	0	0	0	0	0	0
2	1	1	0	0	5	2	1	0	0	0	1	0	0	0	0	2	0	0	0	0	0	0	0	0	0	0	0	0	0	0	0	1	0	0	0	0	0	0	0	0	0	0	0	0	0	0	0	0	0	1	0	0	0	0	0	0	0	0	0	0	0	0	0	0	0	0	0	0	0	0	0	0	0	0	0	0	0	0	0	0	0	0	0	0	0	0	0	0	0	0	0	0	0	0	0	0	0	0	0	0	0	0	0	0	0	0	0	0	0	0	0	0	0	0	0	0	0	0	0	0	0	0	0	0	0	0	0	0	0	0	0	0	0	0	0	0	0	0	0	0	0	0	0	0	0	0	0	0	0	0	0	0	0	0	0	0	0	0	0	0	0	0	0	0	0	0	0	0	0	0	0	0
12	27	35	25	7	37	11	12	2	0	1	5	0	4	3	0	14	2	1	1	2	0	0	0	2	0	5	3	1	1	0	3	1	0	0	1	0	0	0	0	2	0	1	1	1	0	2	0	0	0	0	0	0	1	0	1	0	0	1	0	0	0	0	0	1	0	0	1	0	0	1	0	1	0	0	0	0	0	0	0	2	0	0	0	0	0	0	0	0	0	0	1	0	1	0	0	0	0	0	0	0	0	0	0	0	0	0	0	0	1	0	0	0	0	0	0	0	0	0	0	0	0	0	0	0	0	0	0	0	0	0	0	0	0	0	0	0	0	0	0	0	0	0	0	0	0	0	0	1	0	0	0	0	0	0	0	0	0	0	0	0	0	0	0	0	1	0	0	0	0	0	0	0
34	82	73	46	11	128	23	20	5	3	2	9	0	10	23	1	20	3	0	6	1	1	0	2	0	1	15	8	6	0	6	3	6	0	0	7	2	0	1	0	5	1	0	0	0	2	1	1	1	0	0	0	1	4	0	3	0	1	5	0	0	0	1	0	0	1	0	0	0	1	1	0	2	0	0	0	0	1	1	0	2	0	0	4	0	1	2	0	0	1	0	1	0	1	0	1	0	0	0	1	0	0	0	2	0	0	0	0	0	1	1	0	0	1	0	1	0	0	0	0	1	0	0	1	0	0	0	0	0	0	2	0	0	0	1	0	0	0	0	0	0	0	0	0	0	0	0	0	0	0	0	0	0	0	0	0	1	0	0	0	0	0	0	0	0	0	0	1	1	0	1	0	0
21	63	54	45	9	110	27	22	4	0	0	7	0	15	16	0	16	4	1	2	2	0	1	0	3	0	10	8	6	1	3	2	6	0	0	10	1	1	0	0	3	1	1	1	0	3	1	0	1	0	0	0	1	4	2	3	0	1	2	0	0	0	0	0	2	0	0	0	1	2	1	0	0	2	0	0	0	0	1	3	2	0	0	1	0	0	1	0	0	1	0	0	0	2	0	0	0	0	0	0	0	0	0	0	0	0	0	0	0	0	1	0	0	0	0	0	1	0	0	0	0	0	0	1	0	0	0	0	0	0	0	0	0	0	1	0	0	0	0	0	0	0	0	0	0	0	0	0	0	0	0	0	0	0	0	0	0	0	0	0	0	0	0	0	0	0	0	0	0	0	0	0	1
15	50	42	21	7	57	13	11	1	2	0	2	1	7	10	2	12	3	1	3	2	1	2	0	2	0	5	5	5	0	1	0	0	0	0	3	0	0	0	0	1	0	0	0	1	1	0	0	0	0	4	0	0	2	0	1	0	2	1	0	0	0	0	0	0	1	0	0	0	1	0	1	0	0	0	0	0	0	0	1	4	1	0	2	0	0	0	1	1	1	0	1	0	0	0	0	0	0	0	0	0	0	0	0	0	0	0	0	0	0	0	0	0	0	0	0	0	0	0	0	1	0	0	0	0	0	0	1	0	0	0	0	0	0	0	0	0	0	0	0	0	0	0	0	1	0	0	0	0	0	0	0	0	0	0	0	1	0	0	0	0	1	0	0	1	0	0	0	0	0	1	0	0
26	122	92	49	17	150	33	17	6	1	4	16	0	16	38	2	41	9	0	6	4	1	1	0	3	0	10	8	7	1	9	0	11	0	0	12	2	2	0	0	6	0	1	1	1	0	0	0	1	0	1	0	1	3	1	2	0	2	3	1	0	0	1	0	1	1	1	0	0	1	2	0	0	2	1	0	0	0	1	0	3	0	1	8	0	0	1	0	0	0	0	1	0	0	0	0	1	0	2	0	0	0	0	0	0	0	0	0	0	0	0	0	0	0	0	0	1	0	0	0	0	0	0	0	0	0	0	0	0	0	0	0	0	0	0	0	1	0	0	0	1	0	0	0	0	0	0	0	0	0	0	0	0	0	0	0	0	0	0	0	0	0	0	0	0	0	0	0	0	0	0	0	0
7	44	34	16	5	51	6	6	2	0	1	4	0	2	9	0	8	6	1	2	1	1	2	0	1	0	2	4	1	0	1	1	4	0	0	3	0	0	0	0	1	0	0	0	0	1	0	0	0	0	0	1	1	0	0	2	0	0	0	1	0	0	0	0	0	0	1	1	0	0	2	0	0	1	0	0	0	0	0	1	0	0	0	0	0	0	0	0	0	0	0	0	0	0	0	0	0	0	0	0	0	0	0	0	0	0	0	0	0	0	1	0	0	0	0	0	0	0	0	0	0	0	0	0	0	0	0	1	0	0	0	0	0	0	0	0	0	0	0	0	0	0	0	0	0	0	0	0	0	0	0	1	0	0	0	0	0	0	0	0	0	0	1	0	0	0	0	0	1	0	0	0	0
2	17	13	17	3	17	1	2	2	1	0	0	0	1	5	0	6	3	0	0	0	0	0	0	0	1	1	1	2	0	0	0	1	0	1	2	0	0	0	0	2	0	0	0	0	0	0	0	0	0	0	0	0	0	0	0	0	0	0	0	0	0	0	0	0	0	1	0	0	1	0	0	0	0	0	0	0	0	0	0	0	0	0	0	0	0	0	0	0	0	0	0	0	0	0	0	0	0	0	0	0	0	0	1	0	0	0	0	0	0	0	0	0	0	0	0	0	0	0	0	1	0	0	0	0	0	0	0	0	0	0	0	0	0	0	0	0	0	0	0	0	0	0	0	0	0	0	0	0	0	0	0	0	0	0	0	0	0	0	0	0	0	0	0	0	0	0	0	0	0	0	0	0
17	57	38	29	6	76	14	6	3	3	3	2	0	11	12	2	13	8	0	2	1	0	1	1	5	0	9	8	1	0	3	1	4	1	0	5	1	0	0	0	1	0	0	1	0	2	0	0	0	0	3	0	1	1	2	4	0	0	2	0	0	0	0	0	1	0	0	1	0	1	3	0	2	0	0	0	0	0	0	1	5	0	0	3	0	0	0	0	1	0	0	0	0	0	0	0	0	0	0	0	0	0	0	0	0	0	0	0	0	0	0	0	1	0	0	0	0	0	0	0	0	0	0	0	0	1	0	2	0	0	0	0	0	0	1	0	1	0	0	0	0	0	1	0	0	0	0	0	0	0	0	0	0	0	0	0	0	0	0	0	0	0	0	0	0	0	1	0	0	0	0	0	0
37	148	128	99	24	208	52	46	4	11	0	16	2	11	38	4	44	13	0	5	6	1	7	0	8	0	18	16	13	1	13	3	9	0	1	13	0	1	0	0	3	2	2	1	0	2	0	0	0	0	4	0	0	1	3	4	0	0	2	0	1	0	3	1	0	1	1	1	1	1	2	0	1	0	2	0	1	0	1	2	3	1	0	3	0	0	2	0	0	1	0	0	0	0	0	0	0	1	1	0	0	0	0	0	0	0	0	0	0	0	0	0	0	0	1	0	0	0	0	0	2	0	0	1	0	0	1	3	1	0	0	0	0	0	0	0	1	0	0	0	1	1	0	0	0	1	0	0	0	2	0	0	0	0	0	0	2	0	0	0	0	0	0	0	0	0	1	0	0	1	0	0	0
18	78	45	37	10	106	32	27	3	0	1	6	0	15	23	1	23	5	1	1	3	0	0	0	4	0	1	9	3	2	3	4	3	0	0	10	0	2	0	0	3	1	0	1	0	1	0	0	2	0	1	0	1	1	2	2	0	0	2	0	0	0	1	0	0	0	0	0	0	1	2	0	0	3	0	0	0	0	0	1	4	0	0	2	0	0	2	0	0	0	0	0	0	2	0	0	0	0	0	0	0	0	0	2	0	0	0	0	0	0	0	0	0	0	0	1	0	0	0	0	1	0	0	0	0	0	0	2	0	0	0	0	0	1	0	0	0	0	0	0	0	0	0	0	0	2	1	0	0	0	0	0	0	0	0	0	0	0	0	0	0	0	0	0	0	0	0	0	0	0	0	0	0
5	30	13	10	2	31	5	6	1	0	0	2	0	7	2	1	7	0	0	1	0	1	0	0	2	0	1	2	1	0	2	0	4	0	0	1	0	0	0	0	1	0	0	0	0	0	0	0	1	0	0	0	0	1	1	2	0	1	0	0	1	0	1	0	0	0	1	0	0	0	0	0	0	0	0	0	0	0	0	0	0	0	0	0	0	0	0	0	0	0	0	0	0	0	0	0	0	0	0	0	1	0	0	0	0	0	0	0	0	0	0	0	0	0	0	0	0	0	0	1	0	0	0	0	0	0	0	0	0	0	0	0	0	0	0	0	0	0	0	0	0	0	0	0	0	0	0	0	0	0	0	0	0	0	0	0	0	0	0	0	0	0	0	0	0	0	0	0	0	0	0	0	0
31	125	102	72	24	183	45	23	2	3	3	17	2	18	36	2	33	3	2	2	3	1	1	1	3	1	8	12	4	0	13	1	6	0	0	13	5	2	0	0	5	1	1	0	1	8	0	2	0	0	1	0	2	1	3	5	0	2	4	0	0	0	0	0	1	1	0	0	2	0	1	0	3	2	0	0	1	0	0	1	7	0	0	1	0	1	2	0	0	0	0	0	0	0	1	0	0	0	0	0	0	0	0	0	0	0	0	1	0	0	1	0	0	0	0	0	0	0	0	0	1	0	0	0	0	0	0	2	0	0	0	0	0	0	1	0	1	0	0	0	1	0	0	0	1	0	0	0	1	0	0	0	0	0	0	0	2	0	0	0	0	0	0	0	0	0	0	0	0	0	0	0	0
26	101	65	57	17	142	24	20	7	6	1	5	0	7	19	1	31	8	2	2	5	0	1	1	1	0	9	10	6	1	7	1	7	0	0	13	0	0	0	0	5	0	3	0	1	1	1	0	1	0	0	0	0	0	3	3	0	1	1	0	0	0	1	0	4	0	0	1	0	0	1	0	2	0	1	0	0	0	1	0	4	0	0	1	0	1	2	1	0	0	0	0	0	1	0	0	0	0	0	1	0	0	0	0	0	0	0	0	0	0	0	1	0	0	0	1	0	0	0	0	0	0	0	0	0	0	0	2	0	0	0	0	0	0	0	0	0	0	1	0	0	1	0	0	0	0	0	1	0	0	0	0	0	0	0	0	0	0	0	0	0	0	0	0	0	0	0	0	1	2	0	0	0
3	8	4	0	1	10	1	0	0	0	0	1	0	1	1	0	0	0	0	0	0	0	0	0	0	0	1	0	0	0	0	0	0	0	0	0	0	0	0	0	0	0	0	0	0	0	0	0	1	0	0	0	0	0	0	0	0	1	0	0	0	0	0	0	0	0	0	0	0	0	0	0	0	0	0	0	0	0	0	0	0	0	0	0	0	0	0	0	0	0	0	0	0	0	0	0	0	0	0	0	0	0	0	0	0	0	0	0	0	0	0	0	0	0	0	0	0	0	0	0	0	0	0	0	0	0	0	0	0	0	0	0	0	0	0	0	0	0	0	0	0	0	0	0	0	0	0	0	0	1	0	0	0	0	0	0	0	0	0	0	0	0	0	0	0	0	0	0	0	0	0	0	0
12	24	31	15	6	34	10	7	1	1	1	3	1	2	11	0	17	1	1	1	1	0	0	0	5	0	4	2	0	1	1	2	3	0	0	2	0	1	1	0	1	0	1	0	0	1	0	0	0	0	1	0	1	0	1	2	0	2	0	0	0	0	0	0	0	0	0	0	0	1	1	0	1	1	0	0	0	0	0	0	0	0	0	1	0	0	0	0	0	0	0	0	1	0	0	0	0	0	1	0	0	0	0	0	0	0	0	0	0	0	1	0	0	0	0	0	0	1	0	0	0	0	0	1	0	0	0	0	0	0	0	0	0	0	0	0	0	0	0	0	0	0	0	0	0	0	0	0	0	0	0	1	0	0	0	0	0	0	0	0	0	0	0	0	0	0	0	0	0	0	0	0	0
6	28	22	9	2	44	10	6	1	2	0	2	0	4	9	1	11	2	0	1	0	0	0	0	0	0	4	4	1	0	2	1	5	0	0	0	0	0	0	0	1	1	0	0	0	1	0	2	1	0	0	0	0	0	0	2	0	1	1	0	0	0	0	0	0	0	0	0	0	0	2	0	0	0	0	0	2	0	0	0	0	0	0	1	0	0	0	0	0	0	0	0	0	0	0	0	0	0	0	0	0	0	0	0	0	0	0	0	0	0	0	0	0	0	0	0	1	0	0	0	0	0	0	0	0	0	0	0	0	0	0	0	0	0	0	0	1	0	0	0	0	0	0	0	0	0	0	0	0	0	0	0	0	0	0	0	0	0	0	0	0	0	0	0	0	0	0	0	0	0	0	0	0
34	107	88	47	12	141	41	18	5	6	0	12	0	17	34	0	21	8	2	1	1	1	3	1	8	0	8	7	2	4	13	7	5	0	0	6	2	1	0	0	4	2	1	2	1	3	1	2	0	0	0	0	3	3	3	2	0	2	2	0	0	0	1	0	2	0	0	0	0	2	2	2	1	3	0	0	0	0	0	1	3	0	0	3	0	0	2	1	0	2	0	0	0	3	0	0	0	0	1	0	0	0	0	1	0	0	0	0	0	0	0	0	1	0	0	0	0	0	0	0	0	0	0	0	0	0	0	1	0	0	0	0	0	0	0	0	0	0	0	0	0	0	1	0	0	0	0	0	0	0	0	0	0	0	0	0	0	0	0	0	0	0	0	0	0	0	1	0	1	0	0	0	0
45	170	128	88	25	234	50	43	11	4	3	19	1	23	43	2	55	8	2	5	6	0	0	1	6	0	19	11	7	3	15	3	8	0	2	11	0	1	0	0	7	1	3	1	1	5	1	0	0	0	0	0	2	3	3	4	0	1	3	1	1	0	0	0	4	1	0	1	2	1	2	1	0	1	2	0	3	1	1	3	5	0	0	3	0	0	0	1	1	1	0	1	0	2	1	0	0	1	1	0	0	0	0	1	0	0	0	0	0	0	1	0	0	0	0	0	2	0	0	0	1	0	0	0	0	0	1	1	1	0	0	0	0	0	1	0	0	0	0	0	2	0	1	0	0	1	0	0	1	0	0	0	0	0	0	0	0	0	0	0	0	0	0	0	0	0	1	1	0	0	1	0	0
61	179	161	103	24	273	67	25	9	6	3	26	2	26	45	4	69	14	4	5	4	1	3	1	9	0	18	20	11	2	14	3	13	0	2	21	1	2	0	0	7	1	1	1	1	4	0	0	0	0	0	0	2	0	1	8	0	2	5	1	0	0	2	0	4	0	0	4	2	2	2	1	3	1	0	0	1	1	1	1	4	0	0	2	0	0	1	0	0	0	0	1	0	2	0	0	0	0	1	0	3	0	0	3	0	0	0	0	0	0	0	0	0	0	0	0	0	0	0	0	0	0	1	0	0	0	0	2	0	0	0	0	0	0	1	0	2	0	0	0	0	0	1	1	0	1	1	0	0	0	0	0	0	0	0	0	0	0	0	0	0	0	0	0	0	0	0	0	0	0	0	0	0
16	25	18	13	2	31	9	2	1	1	0	2	0	1	8	0	11	1	0	0	0	0	1	0	3	0	2	2	0	0	0	0	2	0	0	7	0	1	0	0	1	0	1	0	0	0	0	0	0	0	0	0	1	1	0	0	0	0	0	0	0	0	0	0	0	0	0	0	0	2	2	0	0	1	0	0	0	1	0	0	1	0	0	0	0	1	0	0	0	1	0	1	0	0	0	0	0	0	0	0	0	0	0	1	0	0	0	0	0	0	0	0	0	0	0	0	0	0	0	0	0	0	0	0	0	0	0	0	0	0	2	0	0	0	0	0	0	0	0	0	0	0	0	0	0	0	0	0	0	0	0	0	0	0	0	0	0	0	0	0	0	0	0	0	0	0	0	0	0	0	0	0	0
8	19	13	14	1	32	7	5	0	4	1	2	0	2	5	0	8	2	0	0	0	0	0	0	1	0	2	2	0	0	4	1	1	0	0	3	0	0	0	0	0	0	0	1	0	0	0	0	0	0	1	0	0	0	1	1	0	1	1	0	0	0	1	0	0	0	0	0	0	1	0	0	0	0	0	0	0	0	0	2	0	0	0	0	0	0	0	0	0	0	0	0	0	0	0	0	1	0	0	0	0	0	0	0	0	0	0	0	0	0	0	0	0	0	0	0	0	0	0	0	0	0	0	0	0	0	0	0	0	0	0	0	0	0	0	0	1	0	0	0	0	0	0	0	0	1	0	0	0	0	0	0	0	0	0	0	0	0	0	0	1	0	0	0	0	0	0	0	0	0	0	0	0
5	10	6	5	1	8	5	1	0	0	0	0	0	1	1	0	0	0	0	0	0	0	0	0	0	0	0	0	1	0	0	0	0	0	0	1	0	0	0	0	0	0	0	0	0	1	0	0	1	0	0	0	0	0	0	0	0	0	0	0	0	0	0	0	0	0	0	0	0	0	0	0	0	0	0	0	0	0	0	0	0	0	0	0	0	0	0	0	0	0	0	0	0	0	0	0	0	0	0	0	0	0	0	0	0	0	0	0	0	0	0	0	0	0	0	0	0	0	0	0	0	0	0	0	0	0	0	0	0	0	0	0	0	0	0	0	0	0	0	0	0	0	0	0	0	0	0	0	0	0	0	0	0	0	0	0	0	0	0	0	0	0	0	0	0	0	0	0	0	0	0	0	0
0	1	1	0	0	2	1	1	0	0	0	0	0	0	1	0	1	0	0	0	0	0	0	0	0	0	0	0	0	0	0	0	0	0	0	0	0	0	0	0	0	0	0	0	0	0	0	0	0	0	0	0	0	0	0	0	0	0	0	0	0	0	0	0	0	0	0	0	0	0	0	0	0	0	0	0	0	0	0	0	0	0	0	0	0	0	0	0	0	0	0	0	0	0	0	0	0	0	0	0	0	0	0	0	0	0	0	0	0	0	0	0	0	0	0	0	0	0	0	0	0	0	0	0	0	0	0	0	0	0	0	0	0	0	0	0	0	0	0	0	0	0	0	0	0	0	0	0	0	0	0	0	0	0	0	0	0	0	0	0	0	0	0	0	0	0	0	0	0	0	0	0	0
8	43	31	18	2	60	17	5	1	3	0	2	0	8	10	1	12	5	0	0	1	0	0	0	3	0	4	3	2	0	6	0	0	0	0	3	0	0	1	0	1	0	0	0	0	1	0	1	0	0	0	0	1	3	0	2	0	1	1	0	0	0	0	0	1	0	0	0	0	0	0	0	0	1	0	0	0	0	0	1	1	0	0	0	0	0	1	0	0	1	0	0	0	0	0	0	0	0	1	0	0	0	0	0	0	0	0	0	0	0	0	0	0	0	0	0	0	0	0	0	0	0	0	0	0	0	0	0	0	0	1	0	0	0	0	0	0	0	0	0	0	0	1	0	1	0	0	0	0	0	0	0	0	0	0	0	0	0	0	0	0	0	0	0	1	0	0	0	0	0	0	0	0
5	15	6	11	3	30	7	5	0	0	1	2	0	1	2	0	7	5	0	1	0	1	0	0	2	0	3	2	1	0	1	0	3	0	0	1	0	2	0	0	0	0	0	0	1	0	0	0	0	0	1	0	1	1	1	1	0	0	0	0	1	0	1	0	2	0	0	0	0	0	0	0	0	0	0	0	0	0	0	0	1	0	0	0	0	0	0	1	0	0	0	0	0	0	0	1	0	0	0	0	0	0	0	0	0	0	0	0	0	0	0	0	0	0	0	0	0	0	0	0	0	0	0	0	0	0	0	0	0	0	0	0	0	0	0	0	0	0	0	0	0	0	0	0	0	0	0	0	0	0	0	0	0	0	0	0	0	0	0	0	0	0	0	0	0	0	1	0	0	0	0	0	0
3	10	6	1	0	6	1	0	1	0	0	1	0	1	6	0	0	2	0	0	0	0	0	0	1	0	2	0	1	0	0	0	1	0	0	1	0	0	0	0	1	0	0	0	0	0	0	0	0	0	0	0	2	1	0	0	0	0	0	0	0	0	0	0	0	0	0	0	0	0	0	0	0	0	0	0	0	0	0	0	0	0	0	0	0	0	0	0	0	0	0	0	0	0	0	0	0	0	0	0	0	0	0	0	0	0	0	0	0	0	0	0	0	0	0	0	0	0	0	0	0	0	0	0	0	0	0	0	0	0	0	0	0	0	0	0	0	0	0	0	0	0	0	0	0	0	0	0	0	0	0	0	0	0	0	0	0	0	0	0	0	0	0	0	0	0	0	0	0	0	0	0	0
36	134	127	72	20	204	50	37	7	4	1	18	0	10	26	2	40	11	0	3	5	0	3	0	4	0	19	6	5	3	4	3	5	0	0	11	1	2	0	0	5	2	1	0	1	3	0	1	1	0	3	1	0	2	4	5	0	3	1	1	1	0	1	0	0	0	2	0	0	1	7	0	0	1	0	1	0	0	1	0	4	0	0	0	0	1	1	0	0	1	0	1	0	0	0	0	0	0	0	0	0	0	0	0	0	0	0	0	0	0	0	0	0	0	0	0	0	0	0	0	0	0	0	0	0	0	0	1	0	1	3	0	0	0	2	1	0	0	0	0	0	0	0	0	0	0	0	1	0	0	0	0	0	0	0	0	2	0	1	0	0	0	0	0	1	0	0	0	1	1	0	0	0
18	50	32	20	9	66	18	11	1	2	1	1	0	7	5	0	20	6	0	0	1	0	0	0	2	0	3	1	3	0	9	1	3	0	0	2	0	2	0	0	1	0	0	0	0	2	0	1	0	0	1	0	3	1	1	1	0	0	1	0	0	0	1	0	0	0	0	0	0	0	0	0	2	0	0	0	0	0	0	0	2	0	1	0	1	1	1	0	0	1	0	0	0	0	0	0	0	0	1	0	0	1	0	1	0	0	0	0	0	0	0	0	0	0	0	0	0	0	0	0	0	0	0	0	0	0	0	0	0	0	0	0	0	0	0	0	0	0	1	0	0	1	0	0	0	0	0	0	0	0	0	0	0	0	1	0	1	0	0	0	1	0	0	0	0	0	0	0	0	0	0	0	0
38	169	122	93	27	234	44	51	8	4	2	16	1	17	39	3	50	12	1	4	2	1	2	2	6	0	20	18	14	3	17	5	9	0	1	21	1	1	1	0	7	0	1	0	0	3	2	0	1	0	4	0	1	3	3	5	0	3	3	2	0	0	1	0	5	2	0	1	1	1	2	0	1	1	1	0	1	0	1	5	3	0	0	6	0	2	4	1	0	0	0	1	0	0	0	0	1	1	0	0	0	0	0	0	0	0	0	0	0	1	1	0	0	0	0	0	0	0	0	0	1	0	0	0	0	0	0	2	0	0	2	0	0	0	1	0	0	0	0	0	0	0	0	0	3	1	0	2	1	1	0	0	1	0	0	0	0	0	0	0	0	0	0	0	0	0	0	0	0	3	1	0	0
1	12	8	8	2	19	3	5	0	0	0	1	0	0	6	0	4	1	1	0	0	0	0	0	0	0	1	0	1	0	2	0	4	0	0	1	0	0	0	0	0	0	0	0	0	0	0	0	0	0	0	0	1	0	0	0	0	0	0	0	0	0	0	0	0	1	0	0	0	0	0	0	0	0	0	0	0	0	0	0	1	0	0	0	0	0	1	0	0	0	0	0	0	0	0	0	0	0	0	0	0	0	0	0	0	0	0	0	0	0	0	0	0	0	0	0	0	0	0	0	0	0	0	0	0	0	0	0	0	0	0	0	0	0	0	0	0	0	0	0	0	0	0	0	0	0	0	0	0	0	0	0	0	0	0	0	0	0	0	0	0	0	0	0	0	0	0	0	0	0	0	0	0
7	27	21	16	4	40	11	6	0	0	0	2	0	1	4	1	7	2	0	1	1	1	0	0	1	0	0	1	2	0	0	0	2	0	0	2	1	1	0	0	1	2	0	0	0	0	0	0	1	0	1	0	0	1	0	0	0	1	0	0	0	0	1	0	0	0	0	1	0	0	2	1	0	0	0	0	0	0	0	0	0	0	0	0	0	0	0	0	0	0	0	0	0	0	0	0	0	0	0	0	0	0	0	0	0	0	0	0	0	0	0	0	0	0	0	0	0	0	0	0	0	0	0	0	0	0	0	0	0	0	0	0	0	0	0	0	0	0	0	0	0	0	0	0	0	0	0	0	0	0	0	0	0	0	0	0	0	0	0	0	0	0	0	0	0	0	0	0	0	1	0	0	0
7	12	12	7	3	23	4	0	1	0	0	2	0	3	4	0	4	1	0	1	0	0	0	0	0	0	1	2	0	0	0	0	1	0	0	1	1	0	0	0	0	0	1	0	0	0	0	0	0	0	0	0	1	0	0	1	0	0	0	0	0	0	0	0	1	0	0	0	0	2	0	0	0	0	0	0	0	0	0	1	0	0	0	2	0	0	0	0	0	0	0	0	0	0	0	0	0	0	0	0	0	0	0	0	0	0	0	0	0	0	1	0	0	0	0	0	0	0	0	0	0	0	0	0	0	0	0	0	0	0	0	0	0	0	0	0	0	0	0	0	0	0	0	0	0	0	0	0	0	0	0	0	0	0	0	0	0	0	0	0	0	0	0	0	0	0	1	0	0	0	0	0	0
4	12	9	3	1	8	6	1	2	0	0	1	0	1	3	0	1	1	0	1	1	0	0	0	0	0	1	2	1	0	1	0	1	0	0	0	0	0	0	0	0	1	0	0	0	0	0	0	0	0	0	0	0	0	0	0	0	1	0	0	0	0	0	0	0	0	0	0	0	1	0	0	0	1	0	0	0	0	0	0	2	0	0	0	0	0	0	0	0	0	0	0	0	0	0	0	0	0	0	0	0	0	0	0	0	0	0	0	0	0	0	0	0	0	0	0	0	0	0	0	0	0	0	0	0	0	0	0	0	0	0	0	0	0	0	0	0	0	0	0	0	0	0	0	0	0	0	0	0	0	0	0	0	0	0	0	0	0	0	0	0	0	0	0	0	0	0	0	0	0	0	0	0
1	0	0	0	1	1	0	0	0	0	0	0	0	0	1	0	0	0	0	0	0	0	0	1	0	0	0	0	0	0	0	0	0	0	0	1	0	0	0	0	0	0	0	0	0	0	0	0	0	0	0	0	0	0	0	0	0	0	0	0	0	0	0	0	0	0	0	0	0	0	0	0	0	0	0	0	0	0	0	0	0	0	0	0	0	0	0	0	0	0	0	0	0	0	0	0	0	0	0	0	0	0	0	0	0	0	0	0	0	0	0	0	0	0	0	0	0	0	0	0	0	0	0	0	0	0	0	0	0	0	0	0	0	0	0	0	0	0	0	0	0	0	0	0	0	0	0	0	0	0	0	0	0	0	0	0	0	0	0	0	0	0	0	0	0	0	0	0	0	0	0	0	0
6	29	25	16	3	28	13	5	3	3	0	2	0	5	4	0	8	3	1	1	0	0	0	1	1	0	2	3	1	0	1	2	2	0	0	4	0	0	0	0	0	2	0	0	0	1	0	0	1	0	0	0	0	1	0	2	0	0	0	1	0	0	1	0	1	0	0	0	1	0	0	0	0	0	1	0	0	1	1	0	1	0	0	2	0	0	0	0	0	0	0	0	0	1	0	0	0	0	0	0	0	0	0	0	0	0	0	0	0	0	0	0	0	0	0	0	0	0	0	0	0	0	0	1	0	0	0	0	0	0	0	0	0	0	0	0	0	0	0	0	0	0	0	0	1	0	0	0	0	0	0	0	0	0	0	0	0	0	0	0	0	0	0	0	0	0	0	0	0	0	0	0	0
5	30	17	14	5	30	6	2	0	0	0	2	0	4	3	1	7	4	0	3	1	0	0	0	0	0	1	2	0	0	5	0	1	0	0	3	1	0	0	0	0	0	1	0	1	1	0	0	0	0	0	0	0	0	1	1	0	1	0	1	1	0	0	0	0	0	0	1	0	0	0	0	0	1	0	0	0	0	0	1	1	0	0	0	0	0	0	1	0	0	1	0	0	0	0	0	0	0	0	0	0	0	0	1	0	0	0	0	0	0	0	0	0	0	0	0	0	0	0	0	0	0	0	0	0	0	0	0	0	0	0	0	0	0	0	0	0	0	0	0	0	0	0	0	0	0	0	0	0	0	0	0	0	0	0	0	0	0	0	0	0	0	0	0	0	0	0	0	0	0	0	0	0
7	43	28	23	6	50	19	10	3	1	0	4	0	1	9	0	13	2	1	2	0	1	1	0	3	0	5	2	1	2	2	1	2	0	0	2	0	1	0	0	2	1	0	1	0	1	0	0	0	0	0	0	0	0	1	3	0	1	0	0	0	0	0	0	1	0	0	0	0	0	2	0	0	0	0	0	0	1	0	0	0	0	0	2	0	0	0	0	0	0	0	0	0	1	0	0	1	0	0	0	0	0	0	0	0	0	0	0	0	0	0	0	0	0	0	0	0	0	0	0	0	1	0	0	0	0	0	1	0	0	0	0	0	0	0	0	0	0	0	0	0	0	0	0	0	0	0	0	0	0	0	0	0	0	0	0	0	0	0	0	0	0	0	0	0	0	0	0	1	0	0	0	0
7	19	14	15	2	30	8	4	1	0	0	4	1	3	7	0	13	1	0	0	1	0	0	0	2	0	0	2	0	0	2	0	2	0	0	2	1	0	0	0	0	0	0	1	0	1	0	0	0	0	0	0	0	0	0	2	0	0	2	0	0	0	0	0	0	0	0	1	1	0	0	0	0	0	0	0	0	0	0	1	2	0	0	0	0	0	0	0	0	0	0	1	0	0	0	0	0	0	0	0	0	0	0	0	0	0	0	0	0	0	0	0	0	0	0	0	0	0	0	0	0	0	0	0	0	0	0	0	0	0	1	0	0	1	0	0	0	0	0	0	0	0	0	0	0	0	0	0	0	0	0	0	0	0	0	0	0	0	0	0	0	0	0	0	0	0	0	0	0	0	0	0	0
10	28	32	28	7	57	6	7	2	2	1	4	0	7	13	0	17	1	1	2	1	0	0	0	2	0	3	8	3	2	2	0	2	0	2	4	0	1	0	0	0	2	0	1	0	1	1	0	0	0	0	0	0	2	0	2	0	2	3	0	0	0	0	0	0	0	0	0	0	1	0	0	0	1	0	0	0	0	0	0	0	1	0	0	0	0	0	1	0	0	0	0	0	0	0	0	0	0	1	0	0	0	0	0	0	0	0	0	0	0	0	0	0	0	0	0	1	0	0	0	1	0	0	0	0	0	0	0	0	0	0	0	0	0	0	0	0	0	0	0	0	0	0	0	2	0	0	0	0	0	0	0	0	0	0	0	0	0	1	0	0	0	0	0	0	0	0	0	0	0	1	0	1
1	2	5	4	0	9	1	2	0	0	0	1	0	0	1	0	3	1	0	0	0	0	0	0	0	0	1	0	1	0	1	0	3	0	0	1	0	0	0	0	0	0	0	0	0	0	0	0	0	0	1	0	0	0	0	0	0	0	0	0	0	0	0	0	0	0	0	0	1	0	2	0	0	0	0	0	0	0	0	0	0	0	0	1	0	0	1	0	0	0	0	0	0	0	0	0	0	0	0	0	0	0	0	0	0	0	0	0	0	0	0	0	0	0	0	0	0	0	0	0	0	0	0	0	0	0	0	0	0	0	0	0	0	0	0	0	0	0	0	0	0	0	0	0	0	0	0	0	0	0	0	0	0	0	0	0	0	0	1	0	0	0	0	0	0	0	0	0	0	0	0	0	0
14	33	32	25	9	54	17	5	3	0	3	11	0	3	5	0	16	2	0	1	2	0	0	1	3	0	4	1	4	0	4	1	6	0	0	7	0	1	0	0	1	0	0	0	1	1	0	0	0	0	2	0	3	1	0	1	0	2	1	1	0	0	0	0	0	1	0	0	0	0	2	0	0	0	0	0	0	0	0	0	1	0	0	2	0	0	0	0	0	0	0	0	0	0	0	0	0	0	1	0	0	0	0	0	0	0	1	0	0	0	0	0	0	0	0	0	0	0	0	0	0	0	0	0	0	0	1	0	0	0	1	0	0	0	0	0	0	0	0	0	0	0	0	0	0	0	0	0	0	0	0	0	0	0	0	0	0	0	1	0	0	0	0	0	0	0	1	0	0	0	0	0	0
1	2	1	1	0	4	0	1	0	0	0	0	0	0	0	0	0	0	0	1	0	0	0	0	0	0	0	0	0	0	1	0	0	0	0	0	0	0	0	0	0	0	0	0	0	0	0	0	0	0	0	0	0	0	0	0	0	0	0	0	0	0	0	0	0	0	0	0	0	0	0	0	0	0	0	0	0	0	0	0	0	0	0	0	0	0	0	0	0	0	0	0	0	0	0	0	0	0	0	0	0	0	0	0	0	0	0	0	0	0	0	0	0	0	0	0	0	0	0	0	0	0	0	0	0	0	0	0	0	0	0	0	0	0	0	0	0	0	0	0	0	0	0	0	0	0	0	0	0	0	0	0	0	0	0	0	0	0	0	0	0	0	0	0	0	0	0	0	0	0	0	0	0
5	2	8	2	1	5	1	1	0	0	0	0	0	1	3	0	1	1	0	0	0	0	0	0	0	0	1	0	0	0	0	1	0	0	0	0	0	0	0	0	1	0	0	0	0	0	0	0	0	0	0	0	0	0	0	1	0	0	0	0	0	0	0	0	0	0	0	0	0	0	0	0	0	0	0	0	0	0	0	0	0	0	0	0	0	0	1	0	0	0	0	0	0	0	0	0	0	0	0	0	0	0	0	0	0	0	0	0	0	0	0	0	0	0	0	0	0	0	0	0	0	0	0	0	0	0	0	0	0	0	0	0	0	0	0	0	0	0	0	0	0	0	0	0	0	0	0	0	0	0	0	0	0	0	0	0	0	0	0	0	0	0	0	0	0	0	0	0	0	0	0	0	0
3	15	15	9	2	18	5	3	1	1	1	1	0	1	2	1	6	1	0	0	0	0	0	0	1	0	0	2	0	0	0	1	0	0	0	2	0	0	0	0	1	0	1	0	0	0	0	0	0	0	0	0	0	0	1	1	0	0	0	0	0	0	0	0	0	0	0	0	0	0	0	0	0	0	0	0	0	0	0	0	0	0	0	0	0	0	0	0	0	0	0	0	0	0	0	0	0	0	0	0	0	0	0	0	0	0	0	0	0	0	0	0	0	0	0	0	0	0	0	0	0	0	0	0	0	0	0	0	0	0	1	0	0	0	0	0	0	0	0	0	0	0	0	0	0	0	0	0	0	0	0	0	0	0	0	0	0	0	0	0	0	0	0	0	0	0	0	0	0	0	1	0	0
6	7	9	7	0	14	2	2	0	2	0	0	0	1	3	0	1	0	0	0	0	0	0	0	0	0	1	0	0	1	1	0	0	0	0	2	2	0	0	0	1	0	0	0	0	0	1	0	0	0	1	1	0	1	0	0	0	0	0	0	0	0	0	0	0	0	0	0	0	0	1	0	0	0	0	0	0	0	0	0	1	0	0	0	0	0	0	0	0	0	0	0	0	0	0	0	0	0	0	0	0	0	0	0	0	0	0	0	0	0	0	0	0	0	0	0	0	0	0	0	0	0	0	0	0	0	0	0	0	0	0	0	0	0	0	0	0	0	0	0	0	0	0	0	0	0	0	0	0	0	0	0	0	0	0	0	0	0	0	0	0	0	1	0	0	0	0	0	1	0	0	0	0
18	56	34	27	5	58	11	10	3	5	0	5	0	6	13	1	13	2	0	3	1	0	0	2	3	0	8	1	3	1	5	2	5	0	0	5	0	0	0	0	2	0	1	1	1	1	0	0	0	0	0	0	2	1	1	2	0	2	2	0	0	0	0	0	0	1	0	1	0	0	1	0	0	0	0	0	0	0	1	1	0	0	1	0	0	0	0	0	0	0	0	1	0	1	0	0	0	0	0	0	0	0	0	0	0	0	0	0	1	0	0	0	0	0	0	0	0	0	0	0	0	0	0	0	0	0	0	0	0	0	0	0	0	0	0	0	0	0	0	0	0	0	0	0	0	0	0	0	0	0	0	0	0	0	0	1	0	0	0	0	0	0	0	0	0	0	0	0	2	0	0	0	0
0	1	3	2	0	10	1	0	0	0	0	0	0	0	0	0	0	1	0	0	0	0	0	0	1	0	1	1	0	0	1	0	0	0	0	0	0	0	0	0	0	0	0	0	0	0	0	0	0	0	0	0	0	0	0	0	0	0	0	0	0	0	0	0	0	0	0	0	0	1	0	0	0	0	0	0	0	0	0	0	0	0	0	0	0	0	0	0	0	0	0	0	0	0	0	0	0	0	0	0	0	0	0	0	0	0	0	0	0	0	0	0	0	0	0	0	0	0	0	0	0	0	0	0	0	0	0	0	0	0	0	0	0	0	0	0	0	0	0	0	0	0	0	0	0	0	0	0	0	0	0	0	0	0	0	0	0	0	0	0	0	0	0	0	0	0	0	0	0	0	0	0	0
3	14	10	8	1	9	5	2	0	2	1	1	0	1	3	0	4	1	0	0	0	0	0	0	0	0	0	0	0	0	0	0	0	0	0	0	0	0	0	0	0	0	0	0	0	1	1	0	0	0	0	0	0	0	0	0	0	1	0	0	0	0	0	0	0	0	1	0	0	0	0	0	0	1	0	0	0	0	0	1	1	0	0	0	0	0	0	0	0	0	0	0	0	0	0	0	0	0	0	0	0	0	0	0	0	0	0	0	0	0	0	0	0	0	0	0	0	0	0	0	0	0	0	0	0	0	0	0	0	0	0	0	0	0	0	0	0	0	0	0	0	0	0	0	0	0	0	0	0	0	0	0	0	0	0	0	0	0	0	0	0	0	0	0	0	0	0	0	0	0	0	0	0
2	7	7	2	1	6	1	1	0	1	0	0	0	2	1	0	0	1	0	0	0	0	0	0	0	0	0	0	1	0	1	1	0	0	0	0	0	0	0	0	0	0	0	0	0	0	0	0	0	0	0	0	0	0	0	0	0	0	0	0	0	0	0	0	0	0	0	0	0	0	0	0	1	0	0	0	0	0	0	0	0	1	0	0	0	0	1	0	0	0	0	0	0	0	0	0	0	0	0	0	0	0	0	0	0	0	0	0	0	0	0	0	0	0	0	0	0	0	0	0	0	0	0	0	0	0	0	0	0	0	0	0	0	0	0	0	0	0	0	0	0	0	0	0	0	0	0	0	0	0	0	0	0	0	0	0	0	0	0	0	0	0	0	0	0	0	0	0	0	0	0	0	0
8	21	20	11	4	41	5	5	0	1	1	4	0	1	2	0	5	2	0	0	0	2	1	0	0	0	3	2	2	0	5	1	4	0	0	1	2	0	0	0	1	0	0	0	0	0	0	0	0	0	0	0	0	2	0	1	0	1	0	0	0	0	0	0	1	0	0	0	0	0	0	0	1	0	1	0	0	0	0	1	1	0	0	2	0	0	0	0	0	0	0	0	0	1	0	0	1	0	0	0	0	0	0	0	0	0	0	0	0	0	0	0	0	0	0	0	0	0	0	0	0	0	0	0	0	0	0	0	0	0	0	0	0	0	0	0	0	0	0	1	0	0	0	0	1	0	0	0	0	0	0	0	0	0	0	0	0	0	0	0	0	0	0	0	0	0	0	0	0	1	0	0	0
1	9	7	4	3	8	1	1	2	2	1	2	0	2	3	0	4	0	0	1	0	0	0	0	0	0	1	0	1	1	0	0	2	0	0	1	0	0	0	0	0	0	0	0	0	0	0	0	0	0	0	0	0	0	0	0	0	0	0	0	0	0	0	0	0	0	0	0	0	0	0	0	0	0	0	0	0	1	0	0	0	0	0	0	0	0	0	1	0	0	0	0	0	0	0	0	0	0	0	0	0	0	0	0	0	0	0	0	0	0	0	0	0	0	0	0	0	0	0	0	0	0	0	0	0	0	0	0	0	0	0	0	0	0	0	0	0	0	0	0	0	0	0	0	0	0	0	0	0	0	0	0	0	0	0	0	0	0	0	0	0	0	0	0	0	0	0	0	0	0	0	0	0
7	19	16	9	0	31	9	3	2	1	0	3	0	2	2	0	9	1	1	2	1	0	0	0	2	0	3	3	0	0	4	2	0	0	0	1	0	0	0	0	2	0	0	0	0	1	0	0	0	0	1	0	1	0	0	3	0	0	1	0	0	0	0	0	0	0	0	0	0	1	0	0	0	0	0	0	0	0	1	0	0	0	0	0	0	0	0	1	0	0	0	0	0	0	0	0	0	0	0	0	0	0	0	0	0	0	0	0	0	0	0	0	0	0	0	0	0	0	0	0	0	0	0	0	0	0	0	0	0	0	0	0	0	0	0	0	0	0	0	0	0	0	0	0	0	0	0	0	0	0	0	0	0	0	0	0	0	0	0	0	0	0	0	0	0	0	0	0	0	0	0	0	0
27	88	83	47	23	120	27	33	4	4	1	17	0	10	18	0	30	10	0	3	6	1	5	1	2	0	7	10	6	1	9	3	6	0	0	14	2	1	1	0	2	0	1	4	2	1	0	1	0	0	0	0	6	2	3	1	0	0	1	2	0	0	0	0	3	1	0	0	0	1	2	0	0	1	0	0	2	0	0	3	4	0	1	1	0	0	1	1	0	0	0	0	0	0	1	0	1	1	0	0	0	0	0	1	0	0	0	0	0	0	0	1	0	0	1	0	1	0	0	0	1	0	0	0	0	0	0	1	0	0	0	0	0	0	0	0	1	0	0	0	0	0	0	0	0	1	0	0	0	0	0	0	0	0	0	0	0	0	0	0	0	0	0	0	0	0	0	0	1	0	0	0	0
2	19	13	11	3	34	3	2	1	0	1	1	0	2	4	0	6	0	0	0	0	1	0	0	1	0	2	0	1	0	1	1	1	0	0	1	0	0	0	0	0	0	0	0	0	1	0	0	0	0	1	0	0	0	1	0	0	0	0	0	0	0	0	0	0	1	0	0	0	0	0	0	0	0	0	0	0	0	0	1	0	0	0	1	0	0	1	0	0	0	0	0	0	0	0	0	0	0	0	0	0	0	0	0	0	0	0	0	0	0	0	0	0	0	0	0	0	0	0	0	0	0	0	0	0	0	0	0	0	0	1	0	0	0	0	0	0	0	0	0	0	0	0	0	0	0	0	0	0	0	0	0	0	0	0	0	0	0	0	0	0	0	0	0	0	0	0	0	0	0	1	0	0
0	1	0	0	0	1	0	0	0	0	0	0	0	1	0	0	0	0	0	0	0	0	0	0	0	0	0	0	0	0	0	0	0	0	0	0	0	0	0	0	0	0	0	0	0	0	0	0	0	0	0	0	0	0	0	0	0	0	0	0	0	0	0	0	0	0	0	0	0	0	0	0	0	0	0	0	0	0	0	0	0	0	0	0	0	0	0	0	0	0	0	0	0	0	0	0	0	0	0	0	0	0	0	0	0	0	0	0	0	0	0	0	0	0	0	0	0	0	0	0	0	0	0	0	0	0	0	0	0	0	0	0	0	0	0	0	0	0	0	0	0	0	0	0	0	0	0	0	0	0	0	0	0	0	0	0	0	0	0	0	0	0	0	0	0	0	0	0	0	0	0	0	0
1	20	12	5	0	32	10	1	1	0	0	2	0	2	3	0	3	2	0	0	0	0	1	0	0	0	1	2	0	0	0	0	1	0	0	1	0	0	0	0	0	0	0	0	0	0	0	0	0	0	0	0	0	0	0	1	0	0	1	0	0	0	0	0	0	1	0	0	0	0	0	0	0	0	0	0	0	0	0	0	2	0	0	0	0	0	0	0	0	0	0	0	0	0	0	0	0	0	0	0	0	0	0	0	0	0	0	0	0	0	0	0	0	0	0	0	0	0	0	0	0	0	0	0	0	0	0	0	0	0	0	0	0	0	0	0	0	0	0	0	0	0	0	0	0	0	0	0	0	0	0	0	0	0	0	0	0	0	0	0	0	0	0	0	0	0	0	0	0	0	0	0	0
5	4	6	4	0	5	4	0	0	0	0	0	0	0	1	0	1	0	0	0	0	0	0	0	1	1	0	1	0	0	1	0	0	0	0	2	1	0	0	0	0	0	0	0	0	0	0	0	0	0	0	0	0	0	1	1	0	0	0	0	0	0	0	0	1	0	0	0	0	0	0	0	0	0	0	0	0	0	0	1	0	0	0	0	0	0	0	0	0	0	0	0	0	1	0	0	0	0	0	0	0	0	0	0	0	0	0	0	0	0	0	0	0	0	0	0	0	0	0	0	0	0	0	0	0	0	0	0	0	0	0	0	0	0	0	0	0	0	0	0	0	0	0	0	0	0	0	0	0	0	0	0	0	0	0	0	0	0	0	0	0	0	0	0	0	0	0	0	0	0	0	0	0
5	43	24	23	4	43	9	10	1	0	0	2	2	7	7	0	8	3	0	1	1	0	0	0	1	0	3	8	2	2	3	0	3	0	0	2	0	0	0	0	0	0	0	0	1	1	0	1	1	0	2	0	0	1	0	1	0	0	0	0	0	0	1	0	0	0	0	0	0	0	2	0	0	0	0	0	0	0	0	0	2	0	0	0	0	0	0	1	0	0	0	0	0	0	0	0	0	1	0	0	0	0	0	0	0	0	0	0	0	0	0	0	0	0	0	0	0	0	0	0	0	0	0	0	0	0	0	0	0	0	0	0	0	0	0	0	0	1	0	0	0	0	0	0	0	0	0	0	0	0	0	0	0	0	0	0	0	0	0	0	0	0	0	0	0	0	0	0	1	0	0	0	0
7	32	26	9	5	47	9	6	1	2	3	4	0	1	1	0	9	4	2	1	1	0	2	0	0	0	4	4	2	2	2	0	2	0	1	5	1	1	0	0	1	1	0	0	0	0	0	0	2	0	0	0	0	0	1	1	0	2	1	0	0	0	1	0	0	0	0	0	0	1	0	0	0	0	0	0	0	1	0	1	1	0	0	0	0	0	0	0	0	0	0	0	1	0	0	0	0	0	0	0	0	0	0	0	0	0	0	0	0	0	1	0	0	0	0	0	0	0	0	0	0	0	0	0	0	0	0	0	0	0	0	0	0	0	0	0	0	0	0	0	0	0	0	0	1	0	0	0	0	0	0	0	0	0	0	0	0	0	0	0	0	0	0	0	0	0	0	0	0	0	0	0	0
11	24	30	25	4	45	9	9	0	1	0	3	0	7	12	2	12	4	0	2	1	2	0	2	1	0	1	4	2	0	0	0	2	0	0	2	1	0	0	0	1	0	0	0	0	1	0	0	0	0	0	0	0	0	0	2	0	0	1	0	0	0	0	0	0	1	0	0	0	0	2	0	0	2	0	0	0	0	0	0	2	0	0	0	0	0	0	0	0	0	0	2	0	1	0	0	0	0	0	1	1	0	0	0	0	0	0	0	0	1	0	0	0	0	0	0	1	0	0	0	0	0	0	0	0	0	0	0	0	0	0	0	0	0	0	0	0	0	0	0	0	0	0	0	0	0	0	0	0	0	1	1	0	0	0	0	0	0	0	0	0	0	0	0	0	0	0	0	0	0	1	0	0
2	21	14	5	2	19	5	6	0	0	0	2	1	4	4	0	4	1	0	4	0	0	0	0	1	0	0	0	0	0	2	0	2	0	0	1	0	0	0	0	1	0	0	0	0	0	0	0	0	0	1	0	0	1	1	0	1	0	0	0	0	0	0	0	1	0	0	0	0	0	0	0	0	0	0	0	0	0	0	0	0	0	0	1	0	1	0	0	0	0	0	0	0	0	0	0	0	0	0	0	1	0	0	0	0	0	0	0	0	0	0	0	0	0	0	0	0	0	0	0	0	0	0	0	0	0	0	0	1	0	0	0	0	0	0	0	0	0	0	0	0	0	0	0	0	0	0	0	0	0	0	0	0	0	0	0	0	0	0	0	0	0	0	0	0	0	1	0	0	0	0	0	0
0	0	2	2	0	0	0	0	0	0	0	0	0	0	1	0	0	0	0	0	0	0	0	0	0	0	0	0	0	0	0	0	0	0	0	0	0	0	0	0	0	0	0	0	0	0	0	0	0	0	0	0	0	0	0	0	0	0	0	0	0	0	0	0	0	0	0	0	0	0	0	0	0	0	0	0	0	0	0	1	0	0	0	0	0	0	0	0	0	0	0	0	0	0	0	0	0	0	0	0	0	0	0	0	0	0	0	0	0	0	0	0	0	0	0	0	0	0	0	0	0	0	0	0	0	0	0	0	0	0	0	0	0	0	0	0	0	0	0	0	0	0	0	0	0	0	0	0	0	0	0	0	0	0	0	0	0	0	0	0	0	0	0	0	0	0	0	0	0	0	0	0	0
6	22	17	7	0	19	10	6	1	0	0	3	0	1	7	0	8	1	0	0	2	0	0	0	0	0	3	1	0	0	1	0	0	0	0	1	0	0	0	0	0	0	0	0	0	0	0	0	0	0	0	0	1	1	0	0	0	0	0	0	0	0	0	0	0	0	0	0	0	0	1	0	0	0	0	0	0	0	0	0	1	0	0	2	0	0	0	0	0	0	0	0	0	0	0	0	0	0	0	0	0	0	0	0	0	0	0	0	0	0	0	0	0	0	0	0	0	0	0	0	0	0	0	0	0	0	0	0	0	0	0	0	0	0	0	0	0	0	0	0	0	0	0	0	0	0	0	0	0	0	0	0	0	0	0	0	0	0	0	0	0	0	0	0	0	0	0	0	0	0	0	0	0
10	50	51	32	10	69	14	11	5	3	1	9	3	10	10	0	14	3	1	2	1	0	0	0	3	0	4	10	3	1	2	0	4	0	0	4	0	0	0	0	1	2	0	0	1	3	1	0	0	0	0	0	0	2	1	3	0	3	2	0	0	0	0	0	0	1	1	1	1	0	1	0	0	0	0	0	0	0	0	3	1	1	0	1	0	0	2	1	0	0	0	0	0	1	0	0	0	0	0	0	0	0	0	0	0	0	0	0	0	0	0	0	0	0	0	0	1	0	0	0	0	0	0	0	0	0	0	1	0	0	0	0	0	0	0	0	0	0	0	0	0	0	0	0	0	1	0	0	0	1	0	1	0	0	0	0	0	0	0	0	0	0	0	0	0	0	0	0	0	0	0	0	0
3	9	4	4	2	7	4	1	0	0	0	0	0	1	2	0	2	0	0	1	0	0	0	0	0	0	0	1	0	0	2	0	0	0	0	1	0	0	0	0	0	0	0	0	0	0	0	0	0	0	0	0	1	0	0	0	0	1	1	0	0	0	0	0	0	0	0	0	0	0	0	0	0	1	0	0	0	0	0	0	0	0	0	0	0	0	0	0	0	1	0	0	0	0	0	0	0	0	0	0	0	0	0	0	0	0	0	0	0	0	0	0	0	0	0	0	0	0	0	0	0	0	0	0	0	0	0	0	0	0	0	0	0	0	0	0	0	0	0	0	0	0	0	0	0	0	0	0	0	0	0	0	0	0	0	0	0	0	0	0	0	0	0	0	0	0	0	0	0	0	0	0	0
6	18	9	12	2	18	5	4	0	0	2	2	0	3	7	1	3	2	0	0	0	0	0	0	0	0	1	2	1	1	1	0	1	0	0	0	0	0	0	0	0	0	0	0	1	0	0	0	0	0	1	0	0	0	0	2	0	0	1	0	0	0	1	0	0	0	1	0	0	0	0	0	0	0	0	0	0	0	0	0	1	0	0	0	0	0	0	0	0	0	0	0	0	0	0	0	0	0	0	0	0	0	0	0	0	0	0	0	0	0	0	0	0	0	0	0	0	0	0	0	0	0	0	0	0	0	0	2	0	0	0	0	0	0	0	0	0	0	0	0	0	0	0	0	0	1	0	0	0	0	0	0	0	0	0	0	0	0	0	0	0	0	0	0	0	0	0	0	0	0	0	0	0
10	25	28	10	2	28	16	6	1	0	1	1	1	5	12	0	8	0	0	0	0	0	0	0	0	0	3	0	2	0	4	0	1	0	0	1	0	0	0	0	1	0	1	1	0	0	0	1	0	0	0	0	0	0	0	0	0	0	0	1	0	0	0	0	2	0	0	0	0	0	0	0	1	1	0	0	0	0	0	0	1	0	0	0	0	0	0	0	0	0	0	0	0	1	0	0	0	1	0	0	0	0	0	0	0	0	0	0	0	0	0	0	0	0	0	0	0	0	0	0	0	0	0	0	0	0	0	0	0	0	0	0	0	0	0	0	0	1	0	0	0	0	0	0	1	0	0	1	0	0	0	0	0	0	0	0	0	0	0	0	0	0	0	0	0	0	0	0	0	0	0	0	0
0	10	11	4	0	15	4	2	1	0	0	0	0	2	6	0	0	0	2	3	1	0	0	0	0	0	0	1	2	0	0	0	1	0	0	3	0	0	0	0	0	0	0	0	0	0	0	0	0	0	0	0	0	0	1	0	0	0	2	0	0	0	0	0	0	0	0	0	0	0	0	0	0	0	0	0	0	0	0	0	0	0	0	0	0	0	1	0	0	0	0	0	0	0	0	0	0	0	0	0	0	0	0	0	0	0	0	0	0	0	0	0	0	0	0	0	0	0	0	0	0	0	0	0	0	0	0	1	0	0	0	0	0	0	0	1	0	0	0	0	0	0	0	0	0	0	0	0	0	0	0	0	0	0	0	0	0	0	1	0	0	0	0	0	0	0	0	0	0	0	0	0	0
0	3	2	3	1	8	0	0	0	0	0	0	0	2	2	0	0	1	0	0	0	0	0	0	0	0	0	0	0	0	0	0	0	0	0	0	0	0	0	0	0	0	0	0	0	0	0	0	0	0	0	0	0	0	0	2	0	1	0	0	0	0	0	0	1	0	0	0	0	0	0	0	0	0	0	0	1	0	0	1	0	0	0	1	0	0	0	0	0	0	0	0	0	0	0	0	0	0	0	0	0	0	0	0	0	0	0	0	0	0	0	0	0	0	0	0	0	0	0	0	0	0	0	0	0	0	0	0	0	0	0	0	0	0	0	0	0	0	0	0	0	0	0	0	0	0	0	0	0	0	0	0	0	0	0	0	0	0	0	0	0	0	0	0	0	0	0	0	0	0	0	0	0
5	19	18	7	3	28	7	5	2	1	0	1	0	1	8	0	7	0	0	2	0	1	1	0	1	0	2	2	2	0	2	1	2	0	0	5	1	0	0	0	0	1	0	0	1	0	0	0	0	0	1	0	1	0	0	1	0	0	0	0	0	0	0	0	0	0	0	0	0	0	1	0	0	0	0	0	0	0	0	0	0	0	0	0	0	0	0	0	0	0	0	0	0	0	0	0	0	0	0	0	0	0	0	0	0	0	0	0	0	0	1	0	1	0	0	0	0	0	0	0	1	0	0	0	0	0	0	0	0	0	0	0	0	0	0	0	0	0	0	0	0	0	0	0	0	0	0	0	0	0	0	0	0	0	0	0	0	0	0	0	0	0	0	0	0	0	0	0	0	0	0	0	0
0	15	17	8	4	26	1	2	3	2	0	1	0	0	3	0	3	1	0	1	1	0	0	0	2	0	4	2	0	0	1	0	1	0	1	1	1	0	0	0	0	0	0	0	0	0	0	0	0	0	0	0	0	1	1	1	0	0	1	0	0	0	0	0	0	0	0	0	0	0	1	0	0	0	0	0	0	0	0	0	0	0	0	0	0	0	0	0	0	0	0	0	0	0	0	0	0	0	1	0	0	0	0	0	0	0	0	0	0	0	0	0	0	0	0	0	0	0	0	0	0	0	0	0	0	0	0	0	0	0	0	0	0	0	0	0	0	0	0	0	0	0	0	0	0	0	0	0	0	0	0	0	0	0	0	0	0	0	0	0	0	0	0	0	0	0	0	0	0	0	0	0	0
2	11	9	13	2	19	2	3	0	1	0	5	0	3	5	0	5	1	0	0	0	0	0	0	0	0	1	1	1	1	1	0	2	0	0	1	2	0	0	0	0	0	0	1	1	0	0	0	0	0	0	0	0	0	0	1	0	0	0	0	0	0	0	0	0	0	0	0	0	0	0	0	0	0	0	0	0	0	0	1	0	0	0	0	0	0	0	0	0	0	0	1	0	0	0	0	0	0	0	0	0	0	0	0	0	0	0	0	0	0	0	0	0	0	0	0	0	0	0	0	0	0	0	0	0	0	0	0	0	0	0	0	0	0	0	0	0	0	0	0	1	0	0	0	0	0	0	0	0	0	0	0	0	0	0	0	0	0	0	0	0	0	0	0	1	0	0	0	0	0	0	0	0
6	14	14	10	2	22	8	5	1	0	0	2	0	3	4	1	3	0	0	0	2	0	1	0	0	0	1	0	1	0	2	0	1	0	0	4	0	0	1	0	0	0	0	0	0	0	0	1	0	0	0	0	0	1	0	0	0	1	0	0	0	0	0	0	1	0	0	0	0	0	1	0	0	0	0	0	0	0	0	0	0	0	0	0	0	0	0	0	0	0	0	0	0	0	0	0	0	0	0	0	0	0	0	0	0	0	0	0	0	0	0	0	0	0	0	0	0	0	0	0	0	0	0	0	0	0	0	0	0	0	0	0	0	0	1	0	0	0	1	0	0	0	0	0	1	0	0	0	0	0	0	0	0	0	0	0	0	0	0	0	0	0	0	0	0	0	0	0	0	0	0	0	0
4	16	14	6	4	15	4	7	2	0	0	1	2	0	2	1	7	2	1	1	0	0	0	1	1	0	3	1	0	0	1	0	3	0	0	0	0	0	0	0	2	0	0	1	0	0	0	0	0	0	0	0	0	0	0	2	0	1	0	0	0	0	0	0	0	0	0	0	0	0	0	0	2	0	0	0	0	0	0	0	0	0	0	1	0	0	1	0	0	0	0	0	0	0	0	0	0	0	0	0	0	0	0	0	0	0	0	0	0	0	0	0	0	0	0	0	0	0	0	0	0	0	0	0	0	0	0	0	0	0	0	0	0	0	1	0	0	0	0	0	0	0	0	0	0	0	0	0	0	0	0	0	0	0	0	0	0	0	0	0	0	0	0	0	0	0	0	0	0	0	1	0	0
5	12	5	13	1	8	3	3	1	0	0	1	0	0	3	0	4	0	0	0	0	0	1	0	0	0	1	0	1	0	0	0	2	0	0	1	0	0	0	0	0	0	0	0	0	0	0	0	0	0	1	0	0	0	1	0	0	0	0	0	0	0	0	0	0	0	0	0	0	0	0	0	0	0	0	0	0	1	0	0	1	0	0	0	0	0	0	0	0	0	0	0	0	0	0	0	0	0	0	0	0	0	0	1	0	0	0	0	0	0	0	0	0	0	0	0	0	0	0	0	0	0	0	0	0	0	0	0	0	0	0	0	0	0	0	0	0	1	0	0	0	0	0	0	0	0	0	0	0	0	0	0	0	0	0	0	0	0	0	0	0	0	0	0	0	0	0	0	0	0	0	0	0
2	3	2	4	0	9	1	1	1	0	0	0	0	3	1	0	3	2	0	0	0	0	0	0	0	0	0	0	1	0	1	0	0	0	0	0	0	0	0	0	0	0	0	0	0	0	0	0	0	0	0	0	0	0	0	0	0	0	0	0	0	0	0	0	0	0	0	0	0	0	0	0	0	0	0	0	0	0	0	0	0	0	0	0	0	0	0	0	0	0	0	0	0	0	0	0	0	0	0	0	0	0	0	0	0	0	0	0	0	0	0	0	0	0	0	0	0	0	0	0	0	0	0	0	0	0	0	0	0	0	0	0	0	0	0	0	0	0	0	0	0	0	0	0	0	0	0	0	0	0	0	0	0	0	0	0	0	0	0	0	0	0	0	0	0	0	0	0	0	0	0	0	0
5	27	18	11	4	29	2	5	0	0	0	2	0	3	2	1	9	1	0	0	0	0	0	0	0	0	0	1	1	1	0	0	2	0	0	0	0	2	0	0	0	0	0	0	0	1	1	0	0	0	1	0	0	0	2	2	0	1	1	0	0	0	0	0	0	1	0	0	0	0	0	0	0	0	1	0	1	0	0	0	1	0	0	1	0	0	0	0	0	0	0	0	0	0	0	0	1	1	1	0	0	0	0	0	0	0	0	0	0	0	0	0	0	0	0	0	0	0	0	0	0	0	0	0	0	0	0	0	0	0	0	0	0	0	0	0	0	0	0	0	0	0	0	0	1	0	0	0	0	0	0	0	0	0	0	0	0	0	0	0	0	0	0	0	0	0	0	0	0	0	0	0	0
3	12	11	8	2	14	2	6	1	1	0	3	0	1	1	0	2	1	0	0	0	0	0	0	0	0	2	0	0	0	1	0	1	0	0	2	0	0	0	0	0	0	0	1	0	1	0	0	0	0	0	0	0	1	0	0	0	0	0	0	0	0	0	0	0	0	0	0	0	0	0	0	0	0	0	0	0	0	0	0	0	0	0	1	0	0	0	0	0	0	0	0	0	0	0	0	0	0	0	0	0	0	0	0	0	0	0	0	0	0	1	0	0	0	0	0	0	0	0	0	0	0	0	0	0	0	0	0	0	0	0	0	0	0	0	0	0	0	0	0	0	0	0	0	0	1	0	0	0	0	0	0	0	0	0	0	0	0	0	0	0	0	0	0	0	0	0	0	0	0	0	0	0
2	11	8	3	1	9	6	2	1	0	0	1	0	0	3	0	3	1	0	0	0	0	0	0	0	0	0	1	1	0	0	0	2	0	0	2	0	1	0	0	0	0	0	0	0	1	0	0	0	0	2	0	1	1	0	0	0	0	0	0	0	0	0	0	1	0	0	0	0	1	0	0	0	1	0	0	0	0	0	1	0	0	0	0	0	0	0	0	0	0	0	0	0	0	0	0	0	0	0	0	0	1	0	0	0	0	0	0	0	0	0	0	0	0	0	0	0	0	0	0	0	0	0	0	0	0	0	0	0	0	0	0	0	0	0	0	0	0	0	0	0	0	0	0	0	0	0	0	0	0	0	0	0	0	0	0	0	0	0	0	0	0	0	0	0	0	0	0	1	0	0	0	0
2	12	5	1	0	16	4	2	0	0	0	1	0	3	2	1	4	1	0	0	0	0	0	0	0	0	0	2	0	0	0	0	1	0	0	0	0	0	0	0	0	0	0	0	0	0	0	0	0	0	0	0	0	1	0	0	0	0	1	0	0	0	0	0	0	0	0	0	0	0	0	0	0	1	0	0	0	0	0	0	0	0	0	0	0	0	0	0	0	0	0	0	0	0	0	0	0	0	0	0	0	0	0	0	0	0	0	0	0	0	0	0	0	0	0	0	1	0	0	0	0	0	0	0	0	0	0	0	0	0	0	0	0	0	0	0	0	0	0	0	0	0	0	0	0	0	0	0	0	0	0	0	0	0	0	0	0	0	0	0	0	0	0	0	0	0	0	0	0	0	0	0	0
2	5	10	5	1	19	4	1	2	0	0	2	0	2	6	0	3	2	0	0	0	0	0	0	0	0	0	0	1	0	0	0	1	0	0	1	0	0	0	0	0	0	0	0	0	1	1	0	0	0	1	0	0	0	0	0	0	1	0	0	0	0	0	0	1	0	0	0	0	0	0	0	0	0	0	0	0	0	0	0	0	0	0	0	0	0	0	0	0	1	0	0	0	0	0	0	0	0	0	0	0	0	0	0	0	0	0	0	0	0	0	0	0	0	0	0	1	0	0	0	0	0	0	0	0	0	0	0	0	0	1	0	0	0	0	0	1	0	0	0	0	0	0	0	0	0	0	0	0	0	0	0	0	0	0	0	0	0	0	0	0	0	0	0	0	0	0	0	0	0	0	0	0
3	3	4	1	0	6	1	3	0	1	1	1	0	0	2	0	1	0	0	1	0	0	0	0	1	0	0	0	0	0	1	0	1	0	0	1	0	0	0	0	0	0	0	0	0	0	0	0	0	0	0	0	0	1	0	1	0	0	0	0	0	0	0	0	0	0	0	0	0	0	0	0	0	0	0	0	0	0	0	0	0	0	0	1	0	0	0	0	0	0	0	0	0	0	0	0	0	0	0	0	0	0	0	0	0	0	0	0	0	0	0	0	0	0	0	0	0	0	0	0	0	0	0	0	0	0	0	0	0	0	0	0	0	0	0	0	0	0	0	0	0	0	0	0	0	0	0	0	0	0	0	0	0	0	0	0	0	0	0	0	0	0	0	0	0	0	0	0	0	0	0	0	0
0	2	3	2	0	6	0	1	1	0	0	1	0	0	0	0	1	0	0	0	0	0	0	0	0	0	0	0	0	0	0	0	0	0	0	0	0	0	0	0	1	0	0	0	0	0	0	0	0	0	0	0	0	0	0	0	0	0	0	0	0	0	0	0	0	0	0	0	0	0	0	0	0	0	0	0	0	0	0	0	0	0	0	0	0	0	0	0	0	0	0	0	0	0	0	0	0	0	0	0	0	0	0	0	0	0	0	0	0	0	0	0	0	0	0	0	0	0	0	0	0	0	0	0	0	0	0	0	0	0	0	0	0	0	0	0	0	0	0	0	0	0	0	0	0	0	0	0	0	0	0	0	0	0	0	0	0	0	0	0	0	0	0	0	0	0	0	0	0	0	0	0	0
1	6	5	4	1	8	1	1	0	0	0	0	0	0	2	0	6	2	0	0	0	0	0	0	0	0	2	1	0	0	1	1	2	0	0	0	0	1	0	0	0	0	0	0	0	0	0	0	0	0	0	0	1	1	0	0	0	0	1	0	0	0	0	0	0	0	0	0	0	0	1	0	0	0	0	0	0	0	0	0	0	0	0	0	0	0	0	0	0	0	0	0	0	0	0	0	0	0	0	0	0	0	0	0	0	0	0	0	0	0	0	0	0	0	0	0	0	0	0	0	0	0	0	0	0	0	0	0	0	0	0	0	0	0	0	0	0	0	0	0	0	0	0	0	0	0	0	0	0	0	0	0	0	0	0	0	0	0	0	0	0	0	0	0	0	0	0	0	0	0	0	0	0
3	22	19	8	2	17	5	3	2	0	0	0	0	3	3	1	6	2	0	1	1	0	1	0	1	0	3	2	0	1	0	2	0	0	1	3	0	0	0	0	1	0	0	2	0	0	0	0	0	0	0	0	0	0	0	2	0	0	0	0	0	0	0	0	1	0	0	0	0	0	0	0	0	0	0	0	0	0	0	0	0	0	0	2	0	0	0	0	0	0	0	0	0	0	0	0	0	0	0	0	0	0	0	0	0	0	0	0	0	0	0	0	0	0	1	0	0	0	0	0	0	0	0	0	0	0	0	1	0	0	0	0	0	0	0	0	0	0	0	0	0	0	0	0	0	0	0	0	0	0	0	0	0	0	0	0	0	0	0	0	0	0	0	0	0	0	0	0	0	0	0	0	0
0	0	1	1	0	0	0	0	0	0	0	0	0	1	0	0	2	0	0	0	0	0	0	0	0	0	0	0	0	0	0	0	0	0	0	0	0	0	0	0	0	0	0	0	0	1	0	0	0	0	0	0	0	0	0	0	0	0	0	0	0	0	0	0	0	0	0	0	0	0	0	0	0	0	0	0	0	0	0	0	0	0	0	0	0	0	0	0	0	0	0	0	0	0	0	0	0	0	0	0	0	0	0	0	0	0	0	0	0	0	0	0	0	0	0	0	0	0	0	0	0	0	0	0	0	0	0	0	0	0	0	0	0	0	0	0	0	0	0	0	0	0	0	0	0	0	0	0	0	0	0	0	0	0	0	0	0	0	0	0	0	0	0	0	0	0	0	0	0	0	0	0	0
1	6	9	3	1	7	1	1	0	0	0	0	1	0	0	0	0	1	0	0	0	0	0	0	0	0	0	0	1	0	0	0	2	0	0	1	0	0	0	0	0	0	0	0	0	0	0	0	0	0	0	0	0	0	0	1	0	0	0	0	0	0	0	0	0	0	0	0	0	0	0	0	0	0	0	0	0	0	0	0	0	0	0	0	0	0	0	0	0	0	0	0	0	0	0	0	0	0	0	0	0	0	0	0	0	0	0	0	0	0	0	0	0	0	0	0	0	0	0	0	0	0	0	0	0	0	0	0	0	0	0	0	0	0	0	0	0	0	0	0	0	0	0	0	0	0	0	0	0	0	0	0	0	0	0	0	0	0	0	0	0	0	0	0	0	0	0	0	0	0	0	0	0
5	8	7	1	0	18	1	3	1	1	0	0	1	3	4	2	5	1	0	0	0	0	0	0	0	0	3	0	1	0	0	1	1	0	0	0	0	0	0	0	0	0	1	0	0	0	0	0	0	0	0	1	0	0	0	0	0	0	1	0	0	0	1	0	0	0	0	0	0	0	0	0	0	0	0	0	0	0	0	0	1	0	0	0	0	0	0	0	0	0	0	0	0	0	0	0	0	0	0	0	0	0	0	0	0	0	0	0	0	0	0	0	0	0	0	0	0	0	0	0	1	0	0	0	0	0	0	1	0	0	0	0	0	0	1	0	0	0	0	0	0	0	0	0	0	0	0	0	0	0	0	0	0	0	0	0	0	0	0	0	0	0	0	0	0	0	0	0	0	0	0	0	0
9	22	18	6	0	32	6	7	3	0	0	2	1	1	4	0	6	0	1	0	2	0	0	0	0	0	1	0	0	0	1	0	2	0	0	2	0	1	0	0	1	1	0	0	0	0	0	0	0	0	0	0	0	0	0	1	0	0	1	0	0	0	0	0	0	0	0	0	0	1	0	0	0	0	0	0	0	0	0	0	2	0	0	2	0	0	0	0	0	0	0	0	0	0	0	0	0	0	0	0	0	0	0	0	0	0	0	0	0	0	0	0	0	0	0	0	0	0	0	0	0	0	0	0	0	0	0	1	0	0	0	0	0	0	0	0	0	0	0	0	0	0	0	0	1	0	0	0	0	0	0	0	0	0	0	0	0	0	0	0	0	0	0	0	0	0	0	0	0	0	0	0	0
6	21	18	11	5	32	4	6	3	3	1	3	0	4	9	1	11	3	1	1	0	0	0	0	2	0	5	5	2	1	3	1	2	0	0	5	2	0	0	0	3	1	1	0	0	2	0	0	0	0	0	0	0	0	0	1	0	1	1	0	0	0	0	0	1	0	0	0	0	0	2	0	1	1	0	0	0	0	0	0	0	0	0	1	0	0	0	1	0	0	0	0	1	0	0	0	0	0	0	0	0	0	0	0	0	0	0	0	0	0	1	0	0	0	0	0	0	0	0	0	0	0	0	0	0	0	1	0	1	0	0	0	0	0	1	0	0	0	0	0	0	0	0	0	0	0	0	0	0	0	0	0	0	0	0	0	0	0	0	0	0	0	1	0	0	0	1	0	0	0	0	0	0
1	5	2	0	0	4	1	0	0	0	0	0	0	0	1	0	0	0	0	0	0	0	0	0	0	0	0	0	0	0	0	0	0	0	0	0	0	0	0	0	0	0	0	0	0	0	0	0	0	0	0	0	0	0	1	0	0	0	0	0	0	0	0	0	0	0	0	0	0	0	0	0	0	0	0	0	0	0	0	0	0	0	0	0	0	0	0	0	0	0	0	0	0	0	0	0	0	0	0	0	0	0	0	0	0	0	0	0	1	0	0	0	0	0	0	0	0	0	0	0	0	0	0	0	0	0	0	0	0	0	0	0	0	0	0	0	0	0	0	0	0	0	0	0	0	0	0	0	0	0	0	0	0	0	0	0	0	0	0	0	0	0	0	0	0	0	0	0	0	0	0	0	0
2	3	4	2	0	6	4	1	1	0	0	2	0	0	0	0	1	0	0	0	0	0	0	0	0	0	1	1	0	0	0	0	1	0	0	0	0	0	0	0	0	0	0	0	0	0	0	0	0	0	0	0	0	0	1	0	0	0	0	0	0	0	0	0	0	0	0	0	0	0	0	0	0	0	0	0	0	0	0	0	0	0	0	0	0	0	0	0	0	0	0	0	0	0	0	0	0	0	0	0	0	0	0	0	0	0	0	0	0	0	0	0	0	0	0	0	0	0	0	0	0	0	0	0	0	0	0	0	0	0	0	0	0	0	0	0	0	0	0	0	0	0	0	0	0	0	0	0	0	0	0	0	0	0	0	0	0	0	0	0	0	0	0	0	0	0	0	0	0	0	0	0	0
2	5	6	4	0	6	3	2	0	0	0	1	0	1	1	0	0	0	0	1	0	0	0	0	1	0	0	1	0	0	1	0	0	0	0	0	0	0	0	0	0	0	0	0	0	0	0	0	0	0	0	0	0	0	0	0	0	0	0	0	0	0	0	0	0	0	0	0	0	0	0	0	0	1	0	0	0	0	0	0	0	0	0	1	0	0	0	0	0	0	0	0	0	0	0	0	0	0	0	0	0	0	0	0	0	0	0	0	0	0	0	0	0	0	0	0	0	0	0	0	0	0	0	0	0	0	0	0	0	0	0	0	0	0	0	0	0	0	0	0	0	0	0	0	0	0	0	0	0	0	0	0	0	0	0	0	0	0	0	0	0	0	0	0	0	0	0	0	0	0	0	0	0
0	3	2	2	0	8	2	0	0	0	1	0	0	0	0	1	1	0	0	0	0	0	0	0	0	0	0	1	0	0	1	0	0	0	0	0	0	0	0	0	0	0	0	0	0	0	0	0	0	0	0	0	0	0	0	0	0	0	0	0	0	0	0	0	0	0	0	0	0	0	0	0	0	0	0	0	0	0	0	0	0	0	0	0	0	0	0	0	0	0	0	0	0	0	0	0	0	0	0	0	0	0	0	0	0	0	0	0	0	0	0	0	0	0	0	0	0	0	0	0	0	0	0	0	0	0	0	0	0	0	0	0	0	0	0	0	0	0	0	0	0	0	0	0	0	0	0	0	0	0	0	0	0	0	0	0	0	0	0	0	0	0	0	0	0	0	0	0	0	0	0	0	0
2	13	9	6	2	22	2	4	0	0	0	0	0	1	1	0	2	0	0	0	0	0	0	0	0	0	2	1	0	1	0	0	1	0	0	1	0	0	0	0	0	0	0	0	0	0	0	0	1	0	0	0	0	2	1	0	0	0	0	0	0	0	0	0	0	0	0	0	1	0	0	0	0	0	0	0	0	1	0	0	0	0	0	0	0	0	0	0	0	0	0	0	0	0	0	0	0	0	0	0	0	0	0	0	0	0	0	0	0	0	0	0	0	0	0	0	0	0	0	0	0	0	0	0	0	0	0	0	0	0	0	0	0	0	0	0	0	0	0	0	0	0	0	0	0	0	0	0	0	0	0	0	0	0	0	0	0	0	0	0	0	0	0	0	0	0	0	0	0	0	0	0	0
3	24	15	15	3	24	6	4	0	0	0	2	0	1	5	0	3	4	0	1	0	0	0	0	0	0	1	1	0	0	2	0	2	0	0	2	0	0	0	0	0	0	0	0	0	0	0	0	0	0	0	0	0	1	0	4	0	0	0	0	0	0	0	0	0	0	0	1	0	1	1	0	0	0	0	0	0	0	0	0	2	0	0	2	0	0	0	0	0	0	0	0	0	0	0	0	0	0	0	0	0	0	0	0	0	0	0	0	0	0	0	0	0	0	0	0	0	0	0	0	0	0	0	0	0	0	0	0	0	0	0	0	0	0	0	0	0	0	0	0	0	0	0	0	0	0	0	0	0	0	0	0	0	0	0	0	0	0	0	0	0	0	0	0	0	0	0	0	0	0	0	0	0
0	0	2	1	0	5	1	1	0	0	0	0	0	1	1	0	2	0	0	0	0	0	0	0	1	0	0	0	0	0	0	0	0	0	0	0	0	1	0	0	0	0	0	0	0	0	0	0	0	0	0	0	0	0	0	0	0	0	0	0	0	0	0	0	0	0	0	0	0	0	0	0	0	0	0	0	0	0	0	0	0	0	0	0	0	0	0	0	0	0	0	0	0	0	0	0	0	0	0	0	0	0	0	0	0	0	0	0	0	0	0	0	0	0	0	0	0	0	0	0	0	0	0	0	0	0	0	0	0	0	0	0	0	0	0	0	0	0	0	0	0	0	0	0	0	0	0	0	0	0	0	0	0	0	0	0	0	0	0	0	0	0	0	0	0	0	0	0	0	0	0	0	0
0	4	5	5	2	7	3	1	0	0	0	0	0	0	0	0	1	0	0	0	0	0	0	0	0	0	0	0	1	0	0	0	0	0	0	0	0	0	0	0	0	0	0	0	0	1	0	0	0	0	0	0	1	0	0	0	0	0	1	0	0	0	0	0	0	0	0	0	0	1	0	0	0	0	0	0	0	0	0	0	1	0	0	0	0	0	0	0	0	0	0	0	0	0	0	0	0	0	0	0	0	0	0	0	0	0	0	0	0	0	0	0	0	0	0	0	0	0	0	0	0	0	0	0	0	0	0	0	0	0	0	0	0	0	0	0	0	0	0	0	0	0	0	0	0	0	0	0	0	0	0	0	0	0	0	0	0	0	0	0	0	0	0	0	0	0	0	0	0	0	0	0	0
1	2	1	2	0	5	0	1	0	0	0	0	0	0	0	0	4	0	1	0	0	0	0	0	0	0	0	1	0	0	0	0	0	0	0	0	0	0	0	0	0	0	0	0	0	0	0	0	0	0	0	0	0	0	1	0	0	0	0	0	0	0	0	0	0	0	0	0	0	0	0	0	0	0	0	0	0	0	0	0	0	0	0	0	0	0	0	0	0	0	0	0	0	0	0	0	0	0	0	0	0	0	0	0	0	0	0	0	0	0	0	0	0	0	0	0	0	0	0	0	0	0	0	0	0	0	0	0	0	0	0	0	0	0	0	0	0	0	0	0	0	0	0	0	0	0	0	0	0	0	0	0	0	0	0	0	0	0	0	0	0	0	0	0	0	0	0	0	0	0	0	0	0
2	3	6	6	1	3	0	3	0	0	0	1	0	0	2	0	1	0	0	0	0	0	0	0	0	0	0	0	0	0	1	0	0	0	0	0	0	0	0	0	0	0	0	0	0	0	0	0	0	0	0	0	0	1	0	0	0	0	0	0	0	0	0	0	0	0	0	0	0	0	0	0	0	0	0	0	0	0	0	0	0	0	0	0	0	0	0	0	0	0	0	0	0	0	0	0	0	0	0	0	0	0	0	0	0	0	0	0	0	0	0	0	0	0	0	0	0	0	0	0	0	0	0	0	0	0	0	0	0	0	0	0	0	0	0	0	0	0	0	0	0	0	0	0	0	0	0	0	0	0	0	0	0	0	0	0	0	0	0	0	0	0	0	0	0	0	0	0	0	0	0	0	0
0	3	3	3	0	3	2	0	0	0	0	0	0	0	2	0	0	0	0	0	0	0	0	0	0	0	1	0	0	0	0	0	0	0	0	1	0	0	0	0	0	0	0	0	0	0	0	0	0	0	0	0	0	0	0	0	0	0	0	0	0	0	0	0	0	0	0	0	0	0	0	0	0	0	0	0	0	0	0	0	0	0	0	0	0	0	0	0	0	0	0	0	0	0	0	0	0	0	0	0	0	0	0	0	0	0	0	0	0	0	0	0	0	0	0	0	0	0	0	0	0	0	0	0	0	0	0	0	0	0	0	0	0	0	0	0	0	0	0	0	0	0	0	0	0	0	0	0	0	0	0	0	0	0	0	0	0	0	0	0	0	0	0	0	0	0	0	0	0	0	0	0	0
1	4	5	3	0	6	0	2	0	0	0	0	0	2	2	0	4	0	0	0	1	0	0	0	0	0	0	0	0	0	0	0	0	0	0	1	0	0	0	0	0	0	0	0	0	0	0	0	0	0	0	0	0	0	0	0	0	0	2	0	0	0	0	0	0	0	0	0	0	0	0	0	0	0	0	0	0	0	0	0	0	0	0	0	0	0	1	0	0	0	0	0	0	0	0	0	0	0	0	0	0	0	0	0	0	0	0	0	0	0	0	0	0	0	0	0	0	0	0	0	0	0	0	0	0	0	0	0	0	0	0	0	0	0	0	0	0	0	0	0	0	0	0	0	0	0	0	0	0	0	0	0	0	0	0	0	0	0	0	0	0	0	0	0	0	0	0	0	0	0	0	0	0
9	30	25	20	4	44	8	16	2	1	0	4	0	4	10	0	13	0	0	0	3	0	0	0	2	0	1	7	1	1	4	1	1	0	0	3	0	0	0	0	3	1	0	1	0	0	1	1	1	0	0	0	1	1	1	1	0	0	2	0	0	0	0	0	0	1	0	0	0	0	2	0	0	0	1	0	0	1	0	0	1	0	0	0	0	0	0	1	0	0	0	0	0	0	0	0	0	1	0	0	0	0	0	0	0	0	0	0	0	1	0	0	0	0	0	0	0	0	0	0	0	0	0	1	0	0	0	0	0	0	0	0	0	0	0	0	0	0	0	0	0	0	0	0	1	0	0	0	0	0	0	0	0	0	0	0	0	0	0	0	0	0	0	0	0	0	0	0	0	0	0	0	0
0	2	5	2	0	3	3	0	0	0	0	1	0	2	1	0	3	0	0	0	0	0	0	0	1	0	1	0	0	0	0	0	2	0	0	0	0	0	0	0	0	0	0	0	0	0	0	0	0	0	0	0	0	0	0	0	0	0	0	0	0	0	0	0	0	0	0	1	0	0	0	0	0	0	0	0	0	0	0	0	0	0	0	0	0	0	0	0	0	0	0	0	0	0	0	0	0	0	0	0	1	0	0	0	0	0	0	0	0	0	1	0	0	0	0	0	0	0	0	0	0	0	0	0	0	0	0	0	0	0	0	0	0	0	0	0	0	0	0	0	0	0	0	0	0	0	0	0	0	0	0	0	0	0	0	0	0	0	0	0	0	0	0	0	0	0	0	0	0	0	0	0	0
6	9	7	4	2	13	5	1	0	0	0	0	0	3	7	0	3	1	0	0	0	0	0	0	0	0	0	1	0	0	2	1	0	0	0	0	0	0	0	0	0	0	0	0	0	0	1	0	0	0	0	0	0	0	0	0	0	1	0	0	0	0	0	0	0	0	0	0	0	1	0	0	0	1	0	0	0	0	0	0	0	0	0	1	0	0	0	0	0	0	0	0	0	0	0	0	0	0	0	0	0	0	0	0	0	0	0	0	0	0	0	0	0	0	0	0	0	0	0	0	0	0	0	0	0	0	0	0	0	0	0	0	0	0	0	0	0	0	0	0	0	0	0	0	0	0	0	0	0	0	0	0	0	0	0	0	0	0	0	0	0	0	0	0	0	0	0	0	0	0	0	0	0
0	0	2	2	0	3	1	0	0	0	0	0	0	0	0	0	1	0	0	0	0	0	0	0	0	0	0	0	0	0	0	0	1	0	0	0	0	0	0	0	0	0	0	0	0	0	0	0	0	0	0	0	0	0	0	0	0	0	0	0	0	0	0	0	0	0	0	0	0	0	0	0	0	0	0	0	0	0	0	0	0	0	0	1	0	0	0	0	0	0	0	0	0	0	0	0	0	0	0	0	0	0	0	0	0	0	0	0	0	0	0	0	0	0	0	0	0	0	0	0	0	0	0	0	0	0	0	0	0	0	0	0	0	0	0	0	0	0	0	0	0	0	0	0	0	0	0	0	0	0	0	0	0	0	0	0	0	0	0	0	0	0	0	0	0	0	0	0	0	0	0	0	0
7	23	13	9	2	23	5	4	1	0	0	1	0	3	3	0	5	0	0	0	2	0	0	0	0	0	0	2	0	1	0	0	3	0	0	1	0	0	0	0	1	0	0	0	0	0	0	0	0	0	1	0	0	0	0	1	0	0	0	0	0	0	0	0	0	0	0	0	0	0	0	0	0	0	0	0	0	0	0	1	0	0	0	1	0	0	0	0	0	0	0	0	0	0	0	0	0	0	0	0	0	0	0	0	0	0	1	0	0	0	0	0	0	0	0	0	0	0	0	0	0	0	0	0	0	0	0	0	0	0	0	0	0	0	0	0	0	0	0	0	0	0	0	0	0	0	0	0	0	0	0	0	0	0	0	0	0	0	0	0	0	0	0	0	0	0	0	0	0	0	0	0	0
2	6	6	5	1	12	2	5	0	0	0	0	0	1	4	0	1	0	0	0	0	0	0	0	0	0	0	1	0	0	0	0	0	0	0	1	0	0	0	0	2	0	0	0	0	0	0	0	0	0	0	0	0	0	0	0	0	0	0	0	0	0	0	0	0	0	0	0	0	0	0	0	0	0	0	0	0	0	0	0	1	0	0	1	0	0	0	0	0	0	0	0	0	0	0	0	0	0	0	0	0	0	0	0	0	0	0	0	0	0	0	0	0	0	0	0	0	0	0	0	0	0	0	0	0	0	0	0	0	0	0	0	0	0	0	0	0	0	0	0	0	0	0	0	0	0	0	0	0	0	0	0	0	0	0	0	0	0	0	0	0	0	0	0	0	0	0	0	0	0	0	0	0
1	3	5	1	0	5	0	1	1	0	0	1	0	1	1	0	0	0	0	1	0	0	0	0	0	0	1	0	0	0	0	1	0	0	1	0	0	0	0	0	0	0	0	0	0	1	0	0	0	0	0	0	0	0	0	0	0	0	1	0	0	0	0	0	0	0	0	0	0	0	0	0	0	0	0	0	0	0	0	0	0	0	0	0	0	0	0	0	0	0	0	0	0	0	0	0	0	0	0	0	0	0	0	0	0	0	0	0	0	0	0	0	0	0	0	0	0	0	0	0	0	0	0	0	0	0	0	0	0	0	0	0	0	0	0	0	0	0	0	0	0	0	0	0	0	0	0	0	0	0	0	0	0	0	0	0	0	0	0	0	0	0	0	0	0	0	0	0	0	0	0	0	0
1	10	13	5	2	19	5	4	0	1	0	0	0	3	1	0	0	0	0	1	0	0	0	0	1	0	1	2	1	0	0	1	0	0	0	3	0	0	0	0	2	0	0	0	0	0	0	0	0	0	0	0	0	0	1	1	0	0	1	0	0	0	0	0	0	0	0	0	0	0	0	0	0	0	0	0	0	0	0	0	0	0	0	0	0	0	0	2	0	0	0	0	0	0	0	0	0	0	0	0	0	0	0	0	0	0	0	0	0	0	0	0	0	0	0	0	0	0	0	0	0	0	0	0	0	0	0	0	0	0	0	0	0	0	0	0	0	0	0	0	0	0	0	0	0	0	0	0	0	0	0	0	0	0	0	0	0	0	0	0	0	0	0	0	0	0	0	0	0	0	0	0	0
0	4	0	1	1	1	0	0	0	0	0	0	0	0	1	0	1	0	0	0	1	0	0	0	0	0	1	0	0	0	0	0	0	0	0	0	0	0	0	0	0	0	0	0	0	0	0	0	0	0	0	0	0	0	0	1	0	0	0	0	0	0	0	0	0	0	0	0	0	0	0	0	0	0	0	0	0	0	0	0	0	0	0	0	0	0	0	0	0	0	0	0	0	0	0	0	0	0	0	0	0	0	0	0	0	0	0	0	0	0	0	0	0	0	0	0	0	0	0	0	0	0	0	0	0	0	0	0	0	0	0	0	0	0	0	0	0	0	0	0	0	0	0	0	0	0	0	0	0	0	0	0	0	0	0	0	0	0	0	0	0	0	0	0	0	0	0	0	0	0	0	0	0
1	7	4	3	0	16	4	0	1	0	0	2	0	0	3	0	3	0	0	1	0	0	0	0	0	0	0	1	0	0	1	0	0	0	0	0	1	0	0	0	1	0	0	0	0	0	0	0	0	0	0	0	0	0	0	0	0	0	0	0	0	0	0	1	0	0	0	0	0	0	0	0	0	0	0	0	0	0	0	0	0	0	0	0	0	0	0	0	0	0	0	0	0	0	0	0	0	0	0	0	0	0	0	0	0	0	0	0	0	0	0	0	0	0	0	0	0	0	0	0	0	0	0	0	0	0	0	1	0	0	0	0	0	0	0	0	0	0	0	0	0	0	0	0	0	0	0	0	0	0	0	0	0	0	0	0	0	0	0	0	0	0	0	0	0	0	0	0	0	0	0	0	0
8	29	32	16	4	48	12	5	0	0	0	3	0	7	11	0	11	3	1	0	2	0	0	0	0	0	2	3	0	0	3	0	0	0	0	3	0	0	0	0	0	0	0	0	0	2	0	1	0	0	0	0	1	0	3	2	0	0	0	0	0	0	0	0	0	0	0	0	0	0	1	0	0	1	0	0	0	0	0	0	1	0	0	0	0	0	1	0	0	0	0	0	0	0	0	0	0	0	0	0	0	0	0	0	0	0	0	0	0	0	1	0	0	0	0	0	0	0	0	0	0	0	0	0	0	0	0	0	0	0	0	0	0	0	0	0	0	0	0	0	0	0	0	0	1	0	0	0	0	0	0	0	0	0	0	0	0	0	0	0	0	0	0	0	0	0	0	0	0	0	0	0	0
9	32	28	15	1	50	9	11	1	0	0	5	0	8	9	1	10	2	0	3	2	1	0	0	0	0	5	3	1	1	9	1	4	0	0	3	0	0	0	0	3	1	0	0	0	0	1	0	0	0	1	0	1	1	1	0	0	1	0	0	0	0	1	0	0	0	0	1	0	0	0	0	0	0	0	0	0	0	0	0	1	0	0	0	0	0	0	0	0	1	0	2	0	0	0	0	0	0	0	0	0	0	0	0	0	0	0	0	0	0	0	0	0	0	0	0	0	0	0	0	0	0	0	0	0	0	0	0	0	0	0	0	0	0	0	0	0	0	0	0	0	0	0	0	0	0	0	0	0	0	0	0	0	0	0	0	0	0	0	0	0	0	0	0	1	0	0	0	0	0	0	0	0
0	0	0	0	1	3	0	0	0	0	0	0	0	0	0	0	0	0	0	0	0	0	0	0	0	0	0	1	0	0	0	0	0	0	0	0	0	0	0	0	0	0	0	0	0	0	0	0	0	0	0	0	0	0	0	0	0	0	0	0	0	0	0	0	0	0	0	0	0	0	0	0	0	0	0	0	0	0	0	0	0	0	0	0	0	0	0	0	0	0	0	0	0	0	0	0	0	0	0	0	0	0	0	0	0	0	0	0	0	0	0	0	0	0	0	0	0	0	0	0	0	0	0	0	0	0	0	0	0	0	0	0	0	0	0	0	0	0	0	0	0	0	0	0	0	0	0	0	0	0	0	0	0	0	0	0	0	0	0	0	0	0	0	0	0	0	0	0	0	0	0	0	0
2	1	4	0	0	2	2	1	0	0	0	0	0	0	1	0	0	0	0	0	0	0	0	0	0	0	0	0	0	0	0	0	0	0	0	0	0	0	0	0	1	0	0	0	0	0	0	0	0	0	0	0	1	0	1	0	0	0	0	0	0	0	0	0	0	0	0	0	0	0	0	0	0	0	0	0	0	0	0	0	0	0	0	0	0	0	0	0	0	0	0	0	0	0	0	0	0	0	0	0	1	0	0	0	0	0	0	0	0	0	0	0	0	0	0	0	0	0	0	0	0	0	0	0	0	0	0	0	0	0	0	0	0	0	0	0	0	0	0	0	0	0	0	0	0	0	0	0	0	0	0	0	0	0	0	0	0	0	0	0	0	0	0	0	0	0	0	0	0	0	0	0	0
6	11	17	11	1	18	11	2	0	1	0	0	0	0	6	0	6	1	0	0	0	0	0	0	0	0	4	0	1	0	1	0	2	0	0	1	0	0	0	0	1	0	0	0	0	0	0	0	0	0	0	0	0	0	0	0	0	1	1	0	0	0	0	0	0	0	0	0	0	0	0	0	0	0	0	0	0	0	0	0	1	0	0	1	0	0	0	0	0	0	0	0	0	0	0	0	0	0	0	0	1	0	0	0	0	0	0	0	1	0	0	0	0	0	0	0	0	0	0	0	0	0	0	0	0	0	0	0	0	0	0	0	0	0	0	0	0	0	0	0	0	0	0	0	0	0	0	0	0	0	0	0	0	0	0	0	0	0	0	0	0	0	0	0	0	0	0	0	1	1	0	0	0
3	7	10	8	2	17	1	3	0	0	1	1	0	2	0	0	1	0	0	0	1	0	0	1	0	0	0	1	0	0	0	0	0	0	0	0	0	1	0	0	0	0	0	0	0	0	0	0	0	0	0	0	0	0	0	1	0	0	0	0	0	0	0	0	0	1	0	0	0	0	0	0	1	0	0	0	0	0	0	0	1	0	0	0	0	0	0	0	0	0	0	0	0	0	0	0	0	0	0	0	0	0	0	0	0	0	0	0	0	0	0	0	0	0	0	0	0	0	0	0	0	0	0	0	0	0	0	0	0	0	0	0	0	0	0	0	0	0	0	0	0	0	0	0	0	0	0	0	1	0	0	0	0	0	0	0	0	0	0	0	0	0	0	0	0	0	0	0	0	0	0	0	0
7	13	14	5	2	20	4	1	3	0	0	1	0	1	1	0	6	2	0	1	0	0	0	0	0	0	3	0	1	0	1	0	1	1	0	3	0	0	0	0	0	0	0	0	0	1	0	0	0	0	0	0	0	0	0	0	0	0	0	0	0	0	0	0	0	0	0	0	0	0	2	0	0	0	0	0	0	0	0	0	0	0	0	0	0	0	0	0	0	0	0	0	0	2	0	0	0	0	0	0	0	0	0	0	0	0	0	0	0	0	0	0	0	0	0	0	0	0	0	0	0	0	0	0	0	0	0	0	0	0	0	0	0	0	0	0	0	0	0	0	0	0	0	0	0	0	0	0	0	0	0	0	0	0	0	0	0	0	0	0	0	0	0	0	0	0	0	0	0	0	0	0	0
3	17	22	11	4	28	9	6	0	1	0	1	1	4	2	0	13	2	1	1	0	0	1	0	0	0	3	1	1	1	1	1	1	0	0	2	0	0	0	0	0	1	0	1	0	0	2	0	1	0	1	0	1	0	0	2	0	0	1	0	1	0	0	0	0	0	0	0	0	0	1	0	0	1	0	0	0	0	0	0	1	0	0	2	0	0	0	0	0	0	0	1	0	0	0	0	0	0	0	0	0	0	0	0	0	0	0	0	0	0	0	0	0	0	0	0	0	0	0	0	0	0	0	0	0	0	0	0	0	0	0	0	0	0	0	0	0	0	0	0	0	0	0	0	0	0	0	0	0	0	0	0	0	0	0	0	0	0	0	0	0	0	0	0	0	0	0	0	0	0	0	0	0
4	20	14	12	4	18	5	5	0	0	0	2	0	1	7	0	4	4	1	0	0	0	0	0	0	0	6	1	0	0	1	0	0	0	1	0	0	0	0	0	0	0	1	0	0	0	0	0	0	0	0	0	0	0	1	1	0	0	1	1	0	0	0	0	0	0	1	0	0	0	0	0	0	0	0	0	0	0	0	0	0	0	0	1	0	0	0	0	0	0	0	0	0	0	0	0	0	0	0	0	0	0	0	0	0	0	0	0	0	0	0	0	0	0	0	0	0	0	0	0	1	0	0	0	0	0	0	0	0	0	0	0	0	0	0	0	0	0	0	0	0	0	0	0	0	1	0	0	0	0	0	0	0	0	0	0	0	0	0	0	0	0	0	0	0	0	0	0	1	0	0	0	0
1	2	4	2	0	10	1	2	0	0	0	0	0	1	2	0	2	0	0	1	0	0	0	0	0	0	2	1	2	0	0	0	0	0	0	1	0	0	0	0	0	0	0	0	0	0	0	0	0	0	0	0	0	0	0	0	0	0	0	0	0	0	0	0	0	0	0	0	1	0	0	0	0	0	0	0	0	0	0	0	0	0	0	0	0	0	0	0	0	0	0	0	0	0	0	0	0	0	0	0	0	0	0	0	0	0	0	0	0	0	0	0	0	0	0	0	0	0	0	0	0	0	0	0	0	0	0	0	0	0	0	0	0	0	0	0	0	0	0	0	0	0	0	0	0	0	0	0	0	0	0	0	0	0	0	0	0	0	0	0	0	0	0	0	0	0	0	0	0	0	0	0	0
11	23	23	21	7	51	17	4	0	2	0	1	0	4	9	2	14	0	1	2	3	0	1	1	0	0	6	2	4	0	3	2	2	0	1	3	0	0	0	0	1	0	0	1	0	0	0	1	0	0	1	0	0	1	0	3	0	2	0	0	0	0	0	0	1	0	0	0	0	1	1	0	0	0	0	0	0	1	0	0	0	0	0	1	0	0	0	0	0	1	0	0	0	1	0	0	0	0	0	0	0	0	0	1	0	0	0	0	0	0	0	0	0	0	0	0	0	0	0	0	0	0	0	0	0	0	0	0	0	0	0	0	0	0	0	0	0	0	0	0	0	0	0	0	0	0	0	0	0	0	1	0	0	0	0	0	0	0	0	0	0	0	0	0	0	0	0	0	0	0	0	0	0
2	4	0	0	0	1	0	0	0	0	0	1	0	0	0	0	0	0	0	0	1	0	0	0	0	0	0	0	0	0	0	0	0	0	0	1	0	0	0	0	0	0	0	0	0	0	0	0	0	0	0	0	0	0	0	0	0	0	0	0	0	0	0	0	0	0	0	0	0	0	0	0	0	0	0	0	0	0	0	0	0	0	0	0	0	0	0	0	0	0	0	0	0	0	0	0	0	0	0	0	0	0	0	0	0	0	0	0	0	0	0	0	0	0	0	0	0	0	0	0	0	0	0	0	0	0	0	0	0	0	0	0	0	0	0	0	0	0	0	0	0	0	0	0	0	0	0	0	0	0	0	0	0	0	0	0	0	0	0	0	0	0	0	0	0	0	0	0	0	0	0	0	0
0	1	1	4	2	2	0	0	0	0	0	0	0	0	0	2	3	0	0	0	0	0	1	0	0	0	0	0	0	0	0	0	0	0	0	0	0	0	0	0	0	0	0	0	0	0	0	0	0	0	0	0	0	0	0	0	0	0	0	0	0	0	0	0	0	0	0	0	0	0	0	0	0	0	0	0	0	0	0	0	0	0	0	0	0	0	0	0	0	0	0	0	0	0	1	0	0	0	0	0	0	0	0	0	0	0	0	0	0	0	0	0	0	0	0	0	0	0	0	0	0	0	0	0	0	0	0	0	0	0	0	0	0	0	0	0	0	0	0	0	0	0	0	0	0	0	0	0	0	0	0	0	0	0	0	0	0	0	0	0	0	0	0	0	0	0	0	0	0	0	0	0	0
0	1	0	0	0	2	0	0	0	0	0	0	0	0	0	0	0	0	0	0	0	0	0	0	0	0	0	0	0	0	0	0	0	0	0	0	0	0	0	0	0	0	0	0	0	0	0	0	0	0	0	0	0	0	0	0	0	0	0	0	0	0	0	0	0	0	0	0	0	0	0	0	0	0	0	0	0	0	0	0	0	0	0	0	0	0	0	0	0	0	0	0	0	0	0	0	0	0	0	0	0	0	0	0	0	0	0	0	0	0	0	0	0	0	0	0	0	0	0	0	0	0	0	0	0	0	0	0	0	0	0	0	0	0	0	0	0	0	0	0	0	0	0	0	0	0	0	0	0	0	0	0	0	0	0	0	0	0	0	0	0	0	0	0	0	0	0	0	0	0	0	0	0
3	26	17	11	3	31	6	6	1	0	0	2	0	1	8	0	7	2	0	2	1	0	0	0	1	0	3	3	1	0	1	0	0	0	0	0	0	0	0	0	0	0	0	0	0	0	0	0	0	0	0	0	0	0	0	0	0	0	2	0	0	0	0	0	1	0	0	0	0	0	0	0	0	0	0	0	0	1	0	1	0	0	0	0	0	0	0	0	0	0	0	0	0	0	0	0	0	0	0	0	0	0	0	1	0	0	0	0	0	0	1	0	0	0	0	0	0	0	0	0	0	0	0	0	0	0	0	0	0	0	0	0	0	0	0	0	0	0	0	0	0	0	0	0	0	0	0	0	0	0	0	0	0	0	0	0	0	0	0	0	0	0	0	0	0	0	0	0	0	0	0	0	0
4	3	2	4	1	8	2	0	1	0	0	1	0	0	3	0	3	0	0	0	1	0	0	0	0	0	0	0	0	0	0	0	0	0	0	1	0	0	0	0	0	1	0	0	0	1	0	0	0	0	0	0	0	0	0	0	0	0	0	0	0	0	0	0	0	0	0	0	0	0	0	0	0	0	0	0	0	0	0	0	0	0	0	0	0	0	0	0	0	0	0	0	0	0	0	0	0	0	0	0	0	0	0	0	0	0	0	0	0	0	0	0	0	0	0	0	0	0	0	0	0	0	0	0	0	0	0	0	0	0	0	0	0	0	0	0	0	0	0	0	0	0	0	0	0	0	0	0	0	0	0	0	0	0	0	0	0	0	0	0	0	0	0	0	0	0	0	0	0	0	0	0	0
0	1	1	2	0	2	0	0	0	0	0	0	0	1	0	0	0	0	0	0	0	0	0	0	0	0	0	0	0	0	0	0	0	0	0	0	0	0	0	0	0	0	0	0	0	0	0	0	0	0	0	0	0	0	0	0	0	0	0	0	0	0	0	0	0	0	0	0	0	0	0	0	0	0	0	0	0	0	0	0	0	0	0	0	0	0	0	0	0	0	0	0	0	0	0	0	0	0	0	0	0	0	0	0	0	0	0	0	0	0	0	0	0	0	0	0	0	0	0	0	0	0	0	0	0	0	0	0	0	0	0	0	0	0	0	0	0	0	0	0	0	0	0	0	0	0	0	0	0	0	0	0	0	0	0	0	0	0	0	0	0	0	0	0	0	0	0	0	0	0	0	0	0
11	36	34	28	6	46	9	10	2	3	2	3	0	6	7	0	10	1	0	1	2	0	2	1	3	0	4	5	4	1	3	0	1	0	0	4	0	1	0	0	0	0	1	0	0	0	0	0	0	0	0	0	0	1	1	2	0	0	2	1	0	0	0	0	0	2	0	0	0	0	1	0	0	0	0	0	0	0	0	0	3	0	0	0	0	0	2	0	0	0	1	0	0	0	0	0	0	0	0	0	0	0	0	0	0	0	0	0	0	0	0	0	0	0	0	0	0	0	0	0	0	0	0	0	0	0	0	0	0	0	1	0	0	0	1	1	0	1	0	0	0	0	0	0	0	0	0	0	0	0	0	0	0	1	0	0	1	0	0	0	0	0	0	0	0	0	1	0	0	0	1	0	0
