2561	10762	1034	3090	971	140	1	9487	1456	1153	1040	365	1693	645	1014	55	30	129	424	198	46	408	127	278	199	122	76	305	161	148	381	18	86	19	195	58	74	49	171	6	45	35	4	21	93	67	95	32	29	58	60	1	18	4	156	36	32	6	5	28	13	22	65	21	2	3	50	116	0	47	52	6	0	7	2	40	15	13	41	8	32	7	11	1	17	10	13	10	24	20	17	37	10	28	9	1	39	44	1	13	2	32	2	6	1	7	69	1	3	3	14	5	2	45	14	3	2	14	0	8	0	1	12	15	12	30	4	5	19	10	22	3	3	3	14	7	4	7	1	13	35	0	4	0	2	6	2	16	2	2	7	1	3	1	0	0	0	17	9	21	5	22	1	10	10	10	4	1	0	4	3	1	11	9	16	9
13247	56659	5327	16194	5002	686	14	49613	7804	5920	5335	1948	8458	3373	5458	237	139	600	2196	1063	236	2179	543	1427	1137	589	364	1455	842	677	2067	121	443	69	1046	275	290	297	921	44	181	187	37	84	513	293	520	135	80	320	254	24	114	28	734	155	160	52	16	181	64	100	380	117	12	13	291	568	3	292	274	35	15	52	30	257	82	82	274	53	170	43	61	8	105	86	55	76	160	76	57	240	77	132	51	18	176	164	6	82	4	164	17	68	3	52	325	10	19	13	73	40	7	174	58	34	19	66	1	79	2	3	68	54	56	172	31	21	120	19	92	3	28	23	83	61	10	43	14	87	152	1	25	0	24	27	4	72	22	22	44	6	18	23	2	11	14	66	45	123	15	96	15	54	61	42	17	0	1	30	17	3	41	47	80	33
1428	6151	574	1823	522	67	2	5344	815	644	577	216	963	348	567	32	8	75	241	123	15	238	64	161	115	57	41	176	80	81	230	9	39	7	121	33	29	33	99	6	20	25	5	7	52	28	60	19	17	40	24	4	10	3	99	13	20	3	3	22	9	14	41	15	0	2	34	53	2	27	28	3	0	5	8	22	9	8	26	1	13	5	3	1	10	6	9	7	20	7	8	24	11	14	5	3	21	10	0	9	0	16	3	10	2	3	34	2	3	2	7	5	1	11	7	7	3	11	0	7	0	1	7	4	8	11	7	3	11	4	10	0	5	0	8	12	1	4	0	7	19	1	2	0	3	5	1	5	2	3	5	2	2	4	0	1	0	8	3	14	6	5	2	6	4	9	1	0	1	4	4	0	7	5	14	3
2433	10252	954	3023	921	116	3	9085	1479	1146	998	320	1602	599	966	49	15	101	368	169	41	399	96	276	204	114	78	308	160	137	372	10	83	10	193	65	59	54	171	3	32	46	5	16	90	54	112	37	19	61	32	4	33	5	161	25	31	12	2	36	13	16	71	12	3	2	64	101	4	40	48	5	3	6	3	49	13	22	35	13	29	10	7	1	22	16	7	13	27	20	17	46	12	30	6	2	30	33	4	18	0	27	2	10	0	14	61	0	2	1	9	7	6	33	9	5	3	10	0	7	0	4	17	7	12	32	6	6	29	4	21	0	4	5	11	11	4	10	7	9	28	0	8	0	9	8	0	10	5	5	12	1	4	4	0	5	2	11	7	10	6	20	1	10	9	9	1	1	1	2	7	0	4	15	13	12
2156	8935	815	2522	776	98	3	7539	1279	930	822	293	1324	520	868	42	22	101	314	156	35	316	95	231	183	99	58	232	116	125	312	9	65	7	169	48	62	47	150	5	27	33	4	9	61	45	90	20	10	52	39	3	12	2	125	23	19	6	3	36	8	11	56	18	2	3	48	87	1	46	54	7	1	12	3	41	15	10	40	2	27	12	4	2	18	14	14	14	30	9	14	40	14	21	6	1	27	25	3	8	1	27	4	11	0	11	55	1	0	4	9	7	3	29	15	3	3	11	1	11	0	1	6	9	9	31	4	3	24	1	15	2	4	0	18	12	0	7	0	11	30	0	3	0	5	6	2	16	3	0	7	1	1	2	0	1	1	9	4	16	1	16	2	5	9	10	3	1	0	3	1	0	7	5	7	8
109	449	42	123	40	6	0	406	65	42	49	13	75	20	36	1	2	3	13	9	1	18	5	9	11	3	2	12	8	13	19	3	6	1	12	1	2	2	7	1	1	2	0	0	3	0	2	0	0	1	5	0	1	0	9	0	0	0	0	4	0	0	4	1	0	0	2	7	0	1	0	0	0	1	1	0	0	0	4	0	1	0	0	1	1	2	2	0	0	0	0	2	0	1	0	0	1	1	0	0	0	3	0	1	0	0	6	0	0	0	0	0	0	1	0	0	0	1	0	1	0	0	0	0	0	1	0	1	0	0	1	0	1	0	0	0	0	0	0	1	1	0	0	0	0	0	0	3	0	0	0	0	0	1	0	1	0	0	0	0	0	1	0	0	0	0	0	1	0	1	0	0	0	0	0	1
145	714	58	209	75	13	0	621	87	74	57	21	124	40	76	7	1	3	29	16	2	22	11	20	14	9	0	23	14	7	21	1	3	2	10	2	5	6	11	1	4	4	0	1	3	3	7	0	2	5	5	1	2	2	8	2	1	0	2	3	3	2	4	1	0	0	2	13	0	4	3	0	0	0	0	1	1	0	3	0	1	0	0	0	3	1	0	1	3	1	1	3	0	3	1	0	0	1	0	2	0	2	1	0	0	0	5	0	0	0	0	1	0	1	0	0	0	0	0	1	0	0	1	2	0	3	1	0	4	0	1	0	0	0	1	0	0	0	0	0	0	0	1	0	0	0	0	3	0	1	0	0	0	0	0	1	0	1	0	1	0	1	0	1	0	1	0	0	0	0	0	0	0	0	1	0
1933	8280	815	2444	720	96	4	7360	1091	901	770	266	1175	519	862	26	16	98	304	151	38	315	72	201	146	101	51	222	103	101	310	19	55	5	144	40	35	43	163	6	28	19	8	11	79	40	85	19	14	37	36	9	18	7	118	26	21	5	3	32	13	12	65	19	0	3	40	73	0	37	35	1	0	4	4	40	14	7	37	13	25	3	6	2	18	11	11	10	25	15	10	30	4	28	7	3	27	24	1	8	0	15	3	6	0	10	47	0	3	2	10	5	2	37	14	6	5	7	0	9	0	0	9	8	16	18	2	6	22	0	17	0	4	1	13	6	3	5	1	15	17	0	4	0	3	3	0	11	1	4	7	1	4	2	0	0	0	10	6	9	4	9	0	9	4	4	3	0	0	4	3	0	6	7	14	3
43	168	11	53	20	2	0	158	23	16	14	5	27	11	14	1	1	3	9	3	2	4	3	5	8	3	2	4	3	5	10	0	0	1	7	0	0	1	2	0	0	0	0	0	2	0	1	0	0	0	1	0	0	0	3	0	1	0	0	0	0	1	1	0	1	0	0	2	0	1	1	0	0	0	0	0	0	0	0	0	1	0	0	0	0	0	0	1	0	1	0	2	0	1	0	1	2	0	0	0	0	2	0	0	0	0	1	0	0	0	0	0	0	1	0	0	0	1	0	0	0	0	0	0	0	0	0	0	0	0	0	0	0	1	0	1	0	1	0	0	0	0	0	0	0	0	0	1	0	0	0	0	1	0	0	1	0	0	0	0	0	1	0	0	0	0	0	0	0	0	0	0	0	0	0	0
1615	6765	663	1993	594	70	1	5923	952	756	637	188	1024	372	662	28	9	68	249	111	25	254	76	199	127	72	48	192	78	71	264	15	48	7	128	38	38	38	121	6	22	23	3	9	77	38	58	10	12	45	29	2	18	6	101	16	14	4	7	27	10	14	55	14	0	1	33	86	0	25	21	3	0	5	5	29	12	6	27	5	24	9	3	2	11	6	9	9	21	14	8	25	9	17	4	1	21	26	3	9	0	21	1	7	0	7	34	3	4	1	9	4	1	24	5	1	0	8	0	8	0	2	9	4	7	17	4	2	15	0	11	1	5	4	8	8	1	4	1	5	26	0	4	0	0	4	0	11	1	1	8	0	3	2	0	0	2	4	7	11	2	13	1	10	7	4	1	2	0	1	1	0	6	8	13	1
1642	7302	623	1947	667	85	1	6179	988	725	677	247	1091	406	683	37	21	78	288	139	25	274	62	192	117	93	48	207	104	88	258	15	56	7	133	31	39	36	126	7	20	22	6	13	52	25	58	12	19	54	31	4	19	4	92	17	20	1	1	39	12	10	39	19	3	2	39	85	3	28	26	2	2	7	7	27	12	15	27	3	14	3	3	0	9	4	8	14	12	11	9	19	8	21	9	2	24	25	2	6	0	21	2	13	0	7	42	1	4	3	12	1	3	27	8	4	3	11	0	11	0	1	7	5	4	21	1	4	13	3	10	0	6	3	12	4	1	3	2	8	33	0	2	0	6	2	0	6	1	0	4	1	0	4	0	0	1	2	2	13	3	14	3	9	7	11	2	1	0	2	5	1	2	9	12	6
82	318	26	96	29	5	0	259	33	30	29	8	51	15	30	2	4	2	16	3	1	15	3	6	6	4	4	7	4	4	10	2	3	2	5	0	0	1	4	0	1	0	1	0	5	1	3	2	0	3	0	0	1	1	3	0	0	0	0	1	0	1	0	2	0	0	2	5	1	1	0	1	0	1	0	0	0	1	1	0	0	0	0	0	0	1	0	0	1	0	0	1	0	1	0	0	1	0	0	0	0	1	2	1	0	0	1	0	0	0	0	0	0	1	0	0	0	1	0	0	0	0	0	1	0	0	0	0	1	0	1	0	0	0	0	0	0	0	0	0	2	0	1	0	0	0	0	0	0	0	0	0	0	0	0	0	0	0	0	0	0	1	0	0	0	1	0	0	0	0	0	0	0	0	0	1
25	108	13	32	11	3	0	100	22	15	12	3	19	5	14	1	2	3	7	4	0	5	1	5	4	0	0	6	3	1	3	0	2	0	2	0	1	0	4	0	1	0	0	0	0	1	1	0	0	0	0	0	0	0	5	0	0	0	0	0	0	0	0	0	0	0	2	1	0	1	0	0	0	0	0	1	0	1	0	0	0	0	0	0	0	0	0	0	2	0	0	0	0	0	0	0	0	2	0	0	0	0	0	0	0	0	4	0	0	0	0	0	0	0	1	0	0	0	0	0	0	0	0	0	0	0	0	1	0	0	0	0	0	0	0	0	0	0	0	0	0	0	0	0	0	0	0	1	0	0	0	0	0	0	0	0	0	0	0	0	0	1	0	0	0	0	0	0	0	0	0	0	0	0	0	0
524	2166	210	644	169	16	0	1906	326	202	205	58	346	117	216	12	3	27	78	56	5	85	22	52	43	22	9	53	33	42	88	10	12	5	26	7	4	17	26	1	7	8	2	3	21	13	17	6	5	15	7	1	8	2	29	8	3	0	0	7	2	4	13	8	0	0	15	30	0	9	8	0	0	1	2	5	2	2	12	3	5	3	2	1	3	2	2	2	7	4	2	5	4	7	2	1	5	8	0	5	0	8	0	0	0	2	9	0	1	0	5	0	0	10	1	0	1	2	0	2	0	2	2	1	2	4	1	0	6	0	8	0	3	0	4	3	1	1	0	1	8	0	1	0	0	1	0	6	0	0	2	0	1	2	0	1	0	0	3	3	2	9	0	2	2	1	0	0	0	0	1	0	1	1	3	1
494	2310	213	613	209	22	1	2033	323	222	205	73	344	155	205	11	6	32	67	42	7	84	26	60	48	26	14	62	23	22	114	6	28	1	29	14	12	11	33	3	6	3	1	1	16	14	21	7	6	17	6	0	5	1	28	3	12	2	2	9	4	1	17	1	0	0	9	26	0	10	6	0	1	3	2	7	1	4	12	4	11	2	2	1	3	2	2	4	3	3	4	5	2	4	5	0	8	5	0	8	1	6	0	5	0	2	14	0	0	0	3	1	0	6	1	2	1	1	0	2	0	0	2	2	3	8	1	0	5	0	4	0	1	0	5	3	1	1	1	4	9	0	3	0	1	1	1	4	1	1	0	0	1	1	0	0	0	3	2	5	1	0	0	1	0	2	1	0	1	2	1	0	3	5	2	0
161	735	75	204	66	10	1	646	99	73	68	22	115	38	70	7	1	7	24	13	6	30	5	19	14	5	8	18	14	9	31	1	6	0	25	2	6	9	15	2	1	4	0	1	7	7	6	1	3	6	2	2	0	0	18	5	1	1	0	1	2	1	6	0	0	0	4	13	0	1	3	0	0	1	0	2	0	1	4	0	1	2	0	0	0	1	2	3	1	1	0	5	0	1	1	0	5	3	0	1	0	2	1	0	0	0	4	0	1	0	1	0	0	1	4	0	1	0	0	1	0	0	0	1	0	5	0	1	0	0	2	0	0	0	1	2	0	0	1	2	2	0	0	0	0	1	0	4	0	1	0	0	1	0	0	0	0	0	0	1	0	3	0	0	0	2	2	0	0	0	1	0	2	1	0	1
99	476	37	143	40	5	1	408	55	57	36	14	63	32	45	4	2	6	12	4	3	17	5	9	6	5	5	10	3	6	18	1	2	1	8	0	3	3	11	0	1	0	0	1	2	1	6	1	2	5	3	0	0	0	4	1	0	0	0	5	0	0	3	2	0	0	4	5	0	5	3	0	0	0	0	4	0	1	1	0	1	0	2	0	0	1	1	0	1	2	0	1	0	1	0	0	0	0	0	0	0	2	0	0	0	0	3	1	0	0	0	1	0	0	0	0	0	0	0	1	0	0	0	0	0	1	0	0	2	0	2	0	0	0	3	0	0	0	1	0	3	0	0	0	0	1	0	0	0	0	0	0	0	0	0	0	0	0	0	1	0	1	0	1	0	1	0	0	0	0	0	0	0	0	2	0
463	1986	191	539	179	26	0	1735	271	217	187	53	308	111	190	11	6	17	71	33	9	83	18	41	37	25	13	50	20	24	63	5	15	0	39	9	8	9	27	2	8	7	1	1	20	8	16	2	4	10	9	0	6	0	25	6	5	2	0	6	2	4	19	3	1	0	5	13	0	9	8	1	1	3	0	6	3	7	11	0	12	1	3	0	3	4	4	3	6	5	2	12	3	5	3	2	8	3	0	2	0	2	0	5	0	2	9	0	0	0	4	1	0	4	3	1	0	3	0	2	0	0	3	1	3	3	0	0	5	1	2	0	0	2	1	2	2	2	0	2	9	0	0	0	0	1	0	4	0	1	3	0	0	2	0	0	0	2	1	5	1	9	0	4	3	1	0	0	0	1	0	0	0	2	3	0
166	613	74	174	56	12	0	544	90	74	68	24	117	44	58	4	1	11	30	18	4	28	6	14	17	4	4	9	10	9	28	0	2	0	7	2	7	3	5	0	3	1	1	0	6	1	5	4	1	3	2	1	2	0	10	2	6	1	0	1	1	0	2	0	1	0	4	11	1	3	2	1	0	0	2	1	1	4	7	2	3	1	1	0	2	0	0	0	4	0	0	3	3	2	0	0	1	2	0	1	0	2	0	0	0	0	3	0	0	0	1	1	0	4	1	0	0	0	0	1	0	0	0	0	0	1	0	0	3	0	2	0	0	0	1	1	0	0	0	4	3	0	0	0	0	0	0	0	0	0	2	0	0	0	0	0	0	1	1	0	0	0	0	1	1	0	0	0	0	0	0	0	0	1	2	1
50	245	23	70	29	3	0	191	30	23	21	7	46	10	29	1	0	2	7	6	0	7	6	6	2	3	3	8	5	5	5	0	0	0	7	2	0	4	5	0	2	1	0	0	3	0	2	0	0	1	0	0	0	0	2	0	0	0	0	0	0	1	1	2	0	0	2	4	0	1	2	0	0	0	0	1	0	0	2	1	0	1	1	0	1	0	0	0	0	1	1	1	1	1	0	0	1	1	0	1	0	1	0	0	0	0	2	0	0	0	0	0	0	1	0	0	1	0	0	1	0	0	0	0	2	1	0	0	0	0	0	0	0	0	1	0	0	0	0	0	0	0	0	0	0	0	0	2	0	0	0	0	0	0	0	0	0	1	0	1	0	1	0	0	0	0	0	0	0	0	0	0	0	0	1	0
477	2089	186	609	176	32	0	1799	278	184	197	67	309	118	197	12	4	21	71	44	4	87	22	47	48	25	12	67	26	28	80	3	12	1	38	7	4	7	36	3	8	5	2	4	17	15	16	3	10	20	15	0	3	1	28	8	7	0	3	7	1	7	13	3	0	1	12	23	0	13	12	2	0	3	0	7	4	2	7	0	7	2	2	0	1	2	3	3	7	4	7	5	3	7	3	0	2	7	0	4	0	9	0	5	0	3	12	1	0	0	4	1	0	4	1	2	0	1	0	5	0	2	4	0	0	11	0	0	9	1	2	0	1	1	4	5	0	6	0	2	3	0	1	0	1	2	0	4	0	1	3	0	0	0	0	0	0	1	1	4	1	2	0	2	1	0	1	1	0	0	0	0	1	4	4	1
340	1527	138	409	107	21	0	1242	214	152	132	50	238	84	147	1	4	11	51	19	4	51	14	29	21	17	14	56	25	26	54	3	8	2	23	3	6	11	14	1	7	5	2	0	8	3	11	4	4	10	9	1	2	0	21	5	9	2	2	7	1	1	12	5	0	0	4	15	0	9	6	1	1	2	2	7	3	4	9	1	2	1	2	0	1	3	3	2	3	2	3	5	3	4	3	0	4	8	0	5	0	6	3	1	0	2	10	0	0	0	3	2	0	2	2	0	0	5	0	3	0	0	0	0	1	2	1	1	4	1	4	0	0	0	5	1	0	0	0	3	8	0	0	0	1	0	0	4	1	1	0	0	0	0	0	0	0	2	2	2	0	1	2	0	0	0	0	0	0	0	0	0	2	0	2	1
138	558	37	160	55	4	0	483	85	60	46	18	95	27	63	3	1	1	18	11	3	20	5	10	13	7	1	14	14	6	27	1	5	0	4	3	3	1	9	1	1	0	0	1	4	1	2	2	0	3	3	0	3	1	4	1	3	0	0	2	0	0	5	2	0	0	2	8	0	4	3	0	0	1	0	3	1	3	3	0	5	2	0	0	2	1	0	3	1	1	1	2	0	1	1	0	1	0	0	2	0	0	0	2	0	3	3	0	0	0	0	0	0	2	0	0	0	2	0	1	0	0	0	0	0	2	0	0	0	0	4	1	0	1	1	1	0	1	0	2	2	0	0	0	0	0	0	1	1	0	1	0	0	0	0	1	0	0	0	0	1	2	0	0	0	0	0	0	0	0	0	0	0	2	0	0
6	12	1	2	2	0	0	10	4	0	0	1	0	2	0	0	0	0	0	0	0	1	0	1	0	0	0	0	1	0	0	1	1	0	1	0	0	0	0	0	0	0	0	0	0	0	0	0	0	0	0	0	0	0	1	0	0	0	0	0	0	0	0	0	0	0	0	0	0	0	0	0	1	0	0	0	0	0	0	0	0	0	0	0	0	0	0	0	0	0	0	0	0	0	0	0	0	1	0	0	0	0	0	0	0	0	0	0	0	0	0	0	0	0	0	0	0	0	0	0	0	0	0	0	0	0	0	0	0	0	0	0	0	0	0	0	0	0	0	0	0	0	0	0	0	0	0	0	0	0	0	0	0	0	0	0	0	0	0	0	1	0	0	0	0	0	0	0	0	0	0	0	0	0	0	0
149	777	59	175	81	10	0	671	106	90	67	18	129	39	71	2	0	5	31	12	2	24	9	18	14	4	5	24	9	14	33	0	5	2	11	5	5	4	11	0	4	5	0	1	7	6	5	0	0	5	6	0	3	1	9	4	3	0	1	1	1	3	1	3	0	0	4	7	0	4	9	1	0	1	0	3	0	0	5	1	2	0	0	0	1	1	1	0	0	1	1	4	0	2	4	1	1	0	0	0	0	4	2	1	0	0	5	0	0	0	0	0	0	3	1	0	0	1	0	1	0	1	0	3	0	7	0	0	5	0	0	0	0	1	0	2	0	1	0	0	1	0	0	0	0	1	1	1	0	0	0	0	1	0	0	1	1	1	2	1	1	2	0	1	1	0	0	0	0	0	0	0	1	1	1	0
33	160	11	46	16	1	0	124	27	31	13	6	36	11	12	1	0	1	8	2	1	6	3	1	2	0	0	5	6	1	6	1	1	0	0	0	0	2	2	0	2	1	0	0	2	2	3	0	0	0	0	0	0	0	8	0	1	0	0	1	0	0	1	0	0	0	1	0	0	1	0	0	0	0	0	0	0	0	1	0	1	0	0	0	0	0	0	0	0	0	0	1	0	0	0	0	0	0	0	0	0	0	0	0	0	0	2	0	0	0	0	0	0	1	0	0	0	0	0	1	0	0	0	0	0	0	0	0	1	0	0	0	0	0	0	0	0	0	0	1	1	0	0	0	0	0	0	0	0	0	0	0	0	0	0	0	0	0	0	1	0	0	0	0	0	0	0	0	0	0	0	0	0	0	0	0
150	587	47	199	56	8	0	580	93	67	56	18	94	46	68	7	1	11	30	12	2	22	9	13	19	8	3	14	16	6	23	0	5	0	11	1	2	6	9	1	1	1	2	0	5	3	5	3	0	7	3	1	2	0	8	4	4	0	0	4	0	1	2	4	0	0	1	3	1	2	5	0	1	0	1	1	0	1	3	0	2	0	0	0	1	0	1	2	1	1	2	5	1	0	0	0	1	2	1	2	0	0	0	0	1	0	6	0	0	0	1	0	0	1	1	0	0	1	0	1	0	1	0	1	1	1	0	0	3	0	0	0	1	0	0	1	0	0	0	0	1	0	2	0	0	0	0	1	0	0	0	0	0	0	0	0	0	1	1	1	1	0	0	1	0	0	0	0	0	0	1	0	0	0	1	1
11	59	3	26	6	0	0	65	9	11	6	4	10	2	10	0	0	1	7	4	0	5	1	2	3	0	0	1	0	2	6	0	0	0	1	0	0	0	0	0	0	1	0	0	1	0	2	1	0	0	1	0	0	0	2	1	0	0	0	0	0	1	0	0	0	0	2	0	0	0	0	0	0	0	0	1	0	0	0	0	0	0	0	0	1	0	0	0	1	0	0	1	1	0	1	0	0	0	0	0	0	0	0	0	0	0	0	0	0	0	0	0	0	0	0	0	0	0	0	0	0	0	0	0	0	0	0	0	0	0	0	0	0	0	0	0	0	0	0	0	0	0	0	0	0	0	0	0	0	0	0	0	0	0	0	0	0	0	0	0	0	0	0	0	0	0	0	0	0	0	0	0	0	0	0	0
31	144	10	39	11	0	0	127	22	20	10	4	19	4	20	0	0	3	2	2	2	3	2	3	2	1	1	0	1	1	3	1	0	0	1	0	1	3	1	0	0	1	0	0	0	0	2	0	0	2	0	0	1	0	1	0	0	0	0	0	0	0	1	1	0	0	0	1	0	0	1	0	0	0	0	1	0	0	0	0	0	0	0	0	0	0	0	0	0	0	0	1	0	0	0	0	0	0	0	0	0	0	1	0	0	0	0	0	0	0	0	0	0	0	0	0	0	0	0	0	0	0	0	0	0	0	0	0	1	0	0	0	1	1	1	0	0	0	0	0	0	0	0	0	0	0	0	0	0	0	0	0	0	0	0	0	0	0	0	0	0	1	0	0	0	0	0	0	0	1	0	0	0	0	0	0
59	243	23	82	24	2	0	203	26	22	23	9	18	16	24	1	0	1	11	8	0	10	2	5	4	5	0	3	4	4	14	0	2	0	3	1	1	3	2	0	0	1	0	0	1	0	0	1	0	1	1	0	0	0	4	1	2	0	0	2	1	1	2	1	0	0	0	2	0	1	1	0	0	0	0	1	0	3	1	0	2	0	0	0	0	0	0	1	1	1	0	0	0	0	0	0	0	0	0	0	0	0	1	1	0	0	4	0	0	0	0	1	0	3	0	0	0	1	0	0	0	0	1	0	0	1	0	0	0	0	1	0	0	0	0	0	0	0	0	1	0	0	0	0	0	0	0	2	0	0	0	0	0	0	0	0	0	0	0	1	0	0	0	0	0	0	0	0	0	0	0	0	1	1	1	0
93	352	44	141	33	5	0	322	50	46	34	14	46	24	23	2	1	6	17	4	1	14	1	6	9	3	1	11	3	3	13	1	4	0	4	3	1	3	5	0	0	0	0	0	4	2	7	0	0	3	0	0	1	0	5	2	1	0	0	1	2	0	2	0	0	0	1	3	0	3	0	0	0	0	0	2	1	0	1	1	0	0	0	0	0	1	0	0	0	0	0	2	0	1	0	1	5	0	0	0	0	2	0	0	0	0	1	0	1	0	0	0	0	2	1	1	0	1	0	2	0	0	0	2	0	0	0	0	0	1	1	0	0	0	1	1	0	1	0	2	1	0	0	0	0	0	0	0	0	1	0	0	0	0	0	0	0	0	1	1	0	1	0	0	0	0	0	0	0	1	0	0	0	0	0	0
9	25	3	7	1	0	0	27	2	6	2	0	7	1	3	0	0	0	2	0	0	0	0	1	1	0	0	0	0	1	3	0	0	0	1	0	0	0	1	0	0	0	0	1	0	0	0	0	0	1	0	0	0	0	0	0	0	0	0	0	0	0	0	0	0	0	0	0	0	0	0	0	0	0	0	1	1	0	0	0	0	0	0	0	0	0	0	1	0	0	0	0	0	0	0	0	0	0	0	0	0	0	0	0	0	0	0	0	0	0	0	0	0	0	0	0	0	0	0	0	0	0	0	0	0	0	0	0	0	0	0	0	0	0	0	0	0	0	0	0	0	0	0	0	0	0	0	0	0	0	0	0	0	0	0	0	0	0	0	0	0	0	0	0	0	0	0	0	0	0	0	0	0	0	0	0
111	522	49	126	39	3	0	467	74	62	36	20	74	33	53	4	1	4	18	4	5	19	3	9	8	6	6	18	6	9	21	3	2	0	12	6	3	2	5	0	2	0	1	1	3	0	3	1	1	4	5	0	0	0	10	1	4	0	0	2	1	0	5	1	0	0	4	4	0	4	2	0	0	0	1	1	0	1	3	1	3	0	0	0	1	0	1	0	1	1	2	4	1	4	1	0	0	2	0	2	0	4	0	0	0	1	2	0	0	0	1	1	0	2	0	0	0	0	0	0	0	1	1	2	0	0	0	0	3	0	0	0	0	0	0	2	0	0	0	0	1	0	1	0	0	0	0	1	0	1	1	0	0	0	0	1	0	0	0	0	0	1	0	0	1	0	0	0	0	0	2	0	0	1	0	1
84	361	34	96	22	2	0	325	51	39	28	7	56	16	32	3	0	3	8	6	3	16	3	11	7	8	0	7	8	3	14	0	2	0	8	1	1	1	4	0	2	1	0	2	3	1	2	0	2	3	0	0	1	0	3	1	0	0	0	2	1	1	2	1	0	0	2	7	0	2	2	0	0	0	0	0	0	0	2	1	1	0	0	0	0	3	1	2	0	1	0	1	0	1	0	0	0	1	0	0	0	0	0	0	0	0	0	0	0	0	0	0	0	1	0	0	0	1	0	0	0	0	1	0	0	2	0	0	0	0	1	0	0	0	0	1	0	0	0	1	1	0	1	0	0	0	0	1	0	0	1	0	0	0	0	0	0	1	0	0	0	1	0	1	1	0	0	0	0	0	0	0	0	0	0	1
3	11	1	1	2	0	0	5	1	0	3	0	2	1	1	0	0	0	0	0	0	0	0	0	0	0	1	0	0	0	0	0	0	0	1	0	0	0	0	0	1	0	0	0	0	1	0	0	0	0	0	0	0	0	0	0	0	0	0	0	0	0	0	0	0	0	0	0	0	0	0	0	0	0	0	0	0	0	0	0	0	0	0	0	0	0	0	0	0	0	0	0	0	0	0	0	0	0	0	0	0	0	0	0	0	0	1	0	0	0	0	0	0	0	0	0	0	0	0	0	0	0	0	0	0	0	0	0	0	0	0	0	0	0	0	0	0	0	0	0	0	0	0	0	0	0	0	1	0	0	0	0	0	0	0	0	0	0	0	0	0	0	0	0	0	0	0	0	0	0	0	0	0	0	0	0
126	484	49	148	54	1	0	439	67	55	44	17	70	33	52	5	2	6	18	15	2	19	7	15	6	6	4	13	8	5	17	1	5	2	14	2	3	2	5	0	4	2	0	2	3	3	1	1	1	4	5	0	2	0	7	0	4	0	0	4	0	3	3	0	1	0	2	2	0	1	6	0	0	0	0	1	0	0	1	0	0	0	0	0	0	1	0	0	0	1	0	2	1	0	0	0	3	1	1	2	0	2	0	1	0	0	4	0	0	0	1	0	0	4	0	0	0	0	0	1	0	0	0	1	0	4	0	1	2	0	4	1	0	0	2	0	0	0	0	0	6	0	1	0	0	0	0	3	0	1	0	0	0	0	0	0	0	1	1	1	2	1	1	3	0	1	0	0	0	0	0	0	0	0	1	0
0	2	0	1	0	0	0	2	1	0	1	0	0	0	0	1	0	0	1	0	0	0	0	0	0	0	0	0	0	0	1	0	0	0	0	0	0	0	0	0	0	0	0	0	0	0	0	0	0	0	0	0	0	0	0	0	0	0	0	0	0	0	0	0	0	0	0	0	0	0	0	0	0	0	0	0	0	0	0	0	0	0	0	0	0	0	0	0	0	0	0	0	0	0	0	0	0	0	0	0	0	0	0	0	0	0	0	0	0	0	0	0	0	0	0	0	0	0	0	0	0	0	0	0	0	0	0	0	0	0	0	0	0	0	0	0	0	0	0	0	0	0	0	0	0	0	0	0	0	0	0	0	0	0	0	0	0	0	0	0	0	0	0	0	0	0	0	0	0	0	0	0	0	0	0	0
24	101	12	26	8	3	0	85	15	14	4	4	13	6	20	0	0	0	7	1	0	5	2	4	3	2	3	6	2	2	6	0	1	2	0	0	0	0	4	0	0	1	0	0	2	1	2	0	0	1	1	0	0	1	0	1	0	0	1	0	0	0	2	0	0	0	0	2	0	0	0	0	0	0	0	0	0	0	2	0	1	0	0	0	1	0	0	0	1	0	0	0	1	0	0	0	0	0	0	0	0	0	0	0	0	0	0	0	0	0	0	0	0	0	0	0	0	0	0	0	0	0	0	0	0	0	0	0	0	0	0	0	1	0	0	0	0	0	0	0	0	0	0	0	0	0	0	1	0	0	0	0	0	0	0	0	0	1	0	0	1	0	0	0	0	0	0	0	0	0	0	0	0	0	0	0
45	231	22	69	19	2	0	227	29	17	31	2	41	12	32	3	1	3	11	4	1	5	1	9	9	2	3	8	6	4	8	1	2	0	9	2	3	2	4	0	0	0	0	0	0	3	8	1	0	1	0	0	0	0	7	0	1	0	0	0	0	1	3	1	0	0	0	1	0	0	1	0	0	1	0	1	0	0	2	0	3	0	0	0	0	0	1	1	1	0	1	3	0	2	0	0	1	0	0	0	0	4	0	0	0	0	5	0	0	0	1	0	0	1	0	1	0	0	0	0	0	0	2	0	0	2	1	0	0	1	0	0	0	0	0	1	0	0	0	0	2	0	0	0	0	0	0	0	0	0	0	0	1	0	0	0	0	0	0	1	0	0	0	0	0	0	0	0	0	0	0	0	0	0	0	0
200	852	83	228	92	5	0	788	119	96	68	36	112	56	89	5	2	7	24	22	5	27	9	23	23	10	4	22	4	15	40	1	7	0	15	3	5	4	8	0	3	3	0	0	5	2	8	0	0	11	7	0	1	3	14	0	1	0	0	2	0	3	8	1	0	0	4	10	0	3	4	1	0	0	0	4	0	2	5	0	5	0	0	0	0	3	1	3	3	2	0	2	1	0	1	0	4	1	0	1	0	1	1	1	0	0	6	0	0	0	0	0	0	4	0	0	0	0	0	1	0	1	0	0	0	6	2	0	1	1	1	0	0	0	2	0	0	0	1	2	5	0	4	0	2	0	0	1	0	0	0	0	1	0	0	0	1	0	0	1	0	1	0	0	0	1	1	0	0	0	0	0	0	1	2	1
61	328	29	88	29	6	0	299	52	34	32	6	39	17	25	2	2	2	11	6	1	7	4	10	12	5	2	6	1	1	11	2	7	1	8	1	5	0	6	0	0	0	1	0	0	2	3	1	0	0	2	0	2	0	4	3	1	0	0	0	0	0	1	1	0	0	2	9	0	0	1	0	0	0	1	0	1	0	1	1	1	0	0	0	0	0	0	0	1	1	0	0	1	1	0	1	3	0	0	0	0	1	0	0	0	0	2	0	0	0	0	0	0	2	0	0	0	0	0	0	0	0	0	1	0	0	0	0	2	0	3	0	0	0	3	0	0	0	0	0	1	0	1	0	0	0	0	0	0	0	1	0	0	0	0	0	0	1	0	0	0	1	1	0	0	0	0	0	0	0	0	0	0	1	0	0
74	321	24	98	37	5	0	302	52	44	37	11	55	19	31	0	1	3	13	9	4	14	3	11	4	6	2	6	5	4	9	2	0	0	5	0	3	2	8	1	1	2	0	0	3	0	2	1	1	3	4	0	1	0	5	0	3	0	0	0	0	1	0	1	0	0	3	1	0	2	3	0	0	0	0	0	0	1	2	0	1	0	0	0	1	0	0	0	0	0	0	2	0	3	1	0	2	2	0	0	0	0	0	0	0	0	4	0	1	1	0	0	0	0	1	0	0	0	0	1	0	0	0	0	0	1	0	0	1	0	1	0	1	0	0	0	0	0	0	1	0	0	0	0	0	0	0	0	0	0	0	0	0	0	0	0	0	0	0	0	0	0	0	1	1	0	1	0	0	0	0	0	0	1	0	0
290	1383	107	344	120	17	1	1229	153	152	129	41	201	85	135	7	2	12	34	22	8	55	13	41	23	17	7	31	16	13	60	1	13	1	29	6	6	9	25	3	5	6	1	2	12	5	16	8	5	12	5	1	2	0	17	3	5	2	0	3	1	2	6	2	0	1	11	7	0	3	5	0	0	0	2	9	3	4	6	0	6	3	1	0	1	2	3	2	3	2	0	3	1	9	2	0	4	2	0	1	0	4	0	3	0	2	8	0	0	0	1	0	0	3	3	0	0	2	0	1	0	0	1	0	3	3	0	0	3	1	2	0	1	0	3	1	0	1	0	1	3	0	1	1	0	1	0	2	1	1	3	0	0	0	0	0	1	1	1	1	0	3	0	2	2	0	1	0	0	0	1	0	2	2	3	1
112	402	27	104	33	3	0	361	57	48	40	17	65	22	36	2	1	4	12	9	0	13	5	8	10	5	2	12	11	0	10	1	3	1	6	1	1	2	10	0	1	0	0	1	4	4	7	0	2	2	2	0	3	0	4	1	1	0	0	0	1	0	5	0	0	0	4	4	0	1	4	0	0	0	0	0	0	4	3	0	2	0	1	0	1	0	0	2	2	0	1	0	0	1	1	0	0	3	0	1	0	2	1	0	0	0	0	0	0	0	0	0	0	3	1	0	0	0	0	1	0	0	2	0	0	2	0	1	0	0	0	0	0	0	1	1	0	0	0	1	1	0	0	0	1	0	0	1	0	0	0	0	0	0	0	0	0	0	0	0	0	0	0	0	3	0	1	0	0	0	0	0	0	0	2	0
4	13	1	9	2	0	0	8	1	0	3	0	3	1	0	1	0	0	2	0	0	0	0	0	0	1	0	3	0	0	0	0	0	0	0	0	0	0	0	0	0	0	0	0	0	0	0	0	0	0	0	0	0	0	0	0	0	0	0	0	0	0	1	0	0	0	0	0	0	0	0	0	0	0	0	0	0	0	1	0	0	0	0	0	0	0	0	0	0	0	0	0	0	0	0	0	0	0	0	0	0	0	0	0	0	1	0	0	0	0	0	0	0	0	0	0	0	0	0	0	0	0	0	0	0	0	0	0	0	0	0	0	0	0	0	0	0	0	0	0	0	0	0	0	0	0	0	0	0	0	0	0	0	0	0	0	0	0	0	0	0	0	0	0	0	0	0	0	0	0	0	0	0	0	0	0
55	210	24	55	22	6	0	185	42	26	28	8	36	15	24	0	1	3	5	8	1	8	0	3	3	2	0	5	4	2	4	0	1	0	4	2	2	0	6	0	0	1	0	0	0	3	2	2	0	0	1	0	1	0	3	2	1	0	0	0	1	0	3	1	0	0	2	2	0	1	1	0	0	0	0	0	1	1	0	0	1	0	0	0	0	0	0	1	0	0	0	0	0	1	2	0	0	1	0	0	0	0	0	0	0	0	2	0	0	0	0	1	0	0	0	1	0	3	0	0	1	0	0	0	0	2	0	1	2	0	1	0	0	0	1	1	0	0	0	0	1	0	0	0	1	0	0	0	0	0	0	0	0	1	0	0	0	0	0	2	0	0	0	0	0	0	0	0	0	0	0	0	0	0	0	0
108	421	31	115	45	2	0	395	48	51	38	14	70	28	42	5	2	2	24	12	1	11	5	13	8	7	4	17	9	6	18	1	1	1	7	1	3	4	8	0	3	1	0	0	4	5	3	0	1	1	0	0	1	1	6	1	5	0	0	1	0	0	3	3	0	0	6	5	0	3	3	0	0	0	0	2	0	0	4	0	2	0	1	0	0	1	3	1	2	0	0	1	0	1	2	0	2	2	0	0	0	2	0	0	0	1	5	0	0	0	0	0	0	2	0	0	0	0	0	1	0	0	2	0	0	1	1	0	1	0	0	0	0	0	0	0	0	1	0	1	2	0	0	0	0	0	0	1	0	0	1	0	0	0	0	1	0	0	0	1	2	0	0	0	0	0	1	0	0	0	0	0	0	2	0	0
16	68	5	19	9	1	0	56	12	10	8	4	12	3	11	1	0	0	2	0	1	2	0	2	1	0	1	0	2	1	0	0	0	0	3	0	0	0	0	0	0	0	0	0	1	1	1	0	0	0	0	0	0	0	0	1	0	1	0	1	0	0	0	0	0	0	3	0	0	0	1	0	0	0	0	0	0	0	0	0	0	1	1	0	0	1	0	0	0	0	0	0	0	0	0	0	0	1	0	0	1	0	0	0	0	0	0	0	0	0	1	0	0	1	0	0	0	0	0	1	0	0	0	0	0	1	0	0	1	0	0	0	0	0	0	1	0	0	0	0	1	0	0	0	0	0	0	2	0	0	0	0	0	0	0	0	0	0	0	0	0	0	0	0	0	0	0	0	0	0	0	0	0	0	0	0
33	157	18	35	10	6	0	114	15	12	16	4	19	5	16	0	0	2	3	1	0	6	2	5	5	3	1	6	3	2	10	0	2	0	1	1	0	1	2	0	0	2	0	0	1	0	3	0	0	0	1	1	0	0	1	0	2	0	0	0	0	0	0	0	0	0	1	0	0	2	1	0	0	0	0	1	0	0	1	0	0	0	0	0	0	1	0	0	0	0	0	0	0	0	0	0	1	0	0	0	0	1	0	0	0	0	0	0	1	0	0	1	0	0	0	0	0	1	0	1	0	0	0	0	0	0	0	0	0	0	1	0	0	0	0	0	0	0	0	0	0	0	0	0	0	0	0	0	0	0	0	0	0	0	0	0	0	1	0	0	0	0	0	0	0	0	0	0	0	0	0	0	0	0	0	0
2	12	2	3	2	0	0	13	1	1	3	0	4	1	2	0	0	0	0	0	0	1	0	0	0	0	0	0	0	1	1	0	1	0	0	0	0	0	0	0	0	0	0	0	0	0	0	0	0	0	0	0	0	0	1	0	0	0	0	0	0	0	0	0	0	0	0	0	0	0	0	0	0	0	0	0	0	0	0	0	0	0	0	0	0	0	0	0	0	0	0	0	0	0	0	0	0	0	0	0	0	0	0	0	0	0	0	0	0	0	0	0	0	0	0	0	0	0	0	0	0	0	0	0	0	0	0	0	0	0	0	0	0	0	0	0	0	0	0	0	0	0	0	0	0	0	0	0	0	0	0	0	0	0	0	0	0	0	0	0	0	0	0	0	0	0	0	0	0	0	0	0	0	0	0	0
151	631	51	201	62	4	1	560	81	73	59	29	101	51	73	1	0	6	21	12	4	29	7	16	13	4	8	16	3	6	26	2	5	1	17	2	5	3	12	1	3	5	0	0	2	3	5	1	0	2	1	0	2	0	5	2	0	0	0	4	0	0	4	2	0	0	1	5	0	1	6	0	0	0	0	6	2	2	1	0	0	1	1	0	1	0	0	0	1	0	0	7	0	0	0	0	3	4	0	0	0	3	1	0	0	0	5	0	0	1	1	0	1	3	0	2	0	1	0	1	0	0	3	1	0	3	0	0	0	0	0	0	0	0	0	0	0	3	0	0	2	0	0	0	0	2	0	0	0	0	0	0	0	0	0	0	0	2	0	2	0	1	0	1	0	1	1	0	0	0	0	0	0	0	0	0
103	435	47	116	45	5	0	343	59	43	46	15	80	28	49	2	1	1	28	7	0	16	4	12	6	4	4	13	9	7	20	0	2	0	1	2	0	3	4	0	2	3	0	0	7	3	2	1	1	3	1	0	1	0	10	0	2	0	0	1	0	3	5	0	0	0	0	6	0	5	1	1	0	0	0	0	1	1	3	0	2	0	0	0	1	2	0	1	2	0	2	1	0	0	0	0	0	1	0	0	1	0	0	1	0	0	2	0	0	1	0	1	0	3	0	0	0	1	0	0	0	0	1	1	0	0	0	0	0	0	1	0	1	0	1	0	0	1	0	0	1	0	1	0	0	0	0	1	0	0	0	0	0	0	0	1	0	0	0	2	0	2	0	1	0	0	0	0	0	0	0	0	0	1	0	0
43	141	15	44	14	0	0	127	23	13	8	6	20	11	11	3	0	1	10	2	0	3	2	5	1	2	0	2	0	2	12	0	2	0	4	0	0	1	2	0	2	2	0	0	0	1	2	2	0	0	0	0	1	1	5	2	1	0	0	0	0	0	6	0	0	0	1	0	0	0	2	0	0	0	0	0	0	0	0	0	0	0	0	0	0	1	0	0	0	1	1	0	0	1	0	0	1	0	0	0	0	1	0	1	0	0	1	0	0	0	0	0	0	0	0	0	0	0	0	0	0	0	0	0	0	1	0	0	0	0	0	0	0	0	0	0	0	0	0	0	1	0	0	0	0	0	0	0	0	0	1	0	0	0	0	0	0	0	0	0	0	0	0	0	1	0	0	0	0	1	0	0	0	0	0	1
50	189	13	70	22	3	0	174	44	17	11	4	20	6	14	0	1	3	10	4	0	8	2	5	5	3	1	6	3	0	6	2	3	0	1	1	1	0	2	0	0	1	0	0	0	2	1	1	0	0	4	0	0	0	3	3	0	0	0	1	0	0	2	0	0	0	1	0	0	0	1	1	0	1	1	1	0	1	0	0	0	0	1	0	1	0	0	0	1	0	0	0	0	1	1	0	0	0	0	0	0	1	0	0	0	0	1	1	0	0	0	0	0	0	0	0	0	0	0	1	0	0	0	0	0	2	0	0	0	0	0	0	0	0	0	0	0	0	0	0	0	0	0	0	0	0	0	0	1	0	0	0	0	0	0	0	0	0	0	1	1	0	0	0	0	0	0	0	0	0	0	0	0	0	0	0
52	235	14	76	17	1	0	166	37	27	33	4	33	16	29	0	1	0	12	5	0	14	0	10	3	1	0	6	1	5	15	2	1	0	5	1	1	1	2	0	1	0	0	0	1	1	0	3	1	2	1	2	2	1	2	1	0	0	0	1	0	0	2	1	0	0	0	4	0	4	0	0	0	0	0	0	0	0	0	0	0	0	1	0	0	0	0	0	0	2	0	1	0	0	0	0	0	0	0	0	0	0	0	0	0	0	2	0	0	0	0	0	0	0	0	0	0	0	0	0	0	1	2	2	0	0	0	0	0	0	1	1	0	0	0	0	0	0	0	0	2	0	0	0	0	0	0	0	1	0	0	0	0	0	0	0	0	0	1	0	0	0	0	0	0	0	0	0	0	0	0	0	0	0	0	0
54	208	22	61	13	1	0	178	32	26	10	11	33	12	26	3	0	2	7	4	1	4	5	9	8	1	5	6	5	3	8	1	1	0	3	1	2	3	2	0	0	1	0	1	3	0	2	1	0	1	1	0	0	0	5	0	0	0	0	0	0	0	2	0	0	0	2	3	0	0	1	0	0	0	0	0	0	1	1	0	0	0	1	0	0	1	0	0	0	1	1	1	0	1	0	0	0	3	0	0	0	2	0	0	0	1	1	0	0	0	0	0	0	1	0	0	0	0	0	0	0	0	0	0	0	1	0	0	0	0	1	0	0	0	0	0	0	0	0	0	1	0	0	0	0	0	0	0	0	0	0	0	1	0	0	0	0	0	0	0	0	1	0	0	0	0	0	0	0	0	0	0	0	0	1	1
31	87	10	33	7	0	0	88	13	12	14	8	16	4	6	0	1	2	5	2	0	2	1	1	3	1	1	3	2	0	7	0	0	1	2	0	0	1	2	0	0	0	0	0	0	2	4	0	0	1	1	0	0	0	2	1	0	0	0	0	0	0	2	0	0	0	1	0	0	0	1	0	0	0	0	0	0	0	0	0	1	1	0	0	0	0	0	0	0	0	0	0	0	0	0	0	0	0	0	0	0	0	0	0	0	0	0	0	0	0	0	0	0	0	0	0	0	0	0	0	0	0	0	0	0	1	1	0	0	0	0	0	0	0	0	0	0	1	0	0	1	0	0	0	0	0	0	0	0	0	0	0	0	0	0	0	0	0	0	0	0	0	0	0	0	0	0	0	0	0	0	0	1	0	0	0
135	476	48	165	46	7	0	436	74	65	46	13	65	41	52	2	1	3	13	12	0	14	3	7	11	7	4	18	6	7	26	1	3	0	3	2	2	3	10	0	1	3	0	0	1	1	4	0	2	7	4	1	0	1	7	1	2	1	0	0	0	1	3	0	0	0	1	6	0	2	1	0	0	0	0	1	1	1	4	0	4	0	0	0	1	1	2	0	1	3	2	2	1	1	0	0	0	1	0	1	0	1	0	1	0	0	3	0	1	0	1	0	0	4	0	0	0	0	0	1	0	0	1	0	0	1	0	0	1	0	4	0	0	0	2	1	0	1	0	0	2	0	0	0	1	1	0	0	0	0	0	0	0	1	0	0	0	0	0	2	0	0	0	0	0	2	1	0	0	0	0	0	0	0	0	1
55	263	19	71	17	2	0	240	26	28	13	9	26	10	17	3	0	5	14	1	1	6	4	4	3	1	1	3	2	2	9	1	3	0	7	2	1	1	2	0	0	0	0	2	2	1	2	0	0	0	1	0	1	0	4	0	0	0	0	2	0	0	0	0	0	0	2	2	0	1	0	0	0	1	0	3	0	0	0	0	0	1	0	0	1	0	0	1	0	0	1	0	0	1	0	1	1	1	0	1	0	1	0	0	0	0	2	0	0	1	0	0	0	0	1	0	0	0	0	1	0	0	0	0	0	1	0	0	0	0	0	0	0	0	1	0	0	0	0	0	1	0	1	0	0	0	0	0	0	0	0	0	0	0	0	0	0	0	0	0	0	1	0	0	0	0	0	1	0	0	0	0	1	0	0	0
64	268	23	76	30	5	0	225	36	34	26	7	34	13	33	2	1	0	10	7	1	13	3	6	5	2	2	9	2	5	10	1	0	0	12	0	4	2	3	0	0	4	0	1	4	3	2	1	1	2	3	0	1	0	3	0	3	0	0	0	0	1	3	1	0	0	2	4	0	1	4	0	0	1	0	1	0	0	1	0	1	0	1	0	0	0	0	0	1	0	0	2	2	2	0	0	1	0	0	0	0	0	0	0	0	0	7	0	0	0	0	1	0	2	1	0	0	0	0	0	0	1	0	0	1	3	0	1	2	0	0	0	0	0	0	0	0	0	0	1	0	0	0	0	0	0	0	0	1	2	0	0	0	1	0	0	0	0	0	0	0	1	0	1	0	0	0	0	0	0	0	0	0	0	2	0
5	28	5	9	3	1	0	19	5	5	2	0	2	1	3	0	0	0	0	3	0	2	1	0	1	0	0	1	0	1	1	0	0	0	2	0	0	0	0	0	0	0	0	0	1	0	0	0	1	0	0	0	0	0	0	0	0	1	0	0	0	0	0	0	0	0	0	0	0	0	0	0	0	0	0	0	0	0	0	0	0	0	0	0	0	0	0	0	0	0	0	0	0	0	0	0	0	0	0	0	0	0	0	0	0	0	1	0	0	0	0	0	0	0	0	0	0	0	0	0	0	0	0	0	0	0	0	0	0	0	0	0	0	0	0	0	0	0	0	0	0	0	0	0	0	0	0	0	0	0	0	0	0	0	0	0	0	0	0	0	0	0	0	0	0	0	0	0	0	0	0	0	0	0	1	0
79	351	44	90	30	7	0	324	45	50	29	10	49	19	38	3	2	6	16	6	1	17	2	8	7	2	4	8	1	7	19	2	3	1	9	2	4	3	5	0	0	3	1	0	3	1	1	0	0	5	2	1	0	1	5	1	0	0	0	0	1	2	0	0	0	0	0	3	0	1	2	1	0	0	0	1	1	0	0	1	1	0	0	0	1	0	2	0	0	1	0	0	0	0	1	0	1	1	0	0	0	1	0	0	1	1	1	0	1	0	1	0	0	2	0	1	0	0	0	1	0	0	1	0	0	1	1	0	1	0	0	0	0	0	2	2	0	0	0	0	1	0	0	0	0	0	0	0	0	0	0	0	0	0	0	0	0	0	1	0	0	1	0	1	0	0	1	0	0	0	0	0	1	0	0	0
44	232	16	61	14	4	0	189	22	16	27	0	38	13	18	1	0	6	6	6	1	8	0	5	5	2	1	3	7	4	4	0	1	0	4	1	2	1	1	0	2	3	0	0	1	0	2	1	0	1	0	0	0	0	4	0	0	0	0	1	0	0	1	0	0	0	1	3	0	2	1	0	0	0	1	1	0	1	1	1	1	1	0	0	0	0	0	0	1	0	0	0	0	0	0	0	0	1	0	1	0	1	0	0	0	0	2	0	0	0	0	0	0	0	1	0	0	0	0	0	0	0	0	0	0	1	0	0	0	0	0	0	0	1	0	0	0	0	0	0	0	0	0	0	1	0	0	0	0	0	0	1	0	0	0	0	0	0	0	1	0	0	0	0	0	0	0	0	0	0	0	0	0	0	0	0
12	37	7	15	3	2	0	37	7	3	4	1	9	2	5	0	0	0	1	2	0	2	0	0	2	1	0	0	0	0	0	0	0	0	2	0	0	0	0	0	0	0	0	0	1	0	2	0	0	0	1	0	0	0	0	0	0	0	0	0	0	1	0	0	0	0	0	0	0	0	0	0	0	0	0	0	0	0	0	0	0	0	0	0	0	0	0	0	0	1	0	0	0	1	0	0	0	0	0	0	0	0	0	0	0	0	0	0	0	0	0	0	0	1	0	1	0	0	0	0	0	0	0	0	0	0	0	0	0	0	0	0	0	0	0	0	0	0	0	0	0	0	0	0	0	0	0	0	0	0	0	0	0	0	0	0	0	0	0	0	0	0	0	0	0	0	0	0	0	0	0	0	0	0	0	0
14	43	2	10	8	1	0	45	4	6	2	2	12	5	3	0	0	1	0	1	0	4	0	2	2	2	0	1	0	0	1	0	0	0	0	0	0	0	0	0	0	0	0	0	0	0	0	0	0	0	0	0	0	0	1	0	0	0	0	0	0	0	2	0	0	0	0	0	0	0	0	0	0	0	0	0	0	0	1	0	0	1	0	0	0	0	0	0	0	0	0	1	0	0	0	0	0	0	0	0	0	0	0	0	0	0	0	0	0	0	0	0	0	0	0	0	0	0	0	0	0	0	0	0	0	0	0	0	1	0	0	0	0	0	0	0	0	0	0	0	0	0	0	0	0	0	0	0	0	0	0	0	0	0	0	0	0	0	0	0	0	0	0	0	0	0	0	0	0	0	0	0	0	0	0	0
23	108	9	33	13	0	0	80	10	9	6	3	13	8	10	1	0	1	2	0	1	7	0	5	3	1	0	1	3	3	4	0	0	0	1	1	0	0	1	0	0	0	0	0	0	1	2	0	1	3	0	0	0	0	0	0	0	0	0	0	1	0	0	1	0	0	0	1	0	1	0	0	0	0	0	0	0	0	0	0	1	0	0	0	0	0	0	0	0	0	0	0	1	0	0	0	0	0	0	0	0	0	0	0	0	0	0	0	0	0	0	0	0	0	0	0	0	0	0	0	0	0	1	0	0	0	0	0	0	0	0	0	0	1	0	0	0	0	0	0	0	0	0	0	1	1	0	0	0	0	0	0	0	0	0	0	0	0	0	1	0	0	0	1	0	0	0	0	0	0	0	0	0	0	0	0
11	67	5	14	4	0	0	50	12	5	7	0	8	2	8	0	0	0	4	1	0	3	0	0	2	0	0	3	0	1	3	0	1	0	3	0	0	1	0	0	1	0	0	0	1	0	0	1	0	1	0	0	0	0	0	2	0	0	0	0	0	0	0	0	0	0	0	0	0	0	0	0	0	0	0	2	0	0	0	0	0	0	0	0	0	1	0	1	0	0	0	0	0	0	0	0	0	0	0	0	0	0	0	0	0	0	0	0	0	0	0	0	0	0	0	0	0	0	0	0	0	0	0	0	0	0	0	0	0	0	0	0	0	0	0	1	0	0	0	0	1	0	0	0	1	0	0	0	0	0	0	0	0	0	0	0	0	0	0	0	0	0	0	1	0	0	0	0	0	0	0	0	0	1	0	0
40	158	18	55	14	1	0	131	21	16	13	4	19	9	15	1	0	0	0	3	0	8	6	0	2	0	1	5	3	1	4	0	2	0	2	1	0	1	5	0	2	1	0	0	1	1	0	0	1	0	0	0	0	0	0	0	0	1	0	0	0	0	0	0	0	0	2	2	0	1	2	1	0	0	0	1	3	1	2	0	2	1	0	0	0	0	0	0	0	0	0	0	0	0	1	0	0	0	0	0	0	0	1	0	0	0	1	0	0	0	0	0	0	0	0	0	0	1	0	0	0	0	0	0	0	0	0	0	1	0	1	0	0	0	1	0	0	0	0	0	1	0	0	0	0	0	0	0	0	0	0	0	0	0	0	0	0	0	0	0	0	2	0	0	1	0	0	0	0	0	0	0	0	0	0	1
12	54	4	14	5	2	0	49	3	7	4	1	9	3	5	1	0	1	3	1	0	2	0	1	0	0	1	1	0	1	1	0	1	0	0	0	0	0	0	0	0	0	0	0	1	1	0	0	0	0	0	0	1	0	2	1	0	0	0	0	0	0	1	0	0	0	0	0	0	2	0	0	0	0	1	0	0	0	0	0	0	0	0	0	0	1	0	0	0	0	0	0	0	0	0	0	0	1	0	0	0	0	0	0	0	0	1	0	0	0	0	0	0	0	0	0	0	0	0	0	0	0	0	0	0	0	0	0	0	0	0	0	0	0	0	0	0	0	0	0	0	0	0	0	0	0	0	0	0	0	0	0	0	0	0	0	0	0	0	1	0	0	0	0	0	0	0	0	0	0	0	0	0	0	0	0
86	323	32	103	22	3	0	272	37	39	26	10	34	20	24	1	0	3	15	7	3	18	2	7	6	0	3	6	3	4	13	0	6	0	4	2	3	4	4	1	0	0	0	0	3	2	1	0	0	1	1	0	0	0	9	1	1	0	0	0	1	1	1	0	0	0	2	4	0	1	1	0	1	2	0	2	0	2	1	0	0	0	1	1	0	0	0	0	1	0	1	2	2	2	0	0	1	0	0	1	0	3	1	0	0	0	3	1	0	0	0	0	0	0	0	0	0	2	0	0	0	1	2	1	1	2	0	0	0	1	1	0	0	0	0	0	0	0	0	1	0	0	0	0	0	0	0	0	0	0	0	0	1	0	0	0	0	1	1	0	0	0	0	1	0	0	0	0	0	0	0	0	0	0	1	0
57	224	13	70	18	3	0	195	19	28	16	9	32	13	16	3	0	3	8	5	0	9	0	9	4	5	5	9	3	5	8	0	1	1	5	2	1	3	2	0	0	1	0	0	2	0	2	0	0	1	0	0	0	0	0	1	2	0	0	2	0	1	1	1	0	0	1	4	0	0	1	0	0	0	0	1	0	0	2	0	1	0	0	0	1	1	0	0	0	1	0	1	2	0	0	0	0	0	0	0	0	0	0	0	0	0	3	0	0	0	0	0	1	1	2	0	0	0	0	0	0	0	0	0	0	0	0	0	1	0	0	0	0	0	0	0	0	1	0	0	1	0	0	0	1	0	0	0	0	0	0	1	0	0	0	0	0	0	0	1	0	0	0	1	1	0	0	0	0	0	0	0	0	0	0	0
4	35	4	10	2	1	0	25	7	7	5	1	4	1	2	0	0	0	2	0	0	3	0	0	1	0	1	0	0	0	1	0	0	0	0	0	0	0	1	0	1	1	0	0	0	0	0	0	0	1	0	0	0	0	2	0	0	0	0	0	0	0	0	0	0	0	1	1	0	0	0	0	0	0	0	0	0	0	0	0	0	0	0	0	0	0	0	0	0	0	0	0	1	0	0	0	0	0	0	0	0	0	0	0	0	0	0	0	0	0	0	0	0	0	0	0	0	0	0	0	0	0	0	0	0	0	0	0	0	0	1	0	0	0	0	0	0	0	0	0	0	0	0	0	0	0	0	0	0	0	0	0	0	0	0	0	0	0	0	0	0	0	0	0	0	0	0	0	0	0	0	0	0	0	0	0
54	260	19	70	29	2	0	175	40	27	22	8	24	9	17	0	0	2	11	5	1	6	5	8	9	3	2	6	4	2	12	1	1	0	5	0	0	0	4	0	2	0	0	1	1	0	1	0	0	3	1	0	0	0	5	0	0	0	0	2	0	2	0	1	0	0	0	4	0	0	1	0	0	0	0	1	0	1	0	0	1	0	0	0	0	0	1	0	0	0	1	2	0	3	1	0	0	0	0	0	0	0	0	1	0	0	3	0	0	1	0	2	0	1	1	0	0	0	0	0	0	0	0	0	0	0	1	0	2	0	0	0	0	1	1	0	0	0	0	0	1	0	0	0	0	0	0	0	0	0	0	0	1	0	0	0	0	0	0	0	0	0	0	1	0	0	0	0	0	1	0	0	0	0	0	0
36	172	20	64	12	4	0	162	26	26	12	8	21	13	14	1	0	3	8	2	0	8	4	5	4	1	0	7	2	4	6	1	0	1	3	1	1	2	2	0	0	0	0	0	2	1	3	1	0	1	1	0	0	0	4	0	1	0	0	0	0	0	2	0	0	0	0	0	0	2	0	0	0	1	0	0	0	0	2	0	0	0	0	0	2	0	0	0	1	1	0	0	0	1	0	0	1	0	0	1	0	0	0	1	0	0	1	0	0	0	0	0	0	1	0	0	0	0	0	0	0	0	0	1	1	0	0	0	0	0	0	0	0	0	2	0	0	0	0	1	1	0	0	0	0	1	0	1	0	0	0	0	0	0	0	0	0	0	0	2	0	1	0	1	0	0	0	0	0	0	1	0	0	0	0	0
17	57	8	12	3	0	0	45	5	6	2	4	8	4	3	0	0	0	4	1	0	0	1	2	2	0	0	1	1	0	4	0	0	0	1	0	0	0	0	0	1	1	0	0	1	0	0	0	0	1	0	0	0	0	0	0	0	0	0	0	0	0	0	0	0	0	0	0	0	0	0	0	0	0	1	0	0	0	0	0	0	0	0	0	0	0	0	0	0	0	0	1	0	0	0	0	0	0	0	0	0	0	0	0	0	0	1	0	0	0	0	0	0	1	0	0	0	0	0	0	0	0	0	0	0	0	0	0	0	0	0	0	0	0	0	0	0	0	0	0	0	0	0	0	0	0	0	0	0	0	0	0	0	0	0	0	0	0	0	0	0	0	0	0	0	0	0	0	0	0	0	0	0	0	0	0
11	53	6	16	4	0	0	44	6	4	3	1	6	2	4	0	0	1	1	2	0	0	2	0	1	0	0	2	1	0	1	0	0	0	5	2	2	0	0	0	0	0	0	0	0	0	0	0	0	0	0	0	1	0	0	0	1	0	0	0	0	0	1	0	0	0	1	1	0	0	0	0	0	0	0	1	0	0	0	0	0	0	0	0	0	1	0	1	0	0	0	0	0	0	0	0	0	0	0	0	0	1	0	0	0	0	0	0	0	0	0	0	0	0	0	0	0	0	0	0	0	0	0	0	0	0	0	0	0	0	0	0	0	0	0	0	0	0	0	0	0	0	0	0	0	0	0	0	0	0	0	0	0	0	0	0	0	1	0	0	0	0	0	0	0	0	0	0	0	0	0	0	0	0	0	0
12	61	5	18	5	0	0	39	2	1	7	1	8	3	4	0	0	1	2	1	0	3	1	1	1	3	0	0	0	1	2	0	0	1	0	0	0	0	1	0	1	0	0	0	1	0	0	0	0	0	0	0	0	0	1	0	0	0	0	0	0	0	0	0	0	0	1	0	0	0	1	0	0	0	0	0	0	0	1	0	0	0	0	0	0	0	0	0	1	0	0	1	0	0	0	0	0	0	0	0	0	0	0	0	0	0	0	0	0	0	0	0	0	1	0	0	0	0	0	0	0	0	0	0	0	0	0	0	1	0	0	0	0	0	0	0	0	0	0	0	0	0	0	0	0	0	0	0	0	0	1	0	0	0	0	0	0	1	0	0	0	0	0	0	0	0	0	0	0	0	0	0	0	0	0	0
33	125	9	32	9	0	0	105	21	15	13	5	24	9	9	2	0	0	5	2	0	4	1	4	4	3	0	5	0	0	6	0	0	0	3	0	1	0	1	0	0	0	0	0	3	0	0	1	0	0	1	0	0	0	4	0	1	0	0	1	0	0	3	0	0	0	3	1	0	0	0	0	0	0	1	0	1	1	0	0	0	0	0	0	0	0	0	0	0	0	0	1	0	1	0	0	0	1	0	0	0	0	0	1	0	0	3	0	0	0	0	0	0	0	0	0	0	0	0	0	0	0	1	0	0	2	0	0	0	0	0	0	0	0	0	0	0	0	0	0	0	0	0	0	0	0	0	0	0	0	0	0	0	0	0	0	0	0	0	1	0	0	1	0	0	0	0	0	0	0	0	0	0	0	0	0
13	81	3	20	6	2	0	73	10	5	9	3	7	8	3	1	0	0	5	1	0	5	0	1	2	1	1	5	0	1	2	0	0	0	2	1	0	0	2	0	1	0	0	0	1	0	1	0	0	1	0	0	0	0	0	0	0	0	0	1	0	0	0	0	0	0	1	1	0	1	0	0	0	0	0	0	1	0	0	0	0	0	0	0	0	0	1	1	1	0	0	0	0	0	0	0	0	0	0	0	0	0	0	0	0	0	0	0	0	0	0	0	0	1	0	0	0	0	0	0	0	0	0	0	0	0	0	0	0	0	0	0	0	0	0	0	0	0	0	0	0	0	0	0	0	0	0	0	0	0	0	0	0	0	0	0	0	0	1	1	1	0	0	0	0	0	0	0	0	0	0	0	0	0	0	0
13	61	2	19	6	1	0	50	14	7	6	3	7	3	7	0	0	0	0	0	0	3	2	0	1	3	1	1	0	2	4	0	0	0	1	0	1	3	1	0	0	0	0	0	0	0	0	0	0	1	0	0	1	0	2	1	0	0	0	1	1	0	0	0	0	0	0	1	0	0	0	0	0	0	0	1	0	0	0	0	0	0	0	0	0	0	0	0	1	0	0	0	0	0	0	0	0	0	0	0	0	0	0	0	0	0	0	0	0	0	0	0	0	0	0	0	0	0	0	0	0	0	0	0	0	0	0	0	0	0	0	0	0	0	0	0	0	0	0	0	1	0	0	1	0	0	0	0	0	0	0	0	0	0	0	0	0	0	1	0	0	0	0	0	0	0	0	0	0	0	0	0	0	0	0	0
6	22	4	10	2	0	0	10	3	1	1	0	4	1	4	1	0	0	0	0	0	3	0	0	0	0	0	0	0	1	0	0	0	0	0	0	0	0	0	0	0	0	0	0	0	0	1	0	0	0	0	0	0	0	0	1	0	0	0	0	0	0	0	0	0	0	0	0	0	0	0	0	0	0	0	0	0	0	0	0	0	0	0	0	0	0	0	0	0	0	0	0	0	0	0	0	0	0	0	0	0	0	0	0	0	0	0	0	0	0	0	0	0	0	0	0	0	0	0	0	0	0	0	0	0	1	0	0	0	0	0	0	0	0	0	0	0	0	0	0	0	0	0	0	0	0	0	0	0	0	0	0	0	0	0	0	0	0	0	0	0	0	0	0	0	0	0	0	0	0	0	0	0	0	0	0
7	21	1	6	4	0	0	18	1	1	0	1	4	2	0	0	0	0	1	0	0	0	0	0	0	0	0	1	0	0	0	0	0	0	0	0	0	0	1	0	0	0	0	0	0	0	0	0	0	0	0	0	0	0	0	1	0	0	0	0	0	0	0	0	0	0	0	0	0	0	0	0	0	0	0	0	0	0	0	0	0	0	0	0	0	0	0	0	0	0	0	0	0	0	0	0	0	0	0	0	0	0	0	0	0	0	0	0	0	0	0	0	0	0	0	0	0	0	0	0	0	0	0	0	0	0	0	0	0	0	0	0	0	0	0	0	0	0	0	0	0	0	0	0	0	0	0	0	0	0	0	0	0	0	0	0	0	1	0	0	0	0	0	0	0	0	0	0	0	0	0	0	0	0	0	0
12	38	4	11	5	0	0	29	2	3	4	2	6	0	5	0	0	0	3	0	0	1	1	0	1	0	0	0	0	0	3	0	1	0	1	0	0	0	0	0	0	0	0	1	0	0	1	0	0	0	0	0	0	0	0	0	0	0	0	0	0	0	0	0	0	0	0	0	0	0	0	1	0	1	0	0	0	0	1	0	1	0	0	0	0	0	0	0	0	0	0	0	0	0	0	0	0	0	0	0	0	0	0	0	0	1	0	0	0	0	0	0	0	0	0	0	0	0	0	0	0	0	0	0	0	0	0	0	0	0	0	0	0	0	0	0	0	0	0	0	1	0	0	0	0	0	0	0	0	0	0	0	0	0	0	0	0	0	0	0	0	0	0	0	0	0	0	0	0	0	0	0	0	0	0	0
3	20	1	6	0	0	0	20	1	1	0	0	1	1	1	0	1	1	1	1	1	1	0	1	0	0	0	0	1	0	0	0	0	0	0	0	0	0	0	0	0	0	0	0	0	0	0	0	0	0	0	0	0	0	1	0	0	0	0	0	0	0	0	0	0	0	0	0	0	0	1	0	0	0	0	0	0	0	0	0	0	0	0	0	0	0	0	0	0	0	0	0	0	0	0	0	0	0	0	0	0	0	0	0	0	0	0	0	0	0	1	0	0	0	0	0	0	0	0	0	0	0	0	0	0	1	0	0	0	0	0	0	0	0	0	0	0	0	0	0	0	0	0	0	0	0	0	0	0	0	0	0	0	0	0	0	0	0	0	0	0	0	0	0	0	0	0	0	0	0	0	0	0	0	0	0
11	49	2	15	3	0	0	33	10	6	6	2	9	2	4	1	0	0	2	2	2	2	0	1	0	0	0	1	2	0	5	0	0	0	1	0	0	0	1	0	0	1	0	0	0	1	0	1	1	0	0	0	0	0	0	0	0	0	0	0	0	0	0	0	0	0	0	1	0	0	0	0	0	0	0	0	0	0	0	0	0	0	0	0	0	0	0	0	0	0	0	0	0	0	0	0	0	0	0	0	0	0	0	1	0	0	1	0	0	0	1	0	0	0	0	0	0	0	0	0	0	0	0	0	0	0	0	0	1	0	0	0	0	0	0	0	0	0	0	0	0	0	0	0	0	0	0	0	0	0	0	0	0	0	0	0	0	0	0	0	0	0	0	0	1	0	0	0	0	0	0	0	0	0	0	0
70	300	36	90	32	5	0	254	57	38	28	11	49	9	20	2	0	3	14	2	4	13	4	8	7	4	4	8	4	0	7	0	1	1	8	2	1	1	4	0	0	1	0	1	3	1	0	1	0	3	1	0	0	1	3	0	0	0	0	1	0	0	1	1	0	1	1	2	0	2	2	0	0	0	0	0	0	0	1	0	1	2	0	0	0	0	0	0	0	1	0	1	0	0	0	0	0	0	0	1	0	1	0	1	0	0	0	0	1	0	0	1	0	3	0	0	1	2	0	0	0	0	0	0	0	1	0	0	1	0	0	0	0	0	0	0	0	0	0	1	1	0	0	0	0	0	0	1	0	0	0	0	0	0	0	0	0	0	0	0	0	1	0	0	0	0	0	0	0	0	0	0	1	1	1	0
21	72	8	17	4	3	0	64	13	11	8	2	4	3	5	0	0	0	0	1	1	3	1	2	1	0	1	1	2	2	3	0	0	0	2	2	0	0	1	0	0	0	0	0	1	0	1	0	0	0	0	0	0	0	0	0	0	0	0	0	0	0	0	0	0	0	0	1	0	0	0	0	0	0	0	1	1	0	0	0	0	0	0	0	0	0	0	0	0	0	0	0	0	0	1	1	0	0	0	0	0	0	0	0	0	0	0	0	0	0	0	0	0	1	0	1	0	0	0	0	0	0	0	1	0	0	0	0	1	0	0	0	0	0	0	0	0	0	0	0	0	0	0	0	0	0	0	0	0	0	0	0	0	0	0	0	0	1	0	0	0	0	0	0	0	0	0	0	0	0	0	0	0	0	1	0
3	18	1	3	0	0	0	16	1	3	1	0	4	2	2	0	0	0	0	0	0	1	1	1	0	0	0	0	0	0	1	0	1	0	1	0	0	0	0	0	0	0	0	0	1	0	0	0	0	1	0	0	0	0	1	0	0	0	0	0	0	0	0	0	0	0	0	0	0	0	0	0	0	0	0	0	0	0	0	0	0	0	0	0	0	0	0	0	0	0	0	0	0	0	0	0	0	0	0	0	0	0	0	0	0	0	0	0	0	0	0	0	0	0	0	0	0	0	0	0	0	0	0	0	0	0	0	0	0	0	0	0	0	0	0	0	0	0	0	0	0	0	0	0	0	0	0	0	0	0	0	0	0	0	0	0	0	0	0	0	0	0	0	0	0	0	0	0	0	0	0	0	0	0	0	0
3	6	1	5	1	1	0	7	1	2	0	1	1	2	2	1	0	0	0	0	0	0	0	0	0	0	0	0	0	0	0	0	0	0	1	0	0	0	0	0	0	0	0	0	0	0	0	0	0	0	0	0	0	0	0	0	0	0	0	0	0	0	0	0	0	0	0	0	0	0	0	0	0	0	0	0	0	0	0	0	0	0	0	0	0	0	0	0	0	0	0	0	0	0	0	0	0	0	0	0	0	0	0	0	0	0	0	0	0	0	0	0	0	0	0	0	0	0	0	0	0	0	0	0	0	0	0	0	0	0	0	0	0	0	0	0	0	0	0	0	0	0	0	0	0	0	0	0	0	0	0	0	0	0	0	0	0	0	0	0	0	0	0	0	0	0	0	0	0	0	0	0	0	0	0	0
43	199	18	58	17	5	0	183	22	29	12	11	27	11	24	0	1	1	10	2	0	9	3	7	9	3	1	7	4	0	2	0	2	1	5	1	3	0	0	1	0	0	0	1	2	1	4	1	0	1	0	0	1	0	2	0	0	0	1	0	0	0	1	0	0	0	0	2	0	0	0	0	0	0	0	2	0	0	3	1	1	0	0	0	1	0	0	0	2	0	0	3	0	0	0	0	2	2	0	1	0	1	0	0	0	0	0	0	0	0	0	0	0	0	1	0	0	0	0	0	0	0	1	0	0	0	0	0	1	0	1	0	0	0	0	1	0	0	0	1	0	0	0	0	0	0	0	0	1	0	1	0	0	0	0	0	0	0	0	0	1	1	0	0	0	0	0	0	0	0	0	0	0	0	0	0
26	150	14	41	11	0	0	98	24	14	17	4	19	14	12	0	1	0	4	1	0	7	2	4	1	1	1	3	0	4	5	0	3	0	2	0	1	2	0	0	0	0	0	0	2	0	1	1	0	0	1	0	0	0	2	1	0	0	0	0	0	0	0	0	0	0	0	1	0	1	1	0	0	0	0	0	1	1	0	0	1	0	0	0	0	0	0	0	0	0	3	1	0	0	0	0	0	0	0	0	0	0	1	0	0	0	0	0	0	0	1	0	0	1	0	0	0	0	0	0	0	0	0	0	0	0	0	0	0	0	0	0	0	0	0	0	1	0	0	0	0	0	0	0	0	0	0	1	0	0	0	0	0	0	0	0	0	0	0	1	0	0	0	0	0	0	0	0	0	0	0	0	0	0	0	0
19	60	3	13	2	3	0	38	3	7	4	2	7	6	5	0	1	0	2	1	0	0	0	0	0	1	1	2	1	0	1	2	0	0	0	0	0	1	1	0	1	1	0	0	0	1	1	0	0	0	0	0	0	0	1	0	3	0	0	0	0	0	1	0	0	0	0	0	0	0	0	0	1	0	0	1	0	0	0	0	0	0	0	0	0	0	0	0	0	0	0	0	0	0	0	0	1	0	0	0	0	1	0	0	0	0	0	0	0	0	0	0	0	0	0	0	0	0	0	0	0	0	0	0	0	0	0	0	1	0	0	0	1	0	0	0	0	1	0	0	0	0	0	0	1	0	0	0	0	0	0	0	0	0	0	0	0	0	0	0	0	0	0	0	0	0	0	0	0	1	0	0	0	0	0	0
11	44	2	12	4	0	0	52	7	5	1	4	12	3	4	0	0	0	1	0	0	3	0	1	2	1	0	0	1	0	2	0	0	0	1	1	0	0	1	0	0	0	0	0	0	1	0	0	1	0	2	0	0	0	1	0	0	0	0	0	0	0	0	1	0	0	0	0	0	0	0	0	0	0	0	0	0	0	0	0	0	0	0	0	0	0	0	0	0	0	0	0	0	1	0	0	0	0	0	0	0	0	0	0	0	0	0	0	0	0	0	0	0	1	0	0	0	0	0	0	0	1	0	0	0	2	0	0	0	0	0	0	0	0	0	0	0	0	0	0	0	0	0	0	0	1	0	0	0	0	0	0	0	0	0	1	0	0	0	0	0	0	0	0	0	0	0	0	0	0	0	0	0	0	0	0
11	63	3	17	5	1	0	72	6	3	7	2	12	2	10	0	0	0	3	2	0	1	1	2	0	2	0	6	4	2	1	0	0	0	1	1	0	0	1	0	0	1	1	0	0	2	0	0	0	0	0	0	0	0	1	0	1	0	0	0	0	0	0	1	0	0	0	2	0	0	0	0	0	0	0	2	0	0	0	0	0	0	0	0	0	0	0	0	1	1	0	2	0	0	0	0	0	1	0	0	0	0	0	0	0	0	0	0	0	0	0	0	0	0	0	0	0	0	0	0	0	0	0	0	0	1	0	0	0	0	0	0	0	0	0	0	0	0	0	0	1	0	0	0	0	0	0	0	0	0	0	0	1	0	0	0	0	1	0	0	0	0	0	0	0	0	0	0	0	0	0	0	0	0	0	0
23	63	9	20	6	1	0	45	6	6	9	1	12	4	3	0	1	3	2	0	0	2	0	1	3	0	1	2	0	1	2	0	0	0	2	0	1	0	0	0	0	0	0	0	0	0	0	1	0	1	1	0	0	0	0	1	0	0	0	0	0	0	0	0	0	0	1	1	0	0	0	0	0	1	0	0	0	0	0	0	0	0	0	0	0	0	0	0	0	0	0	0	0	0	0	0	0	0	0	0	0	0	0	0	0	0	0	0	0	1	0	0	0	0	0	0	0	0	0	0	0	0	0	0	0	0	0	0	0	0	0	0	0	0	0	0	0	0	0	0	0	0	0	0	0	0	0	0	0	0	0	0	0	0	0	0	0	0	0	0	0	0	0	0	0	0	0	0	0	0	0	0	0	0	0	0
19	65	11	21	3	0	0	68	14	8	3	1	13	4	6	0	0	0	1	0	0	3	0	1	1	2	2	0	1	0	0	1	0	0	1	0	0	0	2	0	0	0	0	0	0	1	0	0	0	1	0	0	0	0	3	0	0	0	0	0	0	0	1	0	0	0	1	1	0	1	0	0	0	0	0	0	0	0	0	0	0	0	0	0	0	1	0	0	1	2	0	0	0	1	0	0	0	1	0	0	0	0	0	1	0	0	1	0	0	0	0	0	0	2	0	0	0	0	0	0	0	0	0	0	0	0	0	0	0	0	0	0	0	0	0	1	0	0	0	0	0	0	0	0	0	0	0	1	0	0	0	0	0	0	0	0	0	0	0	0	0	0	0	0	0	0	0	0	0	0	0	0	0	0	0	0
3	17	1	9	1	0	0	21	1	0	2	0	1	1	0	0	0	0	1	0	0	0	0	0	0	1	0	0	0	0	2	0	0	0	0	0	0	0	0	0	0	0	0	0	0	0	0	0	0	2	0	0	0	0	0	0	0	0	0	0	0	0	1	0	0	0	0	0	0	1	0	0	0	0	0	0	0	0	0	0	0	0	0	0	0	0	0	0	0	0	0	0	0	0	0	0	1	0	0	1	0	0	0	0	0	0	0	0	0	0	0	0	0	0	0	0	0	0	0	0	0	0	0	0	0	0	0	0	0	0	0	0	0	0	0	0	0	0	0	0	0	0	0	0	0	0	0	0	0	0	0	0	0	0	0	0	0	0	0	0	0	0	0	0	0	0	0	0	0	0	0	0	0	0	0	0
9	46	4	10	6	1	0	38	3	7	3	0	4	1	4	0	0	0	2	0	0	2	0	2	1	1	0	1	0	1	2	0	1	0	2	0	1	1	0	0	0	0	0	0	0	0	0	0	0	0	0	0	0	0	2	0	0	0	0	0	0	0	0	0	0	0	0	1	0	0	0	1	0	0	0	1	0	0	1	0	0	0	0	0	0	0	0	0	0	0	0	0	0	0	0	0	0	1	0	1	0	0	1	0	0	0	1	0	0	0	0	0	0	0	0	0	0	0	0	0	0	0	1	0	0	0	0	0	0	0	0	0	0	0	0	0	0	0	0	0	0	0	0	0	0	0	0	0	0	0	0	0	0	0	0	0	0	0	0	0	0	0	0	0	0	0	0	0	0	0	0	0	0	0	1	0
22	140	12	35	20	5	0	108	16	14	10	2	23	8	16	1	0	0	3	6	2	8	1	2	1	2	2	2	1	2	3	0	4	0	2	1	0	0	2	0	0	0	0	0	2	0	2	0	0	0	1	0	0	0	2	0	1	0	0	1	0	0	2	0	0	0	0	1	0	0	0	1	0	0	0	0	2	0	0	0	0	0	0	0	1	0	0	0	0	1	0	0	0	1	1	0	0	0	0	0	0	1	0	0	0	0	3	0	0	0	0	0	0	1	0	0	0	0	0	0	0	0	0	0	0	0	0	0	0	0	0	0	0	0	0	0	0	0	0	0	1	0	0	0	0	0	0	0	0	0	0	0	0	1	0	0	0	0	0	0	0	0	0	0	0	0	0	0	0	0	0	0	1	0	0	0
1	5	0	2	1	1	0	3	1	1	1	0	0	0	2	0	0	1	0	0	0	0	0	0	0	0	0	0	0	0	0	0	0	0	0	0	0	0	0	0	0	0	0	0	0	0	0	0	0	0	0	0	0	0	0	0	0	0	0	0	0	0	0	0	0	0	0	0	0	0	0	0	0	0	0	0	0	0	0	0	0	0	0	0	0	0	0	0	0	0	0	0	0	0	0	0	0	0	0	0	0	0	0	0	0	0	0	0	0	0	0	0	0	0	0	0	0	0	0	0	0	0	0	0	0	0	0	0	0	0	0	0	0	0	0	0	0	0	0	0	1	0	0	0	0	0	0	0	0	0	0	0	0	0	0	0	0	0	0	0	0	0	0	0	0	0	0	0	0	0	0	0	0	0	0	0
7	40	4	9	1	0	0	28	3	3	1	2	4	4	2	0	0	0	0	1	0	3	2	2	0	0	1	0	1	0	1	1	0	0	1	1	1	1	1	0	0	0	0	0	0	0	0	0	1	0	0	0	0	0	1	0	0	0	0	0	0	0	0	0	0	0	0	1	0	0	0	0	0	0	0	0	0	0	0	0	0	0	0	0	0	0	0	0	0	0	0	0	1	1	0	0	0	0	0	0	0	0	0	0	0	0	2	0	0	0	0	0	0	0	0	0	0	0	0	0	0	0	0	0	0	0	0	0	0	0	1	0	0	0	0	0	0	0	0	0	0	0	0	0	0	0	0	0	0	1	0	0	0	0	0	0	0	0	0	0	0	0	0	0	0	0	0	0	0	0	0	0	0	0	0	0
2	6	1	1	0	0	0	3	0	3	2	0	1	1	0	0	0	0	0	0	0	0	0	1	0	0	0	0	0	0	0	0	0	0	0	0	0	0	0	0	0	0	0	0	0	0	0	0	0	0	0	0	0	0	0	0	0	0	0	0	0	0	0	0	0	0	0	0	0	0	0	0	0	0	0	0	0	0	0	0	0	0	0	0	0	0	0	0	0	0	0	0	0	0	0	0	0	0	0	0	0	0	0	0	0	0	0	0	0	0	0	0	0	0	0	0	0	0	0	0	0	0	0	0	0	0	0	0	0	0	0	0	0	0	0	0	0	0	0	0	0	0	0	0	0	0	0	0	0	0	0	0	0	0	0	0	0	0	0	0	0	0	0	0	0	0	0	0	0	0	0	0	0	0	0	0
9	67	8	13	9	0	0	63	4	6	6	1	12	2	8	1	0	0	2	0	0	4	0	0	0	1	0	1	0	1	1	0	1	0	2	0	0	1	0	0	1	0	0	0	0	0	0	0	0	0	0	0	0	0	0	0	0	0	0	0	0	0	1	0	0	0	2	0	0	0	0	0	0	0	0	0	0	0	0	0	1	0	0	0	0	0	0	0	1	0	0	0	0	0	0	0	0	0	0	0	0	0	0	0	0	0	0	0	0	0	0	0	0	0	0	0	0	0	0	0	0	0	0	1	0	0	0	0	0	0	0	0	1	0	0	0	0	0	0	0	0	0	0	0	0	0	0	0	0	0	0	0	0	0	0	0	0	0	0	0	0	0	0	0	0	0	0	0	0	0	0	0	0	0	0	0
10	39	4	11	3	1	0	32	5	2	12	2	13	1	5	0	0	0	1	0	1	1	0	1	0	0	0	1	1	2	2	0	0	0	0	0	0	1	0	0	0	0	0	0	1	0	0	0	0	0	0	0	0	0	0	0	0	0	0	0	0	0	0	0	0	0	0	0	0	0	0	0	0	1	0	1	0	0	0	0	0	0	1	0	0	0	0	1	0	0	0	0	0	0	0	0	1	0	0	0	0	0	0	0	0	1	0	0	0	0	0	0	0	0	0	0	0	0	0	0	0	0	0	0	0	0	0	0	0	0	0	0	0	0	0	0	0	0	0	0	0	0	0	0	0	0	0	0	0	0	0	0	0	0	0	0	0	0	0	0	0	0	0	0	0	0	0	0	0	0	0	0	0	0	0	0
8	41	7	8	1	1	0	43	3	4	3	1	7	1	5	0	0	2	1	1	0	1	0	2	0	2	0	2	1	0	1	0	0	0	0	0	1	0	0	0	0	0	0	0	0	0	0	0	1	0	1	0	0	0	0	0	0	0	0	0	0	0	0	0	0	0	0	0	0	0	0	0	0	0	0	0	0	0	0	0	0	0	0	0	0	0	0	1	0	0	0	0	0	0	0	0	0	0	0	0	0	1	0	0	0	0	0	0	0	0	0	1	0	0	0	0	0	0	0	0	0	0	0	0	0	0	0	0	0	0	0	0	0	0	0	0	0	0	0	0	1	0	0	0	0	0	0	0	0	0	0	0	0	0	0	0	0	0	0	0	0	0	0	0	0	0	0	0	0	0	0	0	0	0	0	0
0	1	0	0	0	0	0	2	1	0	0	0	1	0	0	0	0	0	0	0	0	0	0	0	0	0	0	0	0	0	0	0	0	0	0	0	0	0	0	0	0	0	0	0	0	0	0	0	0	0	0	0	0	0	0	0	0	0	0	0	0	0	0	0	0	0	0	0	0	0	0	0	0	0	0	0	0	0	0	0	0	0	0	0	0	0	0	0	0	0	0	0	0	0	0	0	0	0	0	0	0	0	0	0	0	0	0	0	0	0	0	0	0	0	0	0	0	0	0	0	0	0	0	0	0	0	0	0	0	0	0	0	0	0	0	0	0	0	0	0	0	0	0	0	0	0	0	0	0	0	0	0	0	0	0	0	0	0	0	0	0	0	0	0	0	0	0	0	0	0	0	0	0	0	0	0
17	107	9	29	12	0	0	80	10	11	9	2	7	6	10	0	0	0	4	0	0	2	1	2	3	0	0	4	2	3	5	0	0	0	3	0	1	1	1	0	1	0	0	0	2	1	1	0	0	0	0	0	0	0	2	2	0	0	0	0	0	0	1	0	0	0	0	0	0	0	2	0	0	0	0	1	0	1	0	0	0	0	0	0	0	0	0	1	0	0	0	0	0	0	0	0	1	0	0	1	0	1	0	1	0	1	0	0	0	0	0	0	0	1	0	0	0	0	0	0	0	0	0	0	0	0	0	0	1	0	1	0	0	0	0	0	0	0	0	1	0	0	0	0	0	0	0	0	0	0	0	0	0	0	0	0	0	0	0	0	0	0	0	0	0	0	0	1	0	0	0	0	1	0	0	0
1	4	0	2	0	0	0	3	0	0	0	0	2	0	0	0	0	0	0	0	0	0	0	0	0	0	0	0	0	0	0	0	0	0	0	0	0	0	0	0	0	0	0	0	0	0	0	0	0	0	0	0	0	0	0	0	0	0	0	0	0	0	0	0	0	0	0	0	0	0	0	0	0	0	0	0	0	0	0	0	0	0	0	0	0	0	0	0	0	0	0	0	0	0	0	0	0	0	0	0	0	0	0	0	0	0	0	0	0	0	0	1	0	0	0	0	0	0	0	0	0	0	0	0	0	0	0	0	0	0	0	0	0	0	0	0	0	0	0	0	0	0	0	0	0	0	0	0	0	0	0	0	0	0	0	0	0	0	0	0	0	0	0	0	0	0	0	0	0	0	0	0	0	0	0	0
8	28	3	5	0	0	0	19	3	3	1	1	3	2	1	0	0	0	1	1	0	1	0	1	1	0	0	0	1	0	3	0	0	0	0	0	1	0	1	0	0	0	0	0	1	0	0	0	1	0	0	0	0	0	0	0	0	0	0	1	0	0	0	0	0	0	0	0	0	0	0	0	0	0	0	0	0	0	0	0	0	0	0	0	0	0	1	0	0	0	0	0	0	0	0	0	0	0	0	0	0	0	0	0	0	0	0	0	0	0	0	0	0	0	0	0	0	0	0	0	0	0	0	0	0	0	0	0	0	0	0	0	0	0	0	0	0	0	0	0	0	0	0	0	0	0	0	0	0	0	0	0	0	0	0	0	0	0	0	0	0	0	0	0	0	0	0	0	0	0	1	0	0	0	0	0
5	34	4	11	2	0	0	24	1	8	5	2	2	0	3	0	0	0	1	2	0	0	0	0	1	1	0	0	0	1	1	0	0	0	0	0	0	0	1	0	0	0	0	0	0	0	0	0	0	1	0	0	0	0	0	0	0	0	0	0	0	0	1	0	0	0	0	1	0	0	1	0	0	0	0	0	0	0	0	0	0	0	0	0	0	0	0	0	0	0	0	0	0	0	0	0	0	0	0	0	0	0	0	0	0	0	0	0	0	0	0	0	0	1	0	0	0	0	0	0	0	0	0	0	0	0	0	0	0	0	0	0	0	0	0	0	0	0	0	0	0	0	0	0	0	0	0	0	0	0	0	0	0	0	0	0	0	0	0	0	0	0	0	0	0	0	1	0	0	0	0	0	0	0	0	0
13	41	11	20	1	1	0	40	7	12	1	3	7	3	5	0	0	0	6	1	0	1	1	0	1	0	0	3	0	0	5	0	1	0	0	1	1	2	1	0	0	0	1	0	0	1	1	0	0	0	0	0	0	0	0	0	0	0	0	1	0	0	2	0	0	0	0	2	0	1	0	0	0	0	0	0	0	0	0	0	0	0	0	0	0	0	0	0	0	0	0	0	0	0	0	0	0	0	0	0	0	1	0	0	0	0	0	0	0	0	0	0	0	0	0	0	0	0	0	0	0	0	1	0	0	0	0	0	1	0	0	0	0	0	0	0	0	0	0	0	0	0	0	0	0	0	0	0	0	0	0	0	0	0	0	0	0	0	0	0	0	0	0	0	0	0	0	0	0	0	0	0	0	0	0	0
9	43	3	11	4	1	0	46	5	7	3	1	8	4	5	0	0	0	3	0	1	1	0	2	0	0	1	1	0	0	3	0	0	0	2	1	0	0	1	0	0	0	0	0	0	0	1	1	0	0	0	0	0	0	0	0	0	1	0	0	0	0	0	0	0	0	0	1	0	0	0	0	0	0	0	0	0	0	0	0	0	0	0	0	0	0	0	0	0	0	0	0	0	0	0	0	0	0	0	0	0	0	0	0	0	0	0	0	0	0	0	0	0	0	0	0	0	0	0	0	0	0	0	0	0	0	0	0	0	0	0	0	0	0	0	0	0	0	0	0	0	0	0	0	0	0	0	1	0	0	0	0	0	0	0	0	0	0	0	0	0	0	0	0	0	0	0	0	0	0	0	0	0	0	0	0
0	0	0	0	0	0	0	2	0	0	1	0	0	0	0	0	0	0	0	0	0	0	0	0	0	0	0	0	0	0	0	0	0	0	0	0	0	0	0	0	0	0	0	0	0	0	0	0	0	0	0	0	0	0	0	0	0	0	0	0	0	0	0	0	0	0	0	0	0	0	0	0	0	0	0	0	0	0	0	0	0	0	0	0	0	0	0	0	0	0	0	0	0	0	0	0	0	0	0	0	0	0	0	0	0	0	0	0	0	0	0	0	0	0	0	0	0	0	0	0	0	0	0	0	0	0	0	0	0	0	0	0	0	0	0	0	0	0	0	0	0	0	0	0	0	0	0	0	0	0	0	0	0	0	0	0	0	0	0	0	0	0	0	0	0	0	0	0	0	0	0	0	0	0	0	0
0	3	0	0	0	0	0	0	0	0	0	1	0	0	0	0	0	0	0	0	0	0	0	0	0	0	0	0	0	0	0	0	0	0	0	0	0	0	0	0	0	0	0	0	0	0	0	0	0	0	0	0	0	0	0	0	0	0	0	0	0	0	0	0	0	0	0	0	0	0	0	0	0	0	0	0	0	0	0	0	0	0	0	0	0	0	0	0	0	0	0	0	0	0	0	0	0	0	0	0	0	0	0	0	0	0	0	0	0	0	1	0	0	0	0	0	0	0	0	0	0	0	0	0	0	0	0	0	0	0	0	0	0	0	0	0	0	0	0	0	0	0	0	0	0	0	0	0	0	0	0	0	0	0	0	0	0	0	0	0	0	0	0	0	0	0	0	0	0	0	0	0	0	0	0	0
32	147	8	39	14	4	0	124	16	15	13	8	15	10	18	2	0	2	6	6	0	6	1	3	4	1	2	7	2	3	6	1	2	1	3	2	1	1	2	0	0	0	0	0	0	1	1	0	0	1	1	0	0	1	1	0	0	2	0	0	0	0	0	1	0	0	0	1	0	1	1	0	1	0	0	1	0	1	0	0	1	0	1	0	0	0	0	0	0	1	0	1	0	0	0	0	1	0	0	1	0	0	0	0	0	1	0	0	0	0	1	0	1	1	0	0	0	0	0	0	0	0	0	0	0	0	0	0	0	1	1	0	0	0	0	0	0	0	0	0	0	0	0	0	0	0	0	0	0	0	1	0	0	0	0	0	0	0	0	0	0	0	0	1	0	0	0	0	0	0	0	0	0	0	0	0
14	60	9	19	6	0	1	48	4	7	4	0	6	6	11	0	0	2	3	0	2	3	0	3	4	0	0	1	3	0	1	0	1	0	3	0	0	0	1	0	1	0	0	0	1	0	1	1	0	0	0	0	0	0	1	0	0	0	0	0	0	0	1	1	0	0	1	0	0	0	0	0	0	0	0	0	0	0	0	0	0	0	0	0	0	0	0	0	0	0	0	1	0	0	0	0	0	0	0	0	0	1	0	0	0	0	2	0	0	0	1	0	0	0	0	1	0	0	0	0	0	0	0	0	0	0	0	0	0	0	0	0	0	0	0	0	0	0	0	0	0	0	0	0	0	0	0	0	0	0	0	0	0	0	0	0	0	0	0	0	0	0	0	0	0	0	0	0	0	0	0	0	0	0	0	0
11	31	4	13	2	0	0	22	10	1	3	2	6	0	4	0	0	0	1	0	0	1	0	2	0	0	0	0	1	0	1	0	0	0	1	0	0	0	1	0	0	0	0	0	0	1	0	0	0	0	0	0	0	0	1	0	0	0	0	0	1	0	0	0	0	0	0	1	0	0	0	0	0	0	0	0	1	0	0	0	0	0	0	0	1	0	0	0	0	0	0	1	0	0	0	0	0	0	0	0	0	0	0	0	0	0	0	0	0	0	0	0	0	0	0	0	0	0	0	0	0	0	0	0	0	0	0	0	0	0	0	0	0	0	0	0	0	0	0	0	0	0	0	0	0	0	0	0	0	0	0	0	0	0	0	0	0	1	0	1	0	0	0	0	0	0	0	0	0	0	0	0	0	0	0	0
47	217	21	65	18	1	0	179	30	25	15	10	40	10	11	0	5	3	9	5	0	6	3	9	4	5	2	11	1	2	7	2	0	0	3	1	3	1	7	0	0	0	0	0	2	1	4	0	0	3	1	0	0	0	2	1	0	0	0	2	0	1	4	0	0	0	2	2	0	3	4	0	0	0	1	2	0	1	1	0	1	0	0	0	0	1	1	0	0	0	0	0	0	0	0	0	0	1	0	1	0	1	0	0	0	0	1	0	0	0	0	0	0	0	0	0	0	0	0	0	0	0	0	1	0	1	1	0	0	0	0	0	0	0	1	1	0	0	0	0	1	0	0	0	0	0	0	0	0	0	0	0	0	0	0	0	0	1	0	0	0	0	0	1	0	0	0	0	0	0	0	0	0	0	0	0
4	37	5	11	7	1	0	24	3	5	3	2	5	0	4	0	0	0	0	0	0	0	0	2	0	0	1	1	0	0	2	0	0	0	1	0	0	0	0	0	1	0	0	0	0	0	0	0	0	0	0	0	0	0	1	0	0	0	0	0	0	0	0	0	0	0	0	1	0	0	0	0	0	0	0	0	0	0	0	0	0	0	0	0	0	0	0	0	0	0	1	0	0	0	0	0	0	0	0	0	0	0	0	0	0	0	0	0	0	0	0	0	0	0	0	0	0	0	0	0	0	0	0	0	0	1	0	0	0	0	0	0	0	0	0	0	0	0	0	0	0	0	0	0	0	0	0	0	0	0	0	0	0	0	0	0	0	0	0	0	0	0	0	0	0	0	0	0	0	0	0	0	0	0	0	0
2	3	2	0	3	0	0	4	1	0	1	0	1	0	2	0	0	0	1	0	0	1	0	0	0	0	0	0	0	0	0	0	0	0	0	0	0	0	0	0	0	0	0	0	0	0	0	0	0	0	0	0	0	0	0	0	0	0	0	0	0	0	0	1	0	0	0	0	0	0	0	0	0	0	0	0	0	0	0	0	0	0	0	0	0	0	0	0	0	0	0	0	0	0	0	0	0	0	0	0	0	0	0	0	0	0	0	0	0	0	0	0	0	1	0	0	0	0	0	0	0	0	1	0	0	0	0	0	0	0	0	0	0	0	0	0	0	0	0	0	0	0	0	0	0	0	0	0	0	0	0	0	0	0	0	0	0	0	0	0	0	0	0	0	0	0	0	0	0	0	0	0	0	0	0	0
10	45	1	7	2	2	0	45	6	3	2	1	2	1	5	0	0	0	1	0	0	1	0	3	1	1	0	1	0	2	1	0	1	0	0	0	0	0	0	0	0	0	0	0	0	0	0	0	0	0	1	0	0	0	0	0	0	0	1	0	0	0	0	0	0	0	0	0	0	0	0	0	0	0	0	0	0	0	1	0	0	0	0	0	0	0	0	0	0	0	0	0	0	0	0	0	0	0	0	1	0	0	0	0	0	0	0	0	0	0	0	0	0	1	0	0	0	1	0	0	0	0	0	0	0	0	0	0	0	0	0	0	0	0	0	0	0	0	0	0	1	0	0	0	0	0	0	0	0	0	0	0	0	0	0	0	0	0	0	0	0	0	0	0	0	0	0	0	0	0	0	0	0	0	0	0
3	15	1	1	1	0	0	5	1	2	1	0	0	0	0	0	0	0	1	0	0	0	0	0	0	0	1	0	0	0	0	0	0	0	0	0	0	0	0	0	0	0	0	0	0	0	0	0	0	0	0	0	1	0	1	0	0	0	0	1	0	0	0	0	0	0	0	1	0	0	0	0	0	0	0	0	0	0	0	0	0	0	0	0	0	0	0	0	0	0	0	0	0	0	0	0	0	0	0	0	0	0	0	0	0	0	0	0	0	0	0	0	0	0	0	0	0	0	0	0	0	0	0	0	0	0	0	0	0	0	0	0	0	0	0	0	0	0	0	0	0	0	0	0	0	0	0	0	0	0	0	0	0	0	0	0	0	0	0	0	0	0	0	0	0	0	0	0	0	0	0	0	0	0	0	0
7	21	2	9	5	1	0	27	4	1	4	2	9	1	1	0	0	0	2	1	0	1	0	0	1	0	1	2	0	0	0	0	0	0	0	1	0	0	0	0	0	0	0	0	1	0	0	0	0	0	1	0	0	0	1	0	0	0	0	0	1	0	0	0	0	0	0	1	0	0	0	0	0	0	0	0	0	0	0	0	0	0	0	0	0	0	0	0	0	0	0	1	0	0	0	0	0	0	0	0	0	0	0	0	0	0	0	0	0	0	0	0	0	1	0	0	0	0	0	0	0	0	0	0	0	0	0	0	0	0	0	0	0	0	0	1	0	0	0	0	0	0	0	0	0	0	0	0	0	0	0	0	0	0	0	0	0	0	0	0	0	0	0	0	0	0	0	0	0	0	0	0	0	0	0	0
1	26	1	5	3	0	0	21	3	5	0	1	3	3	1	0	0	0	1	0	0	1	0	0	1	0	0	1	0	0	2	0	0	0	0	0	0	0	0	0	0	0	0	0	0	0	0	0	0	1	0	0	0	0	1	0	0	1	0	0	0	0	0	0	0	0	0	0	0	0	0	0	0	0	0	0	0	0	1	0	0	0	0	0	0	0	0	0	0	0	0	0	0	0	0	0	1	0	0	0	0	0	0	0	0	0	2	0	0	0	0	0	0	0	0	0	0	0	0	0	0	0	1	0	0	0	0	0	0	0	0	0	0	0	0	0	0	0	0	0	0	0	0	0	0	0	0	0	0	0	0	0	0	0	0	0	0	0	0	0	0	0	0	0	0	0	0	0	0	0	0	0	0	0	0	0
28	116	7	29	12	1	0	81	19	12	13	3	16	8	16	1	0	1	3	4	0	4	0	3	2	1	0	1	4	1	3	0	2	0	2	0	2	1	1	0	0	0	0	0	1	0	1	0	0	0	0	0	0	0	0	0	0	0	0	0	0	1	0	0	1	0	0	2	0	1	0	0	0	0	0	1	1	0	1	0	0	0	0	0	0	0	0	0	0	0	0	1	0	1	0	0	2	0	0	0	0	1	0	0	0	0	0	0	0	0	0	0	0	2	0	0	0	0	0	0	0	0	0	0	0	1	0	0	0	0	0	0	0	0	0	0	0	0	0	0	1	0	0	0	0	0	0	0	0	0	0	0	0	0	0	0	0	0	0	0	0	0	0	0	1	0	0	0	0	0	0	0	0	0	1	0
12	57	2	11	2	1	0	49	11	6	2	1	9	3	4	0	0	2	0	1	0	2	2	1	6	1	0	2	0	0	1	0	2	0	2	2	0	3	2	0	0	0	0	0	0	0	3	0	0	0	0	0	0	0	0	0	0	0	0	0	0	1	0	1	0	0	0	0	0	0	1	0	0	0	0	0	0	0	0	0	0	0	0	0	0	0	0	0	0	1	0	0	0	0	0	0	0	1	0	0	0	0	0	0	0	0	0	0	0	0	1	0	0	0	0	0	0	0	0	0	0	0	0	0	0	0	0	0	0	0	0	0	0	0	0	0	0	0	0	0	1	0	0	0	0	0	0	0	0	0	0	0	0	0	0	0	0	0	0	0	0	0	0	0	0	0	0	0	0	0	0	0	0	0	1	0
1	16	1	3	4	0	0	15	3	0	3	0	4	0	0	0	0	0	0	0	0	1	0	0	0	0	0	0	0	1	2	0	1	0	0	0	0	0	1	0	0	0	0	0	0	0	1	0	0	1	0	0	1	0	0	0	0	0	0	0	0	0	0	1	0	0	0	0	0	0	0	0	0	0	0	0	0	0	0	0	0	0	0	0	0	0	0	0	0	0	0	0	0	0	0	0	0	0	0	0	0	0	0	0	0	0	0	0	0	0	0	0	0	0	0	0	0	0	0	0	0	0	0	0	0	0	0	0	0	0	0	0	0	0	0	0	0	0	0	0	0	0	0	0	0	0	0	0	0	0	0	0	0	0	0	0	0	0	0	0	0	0	0	0	0	0	0	0	0	0	0	0	0	0	0	0
14	47	1	12	4	0	0	37	7	4	2	3	5	4	0	0	0	0	4	0	0	1	1	2	0	0	0	1	0	0	1	0	1	0	0	0	0	0	1	0	0	0	0	0	1	0	0	0	0	0	0	0	0	0	1	1	0	0	0	0	0	0	0	0	0	0	0	0	0	1	0	0	0	0	0	0	0	0	0	0	0	0	0	0	0	0	0	0	0	1	0	0	0	0	0	0	0	0	0	0	0	0	0	0	0	0	1	0	0	0	0	0	0	0	0	0	0	0	0	0	0	0	0	0	0	0	0	0	1	0	0	0	0	0	0	0	0	0	0	0	1	0	0	0	0	0	0	0	0	0	0	0	0	0	0	0	0	0	0	0	0	0	0	0	0	0	1	0	0	0	0	0	0	0	0	0
2	4	3	2	0	0	0	2	0	1	1	1	0	1	0	0	0	0	0	1	0	1	0	0	1	0	0	0	0	0	0	0	0	0	0	0	0	0	0	0	0	0	0	0	0	0	0	0	0	0	1	0	0	0	0	0	0	1	0	0	0	1	0	0	0	0	0	0	0	0	0	0	0	0	0	0	0	0	0	0	0	0	0	0	0	0	0	0	0	0	0	0	0	0	0	0	0	0	0	0	0	0	0	0	0	0	0	0	0	0	0	0	0	0	0	0	0	0	0	0	0	0	0	0	0	0	0	0	0	0	0	0	0	0	0	0	0	0	0	0	0	0	0	0	0	0	0	0	0	0	0	0	0	0	0	0	0	0	0	0	0	0	0	0	0	0	0	0	0	0	0	0	0	0	0	0
4	7	0	3	1	1	0	16	1	1	1	0	1	1	1	0	0	0	0	0	0	0	0	0	2	0	0	1	1	0	0	0	0	0	0	0	0	0	0	0	0	0	0	0	0	0	0	0	0	0	0	0	0	0	1	0	0	0	0	0	0	0	1	0	0	0	0	0	0	0	0	0	0	0	0	0	0	0	0	0	0	0	0	0	0	0	0	1	0	0	0	0	0	0	0	0	0	0	0	0	0	0	0	0	0	1	0	0	0	0	0	0	0	0	0	0	0	0	0	0	0	0	0	0	0	0	0	0	0	0	0	0	0	0	0	0	0	0	0	0	0	0	0	0	0	0	0	0	0	0	0	0	0	0	0	0	0	0	0	0	0	0	0	0	0	0	0	0	0	0	0	0	0	0	0	0
1	6	1	0	1	0	0	10	0	0	1	0	0	2	1	0	0	0	0	0	0	0	1	0	0	0	0	0	0	0	0	0	0	0	0	0	0	0	0	0	0	0	0	0	0	0	0	0	0	0	0	0	0	0	0	0	0	1	0	0	0	0	0	0	0	0	1	0	0	0	0	0	0	0	0	0	0	0	0	0	0	0	0	0	0	0	0	0	0	0	0	0	0	0	0	0	0	0	0	0	0	0	0	0	0	0	0	0	0	0	0	0	0	0	0	0	0	0	0	0	0	0	0	0	0	0	0	0	0	0	0	0	0	0	0	0	0	0	0	0	0	0	0	0	0	0	0	0	0	0	0	0	0	0	0	0	0	0	0	0	0	0	0	0	0	0	0	0	0	0	0	0	0	0	0	0
16	53	5	19	5	2	0	45	5	6	8	3	12	4	6	0	0	0	1	2	1	1	0	1	2	1	0	2	0	1	5	0	1	0	0	0	1	0	1	0	0	0	0	2	0	0	2	1	1	0	0	0	0	0	0	0	0	0	0	0	0	0	0	0	0	0	0	2	0	0	0	0	0	0	0	0	0	0	1	0	1	0	0	0	0	0	1	0	0	0	0	0	0	0	0	0	0	2	0	0	0	0	0	0	0	0	0	1	0	0	0	0	0	1	0	1	0	0	0	0	0	0	0	0	0	0	0	0	0	0	0	0	0	0	0	0	0	0	0	0	1	0	0	0	0	0	0	1	0	0	0	0	0	0	0	0	0	0	0	0	0	0	0	0	0	0	0	0	0	0	0	0	1	0	0	0
7	30	4	9	2	1	0	19	3	4	1	1	3	0	2	0	0	0	2	0	0	1	0	2	0	1	0	0	0	0	2	0	0	0	1	1	0	0	0	0	1	0	0	0	0	0	0	0	0	0	0	0	0	0	0	0	0	0	0	0	0	0	0	0	0	0	0	0	0	0	0	0	0	0	0	1	0	0	0	0	0	1	0	0	0	0	0	0	0	0	0	0	0	0	0	0	0	0	0	0	0	1	0	0	0	0	0	0	0	0	0	0	0	0	0	0	0	0	0	0	0	0	0	0	0	0	0	0	0	0	0	0	0	0	0	0	0	0	0	0	0	0	0	0	0	0	0	0	0	0	0	0	0	0	0	0	0	0	0	0	0	0	0	0	0	0	0	0	0	0	0	0	0	0	0	0
3	17	3	4	0	0	0	14	3	2	1	0	0	1	0	0	0	0	1	0	1	0	0	1	0	0	1	0	0	0	1	1	0	0	0	0	0	1	1	0	0	0	0	0	1	0	0	0	0	0	0	0	0	0	0	0	0	0	0	1	0	0	0	0	0	0	0	1	0	0	0	0	0	0	0	0	0	1	0	0	0	0	0	0	0	0	0	0	0	0	0	0	0	0	0	0	0	0	0	0	0	0	0	0	0	0	0	0	0	0	0	0	0	0	0	0	0	0	0	0	0	0	0	0	0	0	0	0	0	0	0	0	0	0	0	0	0	0	0	0	0	0	0	0	0	0	0	0	0	0	0	0	0	0	0	0	0	0	0	0	0	0	0	0	0	0	0	0	0	0	0	0	0	0	0	0
0	3	1	0	0	0	0	2	0	1	0	0	0	0	0	0	0	0	0	0	0	0	0	0	0	0	0	0	0	0	0	0	0	0	0	0	0	0	0	0	0	0	0	0	0	0	0	0	0	0	0	0	0	0	0	0	0	0	0	0	0	0	0	0	0	0	0	0	0	0	0	0	0	0	0	0	0	0	0	0	0	0	0	0	0	0	0	0	0	0	0	0	0	0	0	0	0	0	0	0	0	0	0	0	0	0	0	0	0	0	0	0	0	0	0	0	0	0	0	0	0	0	0	0	0	0	0	0	0	0	0	0	0	0	0	0	0	0	0	0	0	0	0	0	0	0	0	0	0	0	0	0	0	0	0	0	0	0	0	0	0	0	0	0	0	0	0	0	0	0	0	0	0	0	0	0
7	36	3	15	4	0	0	27	3	4	11	1	5	3	2	0	0	0	2	1	0	0	0	0	0	0	0	2	1	0	2	0	1	0	3	0	1	1	1	0	1	0	0	0	0	0	0	0	0	0	0	0	0	0	2	1	0	0	0	0	0	0	0	1	0	0	0	0	0	1	0	0	0	0	0	0	0	0	0	0	0	0	0	0	0	0	0	0	0	0	0	0	0	0	0	0	0	1	0	0	0	0	0	0	0	0	0	0	0	0	0	0	0	0	0	0	1	0	0	0	0	0	0	0	0	0	1	0	0	0	1	0	0	0	0	0	0	0	0	0	0	0	0	0	0	0	0	0	0	1	0	0	0	0	0	0	0	0	0	1	0	0	0	0	0	0	0	0	0	0	0	0	0	0	0	0
0	2	0	2	1	0	0	3	0	0	1	0	0	1	0	0	0	0	0	0	0	0	0	0	0	0	0	0	0	1	0	0	0	0	0	0	0	0	0	0	0	0	0	0	0	0	0	0	0	0	0	0	0	0	0	0	0	0	0	0	0	0	0	0	0	0	0	0	0	1	0	0	0	0	0	0	0	0	0	0	0	0	0	0	0	0	0	0	0	0	0	0	0	0	0	0	0	0	0	0	0	0	0	0	0	0	0	0	0	0	0	0	0	0	0	0	0	0	0	0	0	0	0	0	0	0	0	0	0	0	0	0	0	0	0	0	0	0	0	0	0	0	0	0	0	0	0	0	0	0	0	0	0	0	0	0	0	0	0	0	0	0	0	0	0	0	0	0	0	0	0	0	0	0	0	0
4	17	2	3	1	0	0	18	2	4	1	0	2	1	2	0	0	0	2	0	0	0	0	1	0	0	0	0	0	0	0	0	1	0	1	0	0	0	0	0	0	0	0	0	0	0	0	0	0	0	0	0	0	0	0	0	0	0	0	0	0	0	0	0	0	0	0	0	0	0	0	0	0	0	0	0	0	0	0	0	0	0	0	0	0	0	0	0	0	0	0	0	0	0	0	0	0	0	0	0	0	0	0	0	0	0	0	0	0	0	0	0	0	0	0	0	0	0	0	0	0	0	0	0	0	1	0	0	0	0	0	0	0	0	0	0	0	0	0	0	0	0	0	0	0	0	0	0	0	0	0	0	0	0	0	0	0	0	0	0	0	0	0	0	0	0	0	0	0	0	0	0	0	0	0	0
6	16	3	9	3	1	0	24	6	4	1	1	4	2	1	0	1	2	0	0	0	1	0	0	1	1	0	1	0	1	1	0	0	0	0	2	0	0	0	0	0	0	0	0	1	0	0	0	0	0	0	0	0	0	1	0	0	0	0	0	0	0	0	0	0	0	0	0	0	0	0	0	0	0	0	1	1	0	0	0	0	0	0	0	0	0	0	0	0	0	0	0	0	0	0	0	0	0	0	0	0	0	0	0	0	0	1	0	0	0	0	0	0	0	0	0	0	0	0	0	0	0	0	0	0	0	0	0	0	0	0	0	0	0	0	0	0	0	0	0	0	0	0	0	0	0	0	0	0	0	0	0	0	0	0	0	0	0	0	0	0	0	0	0	0	0	0	0	0	0	0	0	0	0	0	0
4	14	1	4	1	0	0	17	2	2	1	0	1	0	2	0	0	0	0	1	0	1	0	0	0	0	0	2	0	0	2	0	0	0	0	0	0	0	2	0	0	0	0	0	1	1	0	0	0	0	0	0	1	0	0	0	0	0	0	0	0	0	0	0	0	0	0	1	0	0	0	0	0	0	0	0	0	0	0	0	0	0	0	0	0	0	0	0	0	0	0	0	0	0	0	0	0	0	0	0	0	0	0	0	0	0	0	0	0	0	0	0	0	0	0	0	0	0	0	0	0	0	0	0	1	0	0	0	0	0	0	0	0	0	0	0	0	0	0	0	0	0	0	0	0	0	0	0	0	0	0	0	0	0	0	0	0	0	0	0	0	0	0	0	0	0	0	0	0	0	0	0	0	0	0	0
12	61	4	14	4	1	0	36	3	5	5	0	6	3	7	1	1	0	0	0	0	3	0	0	0	0	0	2	0	0	1	0	0	0	0	0	1	0	0	0	0	1	0	0	1	3	1	0	0	0	0	0	0	0	0	0	0	0	0	0	0	0	0	1	0	0	0	1	0	0	1	0	0	0	0	0	0	0	0	0	0	0	0	0	1	0	0	0	0	0	0	1	0	0	0	0	0	0	0	1	0	0	0	0	0	0	1	0	0	0	0	0	0	0	0	0	0	0	0	0	0	0	0	0	0	0	0	0	0	0	0	0	0	0	0	0	0	0	0	0	0	0	0	0	0	0	0	0	0	0	0	0	0	0	0	0	0	0	0	0	0	0	0	0	0	0	0	0	0	0	0	0	0	0	0	0
1	8	0	0	0	0	0	3	3	1	0	0	1	1	2	0	0	0	0	0	0	0	0	0	0	0	0	1	0	0	0	0	0	0	0	0	0	0	0	0	0	0	0	0	0	0	0	0	0	0	0	0	0	0	0	0	0	0	0	0	0	0	0	0	0	0	0	0	0	0	0	0	0	0	0	0	0	0	0	0	0	0	0	0	0	0	0	0	0	0	0	0	0	0	0	0	0	0	0	0	0	0	0	0	0	0	0	0	0	0	0	0	0	0	0	0	0	0	0	0	0	0	0	0	0	0	0	0	0	0	0	0	0	0	0	0	0	0	0	0	1	0	0	0	0	0	0	0	0	0	0	0	0	0	0	0	0	0	0	0	0	0	0	0	0	0	0	0	0	0	0	0	0	0	0	0
1	12	0	4	2	0	0	9	0	1	3	0	0	0	0	0	0	0	0	1	0	0	1	0	0	0	0	0	0	0	0	0	0	0	0	0	0	1	0	0	0	0	0	0	0	0	0	0	0	0	0	0	0	0	0	0	0	0	0	0	1	0	1	0	0	0	0	0	0	0	0	0	0	0	0	0	0	0	0	0	0	0	0	0	0	0	0	0	0	0	0	0	1	1	0	0	0	0	0	0	0	0	0	0	0	0	0	0	0	0	0	0	0	0	0	0	0	0	0	0	0	0	0	0	0	0	0	0	0	0	0	0	0	0	0	0	0	0	0	0	0	0	0	0	0	0	0	0	0	0	0	0	0	0	0	0	0	0	0	0	0	0	0	0	0	0	0	0	0	0	0	0	0	0	0	0
24	90	7	30	10	0	0	97	13	9	11	2	15	3	6	1	1	0	4	0	2	1	1	2	2	1	1	2	0	0	2	0	3	0	2	0	1	0	2	0	0	0	0	0	0	1	2	0	0	0	0	0	0	0	0	1	0	0	0	1	0	1	1	0	0	0	0	1	0	1	0	0	0	0	0	0	0	0	0	0	0	0	0	0	0	1	0	0	0	0	1	0	0	0	0	0	0	0	0	0	0	0	0	0	0	0	0	0	0	0	0	0	0	0	0	1	0	0	0	0	0	0	0	0	0	0	0	0	0	0	0	0	0	0	0	0	0	0	0	0	1	0	0	0	0	0	0	0	0	1	0	0	1	0	0	0	0	0	0	0	0	1	0	0	0	0	0	0	0	0	0	0	0	0	0	0
0	0	0	0	0	0	0	3	1	0	0	0	0	0	0	0	0	0	0	0	0	0	0	0	0	0	0	0	0	0	0	0	0	0	0	0	0	0	0	0	0	0	0	0	0	0	0	0	0	0	0	0	0	0	0	0	0	0	0	0	0	0	0	0	0	0	0	0	0	0	0	0	0	0	0	0	0	0	0	0	0	0	0	0	0	0	0	0	0	0	0	0	0	0	0	0	0	0	0	0	0	0	0	0	0	0	0	0	0	0	0	0	0	0	0	0	0	0	0	0	0	0	0	0	0	0	0	0	0	0	0	0	0	0	0	0	0	0	0	0	0	0	0	0	0	0	0	0	0	0	0	0	0	0	0	0	0	0	0	0	0	0	0	0	0	0	0	0	0	0	0	0	0	0	0	0
0	3	0	0	0	0	0	1	0	0	0	0	0	0	0	0	0	0	0	0	0	0	0	0	0	0	0	0	0	0	0	0	0	0	0	0	0	0	0	0	0	0	0	0	0	0	0	0	0	0	0	0	0	0	1	0	0	0	0	0	0	0	0	0	0	0	0	0	0	0	0	0	0	0	0	0	0	0	0	0	0	0	0	0	0	0	0	0	0	0	0	0	0	0	0	0	0	0	0	0	0	0	0	0	0	0	0	0	0	0	0	0	0	0	0	0	0	0	0	0	0	0	0	0	0	0	0	0	0	0	0	0	0	0	0	0	0	0	0	0	0	0	0	0	0	0	0	0	0	0	0	0	0	0	0	0	0	0	0	0	0	0	0	0	0	0	0	0	0	0	0	0	0	0	0	0
7	40	4	7	2	0	0	24	9	5	1	1	5	3	5	0	1	0	2	1	0	3	1	0	1	2	1	2	0	1	1	0	0	0	2	0	1	0	0	0	0	0	0	0	0	0	0	0	0	0	0	0	0	0	2	0	0	0	0	0	0	0	1	0	0	0	0	1	0	0	0	0	0	0	0	0	0	0	0	0	0	0	0	0	0	0	0	0	0	0	0	0	0	0	0	0	0	1	0	0	0	0	0	0	0	0	0	0	0	0	0	0	0	0	0	0	0	0	0	0	0	0	0	0	0	0	0	0	0	0	0	0	0	0	0	0	0	0	0	0	0	0	0	0	0	0	0	0	0	0	0	0	0	0	0	0	0	0	0	0	0	0	0	0	0	0	0	0	0	0	0	0	0	0	0	0
5	25	0	7	1	0	0	20	1	4	4	0	3	1	2	0	0	0	0	0	0	0	0	0	0	1	1	0	1	0	1	0	0	0	0	0	0	0	1	0	0	0	0	0	0	0	0	1	0	0	0	0	1	0	0	0	0	0	0	0	0	0	0	0	0	0	0	0	0	0	0	0	0	0	0	0	0	0	0	0	0	0	0	0	0	0	1	0	0	0	0	0	0	0	0	0	0	2	0	0	0	0	0	0	0	0	0	0	0	0	0	0	0	0	0	0	0	0	0	0	0	0	0	0	0	0	0	0	0	0	0	0	0	0	0	0	0	0	0	0	0	0	0	0	0	0	0	0	0	0	0	0	0	0	0	0	0	0	0	0	0	0	0	0	0	0	0	0	0	0	0	0	0	0	0	0
13	35	3	13	4	0	0	44	4	5	3	2	7	4	4	1	1	1	2	0	0	2	0	0	0	0	0	1	0	1	1	0	0	0	1	0	0	0	1	0	1	0	0	0	0	0	0	0	0	0	0	0	0	0	0	0	0	0	0	0	0	0	0	0	0	0	0	0	0	0	0	0	0	0	0	0	0	0	1	0	0	0	0	0	0	0	0	1	0	0	0	0	0	2	0	0	0	0	0	0	0	0	0	0	0	0	0	0	0	0	0	0	0	0	0	0	0	0	0	0	0	0	0	0	0	0	1	0	0	0	0	0	0	0	0	0	0	0	0	0	0	0	0	0	0	0	0	0	0	0	0	0	0	0	0	0	0	0	0	0	0	0	0	0	0	0	0	0	0	0	0	0	0	1	1	0
1	6	0	0	2	0	0	4	1	2	0	0	1	0	0	0	0	0	0	0	0	1	0	0	0	0	0	0	0	0	0	0	0	0	0	0	0	0	0	0	0	0	0	0	0	0	0	0	0	0	0	0	0	0	0	0	0	0	0	0	0	0	0	0	0	0	0	0	0	0	0	0	0	0	0	0	0	0	0	0	0	0	0	0	0	0	0	0	0	0	0	0	0	0	0	0	0	0	0	0	0	0	0	0	0	0	0	0	0	0	0	0	0	0	0	0	0	0	0	0	0	0	0	0	0	0	0	0	0	0	0	0	0	0	0	0	0	0	0	0	0	0	1	0	0	0	0	0	0	0	0	0	0	0	0	0	0	0	0	0	0	0	0	0	0	0	0	0	0	0	0	0	0	0	0	0
1	8	1	3	0	0	0	9	1	0	2	1	1	0	0	0	0	0	0	0	0	0	0	1	1	0	0	0	0	1	0	0	0	0	0	1	0	0	0	0	0	0	0	0	0	0	0	0	0	0	0	0	0	0	0	0	0	0	0	0	0	0	0	0	0	0	0	0	0	0	0	0	0	0	0	0	0	0	0	0	0	0	0	0	0	0	0	0	0	0	0	0	0	0	0	0	0	0	0	0	0	0	0	0	0	0	0	0	0	0	0	0	0	0	0	0	0	0	0	0	0	0	0	0	0	0	0	0	0	0	0	0	0	0	0	0	0	0	0	0	0	0	0	0	0	0	0	0	0	0	0	0	0	0	0	0	0	0	0	0	0	0	0	0	0	0	0	0	0	0	0	0	0	0	0	0
9	30	4	17	4	0	0	39	4	4	4	1	7	2	3	0	0	1	0	2	0	2	0	1	2	0	0	4	1	2	1	0	0	0	0	0	0	0	2	0	0	0	0	0	0	0	0	1	0	0	0	0	0	0	0	0	0	0	0	0	0	0	1	0	0	0	0	1	0	0	0	0	0	0	0	0	0	0	0	0	0	0	0	0	0	1	0	1	1	0	0	0	0	0	0	0	0	0	0	0	0	0	0	0	0	0	0	0	0	0	0	1	0	0	0	0	0	0	0	0	0	0	0	0	0	0	0	0	0	0	0	0	0	0	0	0	0	0	0	0	0	0	0	0	0	0	0	0	0	0	0	0	0	0	0	0	0	0	0	0	0	0	0	0	0	0	0	0	0	0	0	0	0	0	0	0
6	17	2	7	1	0	0	13	2	0	1	0	2	0	0	0	0	0	0	0	0	1	0	0	0	0	0	0	0	0	0	0	0	0	0	0	0	0	1	0	0	0	0	0	0	0	0	0	0	0	0	0	0	0	1	0	0	0	0	0	0	0	0	0	0	0	0	0	0	0	0	0	0	0	0	0	0	0	0	0	0	0	0	0	0	0	0	0	0	0	0	1	0	0	0	0	0	0	0	0	0	0	0	0	0	0	0	0	0	0	0	0	0	0	0	0	0	0	0	0	0	0	0	0	0	1	0	0	0	0	0	0	0	0	0	0	0	0	0	0	0	0	0	0	0	0	0	0	0	0	0	0	0	0	0	0	0	0	0	0	0	0	0	0	0	0	0	0	0	0	0	0	0	0	0	0
3	14	3	2	3	1	0	15	3	1	0	1	3	0	2	0	0	0	0	0	0	1	0	0	0	0	0	0	1	0	0	0	0	0	1	0	0	1	0	0	1	0	1	0	1	0	0	0	0	0	0	0	0	0	0	0	0	0	0	0	0	0	0	0	0	0	0	0	0	0	0	0	0	0	0	0	0	0	0	0	0	0	0	0	0	0	0	0	0	0	0	0	0	0	0	0	0	0	0	0	0	0	0	0	0	0	0	0	0	0	0	0	0	0	0	0	0	0	0	0	0	0	0	0	0	0	0	0	0	0	0	0	0	0	0	0	0	0	0	0	0	0	0	0	0	0	0	0	0	0	0	0	0	0	0	0	0	0	0	0	0	0	0	0	0	0	0	0	0	0	0	0	0	0	0	0
21	78	6	29	10	0	0	75	5	3	7	4	9	5	9	0	0	2	5	1	0	2	0	4	1	1	0	1	1	4	4	0	0	0	3	0	0	0	1	0	0	0	0	0	1	0	0	1	0	1	0	0	0	0	1	0	0	0	0	0	0	0	2	0	0	0	1	0	0	0	1	0	0	0	0	1	0	0	0	1	0	0	0	0	0	1	0	0	0	1	1	1	0	0	0	0	0	0	0	0	0	0	0	0	0	0	0	0	0	0	0	0	0	0	0	0	0	0	0	0	0	0	0	0	0	0	1	0	0	0	0	0	0	0	0	0	0	0	0	0	0	0	0	0	0	0	0	0	0	0	0	0	0	0	0	0	0	0	0	0	0	0	0	0	0	0	0	0	0	0	0	0	0	0	0	0
2	12	2	1	1	0	0	13	2	0	2	0	2	0	0	0	0	0	0	0	0	0	0	0	1	0	0	0	0	0	1	0	0	0	0	0	0	0	0	0	0	0	0	0	0	0	0	0	0	0	0	0	0	0	0	0	0	0	0	0	0	0	0	0	0	0	0	0	0	0	0	0	0	0	0	0	0	0	0	0	0	0	0	0	0	0	0	0	0	0	0	0	0	0	0	0	0	0	0	0	0	0	0	0	0	0	0	0	0	0	0	0	0	0	0	0	0	0	0	0	0	0	0	0	0	0	0	0	0	0	0	0	0	0	0	0	0	0	0	0	0	0	0	0	0	0	0	0	0	0	0	0	0	0	0	0	0	0	0	0	0	0	0	0	0	0	0	0	0	0	0	0	0	0	0	0
2	19	2	3	0	1	0	10	4	3	0	0	1	2	1	0	0	0	0	1	0	3	0	0	0	1	0	0	0	0	1	0	0	0	1	1	0	0	0	0	0	0	0	0	0	0	0	0	0	0	0	0	0	0	0	0	0	0	0	0	0	0	0	0	0	0	0	1	0	0	0	0	0	0	0	0	1	0	0	0	0	0	0	0	0	0	0	0	0	0	0	0	0	0	0	0	0	0	0	0	0	0	0	0	0	0	0	0	0	0	0	0	0	0	0	0	0	0	0	0	0	0	0	0	0	0	0	0	0	0	0	0	0	0	0	0	0	0	0	0	0	0	0	0	0	0	0	0	0	0	0	0	0	0	0	0	0	0	0	0	0	0	0	0	0	0	0	0	0	0	0	0	0	0	0	0
3	20	0	5	2	0	0	12	2	1	2	0	4	1	4	0	0	0	0	0	0	0	0	0	0	0	0	1	0	1	0	0	0	0	0	0	0	0	0	0	0	0	0	0	1	0	1	0	0	0	0	0	0	0	0	0	0	0	0	0	0	0	0	0	0	0	1	1	0	0	0	0	0	0	0	0	0	0	0	0	0	0	0	0	0	0	0	0	0	0	0	0	0	0	0	0	1	0	0	0	0	0	0	0	0	0	0	0	0	0	0	0	0	0	0	0	0	0	0	0	0	0	0	0	0	0	0	0	0	0	0	0	0	0	0	0	0	0	0	0	0	0	0	0	0	0	0	0	0	0	0	0	0	0	0	0	0	0	0	0	0	0	0	0	0	0	0	0	0	0	0	0	0	0	0	0
18	63	11	28	7	2	0	67	9	8	2	2	15	6	11	0	0	0	1	0	0	3	3	2	1	2	0	0	2	0	4	0	0	0	1	0	0	0	2	0	1	0	0	0	1	2	2	0	1	1	1	0	0	0	0	0	1	0	0	0	0	0	0	0	0	0	0	0	0	0	3	0	0	0	0	1	0	0	0	0	0	1	0	1	0	1	0	1	1	0	1	1	0	0	0	0	0	0	0	0	0	0	0	1	0	0	0	0	0	0	0	0	0	0	0	0	0	0	0	0	0	0	0	0	0	0	0	0	0	0	0	0	0	0	0	0	0	0	0	0	0	0	0	0	0	0	0	0	0	0	1	0	0	0	0	0	0	0	0	0	0	0	0	0	0	0	0	0	0	0	0	0	1	0	0	0
0	1	0	0	0	0	0	3	0	0	0	0	3	0	0	0	0	0	0	0	0	0	0	0	0	0	0	0	0	0	0	0	0	0	0	0	0	0	0	0	0	0	0	0	0	0	0	0	0	0	0	0	0	0	0	0	0	0	0	0	0	0	0	0	0	0	0	0	0	0	0	0	0	0	0	0	0	0	0	0	0	0	0	0	0	0	0	0	0	0	0	0	0	0	0	0	0	0	0	0	0	0	0	0	0	0	0	0	0	0	0	0	0	0	0	0	0	0	0	0	0	0	0	0	0	0	0	0	0	0	0	0	0	0	0	0	0	0	0	0	0	0	0	0	0	0	0	0	0	0	0	0	0	0	0	0	0	0	0	0	0	0	0	0	0	0	0	0	0	0	0	0	0	0	0	0
1	3	0	0	0	0	0	2	0	1	0	0	1	0	0	0	0	0	0	0	0	1	0	0	0	0	0	0	0	0	1	0	0	0	0	0	0	0	1	0	0	0	0	0	0	0	0	0	0	0	0	0	0	0	0	0	0	0	0	0	0	0	0	0	0	0	0	0	0	0	0	0	0	0	0	0	0	0	0	0	0	0	0	0	0	0	0	0	0	0	0	0	0	0	0	0	0	0	0	0	0	0	0	0	0	0	0	0	0	0	0	0	0	0	0	0	0	0	0	0	0	0	0	0	0	0	0	0	0	0	0	0	0	0	0	0	0	0	0	0	0	0	0	0	0	0	0	0	0	0	0	0	0	0	0	0	0	0	0	0	0	0	0	0	0	0	0	0	0	0	0	0	0	0	0	0
5	19	1	4	3	0	0	16	4	2	0	0	3	2	1	0	0	1	0	0	0	0	0	0	0	0	0	0	2	0	0	0	0	0	1	0	1	0	1	0	0	0	0	1	0	0	0	0	0	0	1	0	0	0	1	0	0	0	0	0	0	0	1	0	0	0	0	0	0	0	0	0	0	0	0	0	0	0	1	0	0	0	0	0	0	0	0	0	0	0	0	0	0	0	0	1	0	0	0	0	0	0	0	0	0	0	0	0	0	0	0	0	0	0	0	0	0	0	0	0	0	0	1	0	0	0	0	0	0	0	0	0	0	0	0	0	0	0	0	1	0	0	0	0	0	0	0	0	0	0	0	0	0	0	0	0	0	0	0	0	0	0	0	0	0	0	0	0	0	0	0	0	0	0	0	0
5	28	4	5	3	0	0	22	4	2	2	0	7	1	3	0	0	0	0	1	1	1	2	2	2	0	0	0	0	0	0	0	1	0	0	0	0	0	0	0	0	0	0	0	0	0	0	0	0	0	0	0	0	0	1	0	0	0	0	0	0	0	0	0	0	0	0	1	0	0	0	0	0	0	0	0	0	0	1	0	0	0	0	0	0	0	0	0	0	0	0	0	0	0	0	0	0	0	0	0	0	0	0	0	0	0	0	0	0	0	0	0	0	0	0	0	0	0	0	0	0	0	0	0	0	0	0	0	0	0	0	0	0	0	0	0	0	0	0	0	0	0	0	0	0	0	0	0	0	0	0	0	0	0	0	0	0	0	0	0	0	0	0	0	0	0	0	0	0	0	0	0	0	0	0	0
1	11	1	2	0	0	0	6	0	3	0	0	1	1	0	0	0	0	0	1	0	0	0	0	0	0	0	0	0	0	0	0	0	0	0	0	0	0	0	0	0	0	1	0	0	0	0	0	0	0	0	0	0	0	0	0	0	0	0	0	0	0	0	0	0	0	0	1	0	0	0	0	0	0	0	0	0	0	0	0	0	0	0	0	0	0	0	0	0	0	0	0	0	0	0	0	0	0	0	0	0	0	0	0	0	0	0	0	0	0	0	0	0	0	0	0	0	0	0	0	0	0	0	0	0	0	0	0	0	1	0	0	0	0	0	0	0	0	0	0	0	0	0	0	0	0	0	0	0	0	0	0	0	0	0	0	1	0	0	0	0	0	0	0	0	0	0	0	0	0	0	0	0	0	0	0
7	27	6	11	5	0	0	34	3	6	4	3	3	6	0	0	0	1	1	0	0	1	0	0	2	1	0	1	0	1	0	0	0	0	0	0	1	1	3	0	0	0	0	0	0	0	1	0	0	0	0	0	0	0	0	0	0	0	0	0	0	0	0	0	0	0	0	0	0	0	0	0	0	0	0	1	0	0	0	0	0	0	0	0	0	1	0	0	1	0	0	1	0	0	1	0	0	0	0	0	0	1	0	0	0	0	1	0	0	0	0	0	0	0	0	0	0	0	0	0	0	0	0	0	0	0	0	0	0	0	0	0	0	0	0	0	0	0	0	0	0	0	0	0	0	0	0	0	0	0	0	0	0	0	0	0	0	0	0	0	0	0	0	0	0	0	0	0	0	1	0	0	0	0	1	0
7	18	1	4	3	0	0	19	1	1	4	0	4	0	0	0	0	0	0	0	1	0	0	0	1	0	0	1	0	0	0	0	0	0	0	0	0	0	0	0	0	0	0	0	1	0	0	0	0	0	0	0	0	0	0	0	0	0	0	0	0	0	1	0	0	0	0	0	0	0	0	0	0	0	0	0	0	0	0	0	0	0	0	0	0	0	0	0	0	0	0	0	0	0	0	1	0	0	0	0	0	0	0	0	0	0	0	0	0	0	0	0	0	1	0	0	0	0	0	0	0	0	0	0	0	0	1	0	0	0	0	0	0	0	0	0	0	0	0	0	0	0	0	0	0	0	0	0	0	0	0	0	0	0	0	0	0	1	0	0	0	0	0	0	0	0	0	0	0	0	0	0	0	0	0	0
9	32	7	5	1	0	0	30	5	1	0	1	4	2	0	0	0	2	1	0	0	2	0	1	0	0	0	0	0	0	0	0	0	0	0	0	1	0	1	0	0	0	0	0	0	0	1	0	0	1	0	0	0	0	0	0	0	0	0	0	0	1	0	0	0	0	0	0	0	0	0	0	0	0	0	0	0	0	1	0	0	0	0	0	0	0	0	0	1	0	0	0	0	0	0	0	0	0	0	0	0	0	0	0	0	0	0	0	0	0	0	0	0	0	0	0	0	0	0	0	0	0	0	0	0	2	0	0	0	0	0	0	0	0	0	0	0	0	0	0	0	0	0	0	0	0	0	0	0	0	0	0	0	0	0	0	0	0	0	0	0	0	0	0	0	0	0	0	0	0	0	0	0	0	0	0
4	21	1	3	1	0	0	14	3	2	2	0	2	3	3	0	0	0	1	0	0	0	0	0	1	0	0	0	0	0	0	0	1	0	1	1	0	0	0	0	0	0	0	0	0	0	0	0	0	2	0	0	0	0	0	0	0	0	0	0	0	0	0	0	0	0	0	0	0	0	0	0	0	0	0	0	0	0	0	0	0	0	0	0	0	0	0	0	0	0	0	0	0	0	0	0	0	0	0	0	0	0	0	0	0	0	0	0	0	0	0	0	0	0	0	0	0	0	0	0	0	0	0	0	0	0	0	0	0	0	0	0	0	1	0	0	0	0	0	0	0	0	0	0	0	0	0	0	0	0	0	0	0	0	0	0	0	0	0	0	0	0	0	0	0	0	0	0	0	0	0	0	0	0	0	0
0	1	0	1	0	0	0	1	0	0	0	0	0	1	0	0	0	0	0	0	0	0	0	0	0	0	0	0	0	0	0	0	0	0	0	0	0	0	0	0	0	0	0	0	0	0	0	0	0	0	0	0	0	0	0	0	0	0	0	0	0	0	0	0	0	0	0	0	0	0	0	0	0	0	0	0	0	0	0	0	0	0	0	0	0	0	0	0	0	0	0	0	0	0	0	0	0	0	0	0	0	0	0	0	0	0	0	0	0	0	0	0	0	0	0	0	0	0	0	0	0	0	0	0	0	0	0	0	1	0	0	0	0	0	0	0	0	0	0	0	0	0	0	0	0	0	0	0	0	0	0	0	0	0	0	0	0	0	0	0	0	0	0	0	0	0	0	0	0	0	0	0	0	0	0	0
9	26	3	7	1	0	0	26	2	3	3	2	8	4	4	0	0	0	1	0	0	1	0	2	0	0	0	0	0	1	0	0	0	0	0	1	0	1	0	0	0	0	0	0	0	1	0	0	0	0	1	0	0	0	0	1	0	0	0	0	1	0	0	0	0	0	0	0	0	0	0	0	0	0	0	0	0	0	0	0	0	0	0	0	0	0	0	0	1	0	0	0	0	0	0	0	0	0	0	0	0	0	0	0	0	0	0	0	0	0	0	0	0	0	0	0	0	0	0	0	0	0	0	0	0	0	0	0	0	0	0	0	0	0	0	0	0	0	0	0	1	0	0	0	0	0	0	0	0	0	0	0	0	0	0	0	0	0	0	0	0	0	0	0	0	0	0	0	0	0	0	0	0	1	0	0
1	18	0	2	3	2	0	11	0	0	1	0	2	0	0	0	0	0	1	0	0	0	1	0	0	0	0	0	1	0	1	0	0	0	1	0	0	1	0	0	0	0	0	0	0	1	0	0	0	0	0	0	0	0	0	0	1	0	0	0	0	0	0	0	0	0	0	0	0	0	1	0	0	0	0	0	0	0	0	0	0	0	0	0	0	0	0	0	0	1	0	0	0	0	0	0	0	0	0	0	0	0	0	0	0	0	0	0	0	0	0	0	0	0	0	0	0	0	0	0	0	0	0	0	0	0	0	0	0	0	0	0	0	0	0	0	0	0	0	0	0	0	0	0	0	0	0	0	0	0	0	0	0	0	0	0	0	0	0	0	0	0	0	0	0	0	0	0	0	0	0	0	0	0	0	0
16	49	7	11	2	1	0	42	7	7	1	2	4	2	4	1	0	1	3	1	0	4	0	1	0	1	0	0	1	1	2	0	0	0	0	0	0	0	3	0	0	0	0	0	0	0	0	0	0	0	0	0	0	0	1	0	1	0	0	0	0	0	2	0	0	0	0	0	0	0	0	0	0	0	0	0	0	0	0	0	0	0	0	0	0	0	0	0	0	0	1	0	0	0	0	0	0	1	0	0	0	1	0	0	0	0	0	0	0	0	0	0	0	0	0	0	0	0	0	0	0	0	0	0	0	0	0	0	0	0	0	0	0	0	0	0	0	0	0	0	0	0	0	0	0	0	0	0	0	0	1	0	0	0	0	0	0	0	0	0	0	0	0	0	0	0	0	0	0	0	0	0	0	0	0	0
7	44	2	19	4	0	0	49	5	5	7	4	3	2	5	1	0	1	1	2	0	0	0	0	0	0	0	1	0	0	1	0	2	0	2	0	0	0	0	0	0	0	0	0	0	0	0	0	0	0	0	0	0	0	0	0	0	0	0	0	1	0	0	0	0	0	0	1	0	0	0	0	0	0	0	0	0	1	0	0	0	0	0	0	0	0	0	0	0	0	0	0	0	0	0	0	1	0	0	0	0	0	0	0	0	0	0	0	0	0	0	0	0	1	0	0	0	0	0	0	0	0	0	0	0	0	0	0	0	0	1	0	0	0	0	0	0	0	0	0	0	0	1	0	0	0	0	0	0	0	0	0	0	0	0	0	0	0	0	0	0	0	0	0	0	0	0	0	0	0	0	0	0	0	0	0
4	27	3	10	3	0	0	27	6	3	1	0	4	1	4	1	0	0	0	0	0	2	1	2	0	0	1	0	0	0	1	0	0	0	0	0	0	0	1	0	0	0	0	0	0	0	1	0	0	1	0	0	0	0	1	0	0	0	0	0	0	0	0	0	0	1	0	0	0	0	0	0	0	0	0	0	1	0	0	0	0	0	0	0	1	0	0	0	0	0	0	0	0	0	0	0	0	0	0	0	0	1	0	0	0	0	0	0	0	0	0	0	0	0	0	0	0	0	0	0	0	0	0	0	0	1	0	0	0	0	0	0	0	0	0	0	0	0	0	0	0	0	0	0	0	0	0	0	0	0	0	0	0	0	0	0	0	0	0	0	0	0	0	0	0	0	0	0	0	0	0	0	0	0	0	0
1	8	0	2	1	0	0	6	1	0	1	0	1	1	0	0	0	0	0	0	0	1	0	0	0	0	0	0	0	0	0	0	0	0	0	0	0	0	0	0	0	0	0	0	0	0	0	0	0	0	0	0	0	0	0	0	0	0	0	0	0	0	0	0	0	0	0	0	0	0	0	0	0	0	0	0	0	0	0	0	0	0	0	0	0	0	0	0	0	0	0	0	0	0	0	0	0	0	0	0	0	0	0	0	0	0	0	0	0	0	0	0	0	0	0	0	0	0	0	0	0	0	0	0	0	0	0	0	0	0	0	0	0	0	0	0	0	0	0	0	0	0	0	0	0	0	0	0	0	0	0	0	0	0	0	0	0	0	0	0	0	0	0	0	0	0	0	0	0	0	0	0	0	0	0	0
