1024	1154	814	284	159	26	52	36	125	246	268	52	449	262	47	154	277	76	48	6	7	27	3	26	32	19	6	75	18	18	7	31	4	7	1	15	13	8	14	1	69	1	4	18	1	20	42	16	2	11	15	0	4	0	6	3	28	5	10	3	27	3	0	0	15	3	0	0	5	0	7	4	0	18	2	0	1	7	1	0	2	14	2	0	0	0	8	6	1	7	4	4	3	4	4	13	0	3	1	2	4	3	2	0	0	3	0	5	1	1	2	1	2	2	7	2	0	1	1	0	0	2	3	0	2	1	0	0	0	1	2	4	3	0	0	3	3	4	0	1	2	1	0	1	0	0	0	2	0	0	2	0
7122	7817	5420	2077	920	205	326	243	816	1760	1835	325	2917	1728	429	1073	1923	484	275	43	48	137	6	202	160	75	37	524	166	148	31	220	14	86	4	109	105	53	97	35	604	1	18	107	29	106	194	73	16	67	85	0	23	2	28	10	186	39	78	32	200	24	1	5	86	22	1	2	34	3	46	31	5	104	13	2	14	88	1	4	4	42	18	1	0	7	34	51	11	61	47	34	9	20	23	62	0	17	7	33	23	8	19	1	0	56	4	8	9	2	12	21	10	9	17	6	0	6	2	2	6	27	26	10	17	10	1	2	4	12	0	23	16	0	8	15	20	8	0	11	7	1	0	3	7	1	5	9	5	0	7	6
4396	5039	3418	1292	570	132	193	150	504	1097	1149	203	1879	1109	337	642	1251	302	173	38	30	72	2	128	115	39	23	373	102	82	20	147	12	45	2	60	67	43	58	22	398	3	16	59	20	56	126	47	11	63	43	0	3	2	13	14	113	23	39	16	104	13	3	1	68	16	5	1	13	3	32	17	2	79	11	2	3	64	1	5	9	26	12	1	0	2	14	23	3	27	28	20	14	15	8	35	0	10	5	13	17	2	19	1	1	43	4	12	2	2	3	6	14	10	12	7	0	4	1	1	1	18	16	3	10	4	1	2	3	4	5	19	11	2	4	14	19	6	1	11	9	1	0	0	3	0	1	0	2	2	7	1
5984	6583	4634	1769	774	182	276	208	634	1450	1517	257	2507	1458	425	941	1597	420	237	38	59	139	7	165	151	64	33	452	146	90	37	199	19	66	3	96	83	47	95	22	526	10	28	97	27	92	202	69	20	72	65	2	14	2	26	9	167	31	62	20	166	19	1	2	76	15	0	1	21	1	45	24	3	80	7	2	6	66	0	2	11	49	10	3	0	4	20	34	5	34	29	28	13	17	22	46	0	18	6	22	23	7	16	4	2	61	6	17	6	5	9	19	5	10	11	11	0	2	0	2	5	20	27	7	15	4	0	2	6	4	2	27	16	0	15	7	21	16	1	3	10	2	1	3	2	1	2	8	6	0	4	3
2582	2758	1960	720	291	67	111	64	290	651	655	142	1067	630	164	393	649	192	100	16	21	48	4	71	60	29	20	177	51	36	10	74	4	34	1	37	38	20	46	12	241	3	8	42	18	30	76	27	3	29	26	0	5	1	10	2	69	9	27	8	67	10	1	0	37	9	2	1	11	1	9	6	0	48	5	1	2	37	1	4	3	19	3	3	0	1	16	17	2	23	11	11	8	7	15	21	0	6	0	10	5	4	18	3	0	18	3	6	2	3	4	7	9	5	12	3	0	1	0	2	1	11	12	2	5	4	0	1	0	2	1	23	10	1	5	7	6	4	0	3	4	0	0	3	5	0	2	2	3	1	1	2
2074	2233	1556	602	251	64	110	63	243	540	520	93	823	495	131	302	537	123	90	18	21	31	2	63	44	22	20	156	40	39	6	78	11	8	1	34	30	20	23	13	193	2	8	37	7	28	72	22	10	12	20	0	4	1	9	0	58	7	14	8	49	6	0	3	13	5	1	2	6	1	15	7	2	35	2	0	5	21	0	2	4	10	7	0	0	1	5	15	0	11	9	10	3	3	8	21	0	9	1	9	7	3	3	3	0	20	1	1	2	2	2	5	6	4	5	3	0	1	0	1	1	6	11	1	4	2	0	1	1	2	0	13	4	1	1	5	3	0	1	5	3	1	0	1	1	0	1	1	2	0	2	0
3702	3999	2762	1105	461	120	177	101	470	942	917	173	1436	940	221	563	972	253	147	35	37	80	2	104	104	39	23	289	81	60	26	97	11	34	5	40	46	29	46	17	322	3	13	71	32	50	115	40	6	35	46	0	8	0	15	9	92	12	43	9	102	14	0	1	49	8	3	1	19	1	44	10	0	55	8	0	5	50	0	4	2	28	5	0	0	1	25	23	5	34	16	9	10	5	10	24	0	20	4	20	14	11	10	2	0	27	1	14	2	3	3	5	5	7	10	5	0	0	0	3	1	11	11	2	10	9	1	1	3	4	3	10	15	0	4	9	12	11	0	2	4	0	1	2	2	1	0	3	6	1	3	0
687	709	545	192	74	24	32	21	72	164	197	37	276	166	47	98	202	43	22	3	2	13	0	19	14	10	3	49	20	15	2	22	0	6	1	13	15	4	5	3	46	0	4	19	5	13	27	7	1	8	7	0	2	0	2	1	19	0	13	2	18	4	0	0	9	1	0	0	1	0	4	4	0	12	2	0	1	3	0	1	0	4	5	0	0	1	5	7	0	4	3	1	5	2	1	6	0	2	1	3	3	0	2	0	0	6	1	0	2	0	0	0	2	1	0	1	0	0	0	0	1	1	3	1	0	6	0	0	0	1	0	3	0	0	1	3	2	2	0	0	1	0	0	0	2	0	1	0	0	0	0	0
54	68	41	28	10	6	2	3	9	12	19	4	23	12	7	14	15	3	3	0	1	2	0	4	2	1	0	9	2	0	2	1	0	1	0	1	1	0	2	1	5	0	0	1	3	1	4	1	1	2	3	0	2	0	1	0	2	1	0	0	3	0	0	0	1	1	0	0	0	0	3	1	0	1	0	0	1	3	0	0	0	0	0	0	0	0	0	0	1	0	3	1	0	0	0	1	0	0	0	0	0	0	0	0	0	0	0	0	0	0	0	0	0	1	0	0	0	0	0	0	0	0	0	1	0	0	0	0	0	0	0	1	0	0	0	1	0	0	0	0	1	1	0	0	0	0	0	0	0	0	0	0
145	160	111	42	16	5	6	8	12	36	33	6	55	23	13	18	31	7	3	0	2	1	0	3	2	0	0	11	3	4	0	4	0	1	0	4	5	0	1	0	4	0	0	3	2	2	3	4	0	2	4	0	0	0	0	0	5	0	1	0	8	1	0	0	2	1	0	0	0	0	4	1	0	2	2	0	0	0	0	0	0	1	0	0	0	0	1	1	0	0	2	0	1	0	0	0	0	1	0	1	2	1	1	0	0	3	0	0	0	0	0	1	0	0	2	0	0	0	0	0	0	0	0	1	1	0	0	0	0	0	0	1	0	0	0	0	0	0	0	0	0	0	0	0	0	0	0	0	0	0	0	0
1178	1288	886	376	156	39	60	33	136	283	310	47	528	277	53	146	307	86	52	10	8	21	2	21	28	11	5	90	26	22	12	46	10	11	1	19	11	10	7	1	104	3	6	29	7	15	49	19	1	13	13	0	5	1	1	2	28	8	16	5	36	1	0	1	18	6	0	0	4	0	11	3	0	16	3	0	1	14	0	0	1	10	4	0	0	1	5	10	2	12	4	6	1	4	3	16	0	3	3	3	4	0	2	2	1	13	0	2	0	1	1	7	1	4	2	2	0	0	0	1	1	4	4	1	4	2	0	0	1	1	0	7	4	0	1	4	4	0	0	1	4	0	0	0	2	0	1	1	1	0	1	0
2974	3355	2334	877	384	83	133	114	373	776	774	135	1276	767	180	414	842	205	115	14	31	51	4	86	67	42	13	220	73	51	12	84	12	33	2	40	43	26	33	10	236	7	10	58	11	32	114	26	8	32	29	0	5	1	13	1	79	7	27	9	80	16	1	0	35	8	1	0	10	2	22	9	2	53	4	0	4	40	1	2	3	23	5	0	0	2	14	23	4	23	19	17	6	15	16	20	0	9	1	9	16	4	16	0	1	17	2	5	3	4	4	6	8	4	10	2	0	1	0	3	2	7	10	2	7	6	1	0	2	3	0	10	11	0	5	10	9	3	0	4	6	0	0	1	4	0	2	2	4	0	4	0
1650	1749	1241	501	198	55	57	40	178	390	447	59	651	409	93	212	455	113	60	14	14	29	2	43	32	21	8	116	24	31	6	55	6	14	0	18	26	13	9	7	125	3	5	24	11	20	46	22	7	17	23	1	2	1	12	5	42	8	14	4	43	11	1	0	18	6	0	0	8	0	13	5	0	24	3	0	0	26	0	2	1	11	1	0	0	2	6	7	1	9	10	8	7	3	3	11	1	6	3	5	3	3	9	3	0	11	1	3	2	0	2	5	6	2	6	2	0	0	1	0	1	7	7	4	3	3	0	0	0	2	2	9	1	0	2	2	6	2	0	2	4	2	0	0	4	0	0	1	0	0	3	1
982	1050	739	259	103	25	39	27	97	237	249	31	350	219	52	135	263	76	49	6	8	28	1	24	27	10	5	79	15	28	5	31	4	5	1	13	19	2	15	2	77	2	2	17	5	13	28	8	0	11	13	0	1	0	2	0	25	2	12	4	25	7	1	1	12	2	0	1	5	0	6	2	1	6	2	0	0	11	1	0	2	6	2	0	0	1	4	7	1	6	4	5	7	1	2	5	0	3	3	1	4	1	0	1	0	6	0	1	2	0	0	1	0	1	4	4	0	0	0	1	0	1	1	2	1	3	0	0	2	0	0	7	4	0	0	1	3	2	0	3	2	0	0	0	1	0	1	1	1	0	0	0
1344	1480	1052	423	160	38	58	42	169	359	337	66	577	299	81	210	347	101	60	6	14	32	1	40	38	15	11	108	19	29	15	46	4	17	0	17	24	7	25	4	109	2	5	25	8	15	43	17	4	21	16	0	2	0	6	0	24	7	19	3	37	7	0	1	20	4	0	1	9	0	11	6	0	18	4	0	2	13	0	0	1	12	3	0	0	1	7	8	1	3	7	4	7	4	5	13	0	5	1	7	2	2	11	2	0	5	3	5	4	2	1	4	0	1	8	3	0	3	0	0	0	6	6	3	3	2	0	0	0	1	1	6	3	1	2	3	4	1	0	5	7	1	0	3	1	0	1	0	1	0	4	0
369	423	258	135	53	11	16	12	37	80	110	21	165	96	24	45	91	20	13	0	5	11	1	7	9	6	2	26	3	6	1	10	1	3	0	5	7	4	6	1	35	0	2	5	2	5	14	0	0	4	3	0	1	0	1	0	12	0	1	2	14	1	0	0	4	0	0	0	1	0	5	0	0	4	1	0	0	5	0	0	2	3	1	0	0	0	3	1	1	5	1	0	1	5	1	1	0	0	0	1	2	0	0	3	0	1	0	0	0	0	0	0	0	1	0	1	0	0	0	0	0	2	0	0	1	0	0	0	0	0	1	2	1	0	0	0	1	1	0	0	1	0	0	0	0	0	0	0	0	0	0	0
142	154	104	25	17	3	3	7	15	40	38	5	59	41	13	26	42	7	1	0	0	3	0	1	5	1	1	13	5	1	0	1	1	3	0	7	3	0	2	0	12	0	1	4	1	4	10	3	0	6	2	0	0	0	1	1	1	1	3	0	2	2	0	0	2	1	0	0	1	0	0	1	1	3	1	0	0	1	0	0	0	1	0	0	1	0	0	2	0	2	0	1	0	0	1	0	0	2	0	2	0	0	1	0	0	1	0	0	0	1	1	0	0	0	2	0	0	0	0	0	0	3	1	0	0	0	0	0	1	2	0	0	0	0	0	0	1	0	0	0	0	0	0	0	0	0	0	0	0	0	0	0
245	269	179	68	35	2	10	4	39	56	61	12	100	55	9	23	56	14	9	3	0	6	0	6	6	3	1	13	6	3	0	4	2	0	0	6	8	1	3	1	14	0	3	7	1	4	6	3	1	0	2	0	2	1	2	3	6	1	5	0	6	1	0	0	2	1	0	0	0	0	3	2	0	2	3	0	1	3	0	0	0	2	0	0	0	1	2	0	0	2	0	1	1	0	0	2	0	1	1	0	3	0	0	0	0	1	0	2	0	0	0	0	0	1	1	0	0	0	0	0	1	0	0	0	2	1	0	0	0	1	0	1	0	0	1	0	1	0	0	1	0	0	0	0	0	0	0	0	1	0	0	0
376	446	332	122	44	12	14	17	47	113	108	14	168	107	24	61	114	29	19	3	4	8	0	11	11	5	2	32	15	11	3	14	3	3	1	6	7	4	6	4	43	1	1	2	1	3	15	4	0	2	4	0	1	1	3	2	12	2	2	2	5	1	0	0	5	3	0	0	1	0	2	2	1	8	2	0	0	6	0	0	2	2	1	0	1	0	3	6	1	5	4	1	0	1	1	2	1	1	0	2	1	0	1	0	0	1	0	1	0	0	1	1	0	0	2	1	0	0	1	1	1	1	2	0	4	0	0	0	0	0	0	1	1	0	0	1	2	2	0	1	1	1	0	0	0	0	0	1	0	0	0	0
535	557	395	158	54	17	22	20	64	122	142	20	224	120	21	88	151	27	21	1	5	11	1	17	19	3	5	38	10	6	4	10	1	4	0	7	7	4	8	0	42	0	2	11	0	13	14	6	1	7	11	0	0	0	1	1	9	1	8	1	17	2	0	1	4	5	0	0	2	0	6	3	0	11	3	0	0	4	0	1	2	4	0	0	0	0	1	4	0	2	2	1	1	4	5	4	0	3	0	1	2	2	0	0	0	1	1	2	0	1	0	1	0	2	1	0	0	0	0	0	0	4	1	0	2	0	0	0	0	1	0	2	2	0	0	0	2	2	0	1	1	0	0	0	0	0	0	0	0	0	1	0
355	375	270	119	48	10	18	10	42	79	78	18	160	112	16	52	111	33	18	0	6	5	0	13	9	1	3	20	7	11	5	13	3	1	0	3	7	3	6	1	31	0	1	4	3	9	11	1	3	3	2	0	1	0	1	0	6	0	3	2	7	1	0	0	4	1	0	0	1	0	2	2	0	4	0	0	1	6	0	0	1	4	0	0	0	0	0	3	0	4	3	3	0	2	0	3	0	0	2	1	3	0	1	0	0	3	1	0	1	1	0	1	0	0	0	0	0	0	1	0	0	0	2	0	1	0	0	0	0	0	0	2	2	0	0	0	0	0	0	0	1	0	0	0	1	0	0	0	0	0	0	0
407	469	341	125	46	14	14	7	52	96	113	22	189	107	20	51	107	23	13	4	5	6	0	17	12	3	4	37	6	7	1	11	1	7	0	4	6	4	6	0	46	2	2	6	3	3	10	5	2	7	5	0	1	0	0	1	14	1	4	2	11	1	0	0	2	1	0	0	2	1	1	2	0	8	1	0	1	3	0	0	0	3	0	0	0	0	2	2	0	1	1	3	2	1	0	3	0	1	1	1	1	0	0	0	0	2	0	1	1	0	2	0	1	1	0	0	0	0	0	0	0	1	1	0	1	1	0	0	1	0	0	2	0	0	0	1	3	0	0	1	1	0	0	0	1	0	0	0	0	0	0	0
35	40	19	10	2	0	1	1	5	12	9	1	15	11	5	6	11	2	0	0	0	0	0	2	4	0	0	1	0	1	0	0	0	0	0	0	1	0	0	0	4	0	0	1	0	0	2	1	0	0	2	0	0	0	0	0	0	0	0	0	1	0	0	0	0	0	0	0	0	0	0	0	0	0	0	0	0	1	0	0	0	0	0	0	1	0	1	0	0	0	1	1	0	0	0	0	0	0	0	0	0	0	0	1	0	0	0	0	0	0	0	0	1	0	0	0	0	1	0	0	0	0	0	0	0	0	0	0	0	0	0	0	0	0	0	1	0	0	0	0	0	0	0	0	0	0	0	0	0	0	0	0
11	12	9	3	2	0	0	0	1	0	2	1	4	4	0	2	4	0	1	0	1	0	0	0	1	0	0	0	0	1	0	0	0	0	0	0	0	0	0	0	0	0	0	0	0	0	1	0	0	0	0	0	0	0	0	0	1	0	0	0	0	0	0	0	0	0	0	0	0	0	0	0	0	0	0	0	0	0	0	0	0	0	0	0	0	0	0	0	0	0	0	0	0	0	0	0	0	0	0	0	0	0	0	0	0	0	0	0	0	0	0	0	0	0	0	0	0	0	0	0	0	0	0	0	0	0	0	0	0	0	0	0	0	0	0	0	0	0	0	0	0	0	0	0	0	0	0	0	0	0	0	0
313	338	241	86	33	6	14	6	27	75	63	15	109	76	26	51	82	25	13	1	4	9	0	6	9	5	3	21	4	9	2	6	1	0	0	8	5	2	4	1	28	1	0	2	1	3	7	1	0	4	2	0	0	0	1	2	5	3	2	2	9	1	0	0	2	1	0	0	3	0	1	0	0	5	0	0	0	3	0	0	1	3	3	0	0	0	4	3	1	0	1	4	1	4	0	2	0	0	0	0	2	1	0	0	0	1	0	1	1	0	0	1	2	0	0	0	0	0	0	0	1	0	2	0	1	0	0	0	0	0	0	2	0	0	0	0	2	0	0	1	0	0	0	0	1	0	0	0	0	0	0	0
261	280	186	61	29	7	14	14	23	64	53	13	103	71	12	35	49	13	8	1	2	6	0	9	4	4	1	18	4	2	1	7	2	2	0	3	2	1	3	2	21	1	1	2	1	4	10	3	0	1	2	0	0	0	0	0	10	2	3	1	5	1	0	2	3	1	0	0	1	0	3	1	0	8	0	0	1	4	0	0	0	4	0	0	0	0	2	1	0	2	0	3	0	2	1	4	0	1	0	3	1	0	0	0	0	0	1	0	1	0	0	1	1	0	0	0	0	0	0	0	0	1	0	1	1	0	0	0	1	1	0	1	0	0	0	0	0	1	0	1	0	0	0	0	0	0	1	0	0	0	0	0
293	323	225	82	46	9	15	14	39	85	70	14	140	64	15	45	85	24	13	1	1	6	0	8	5	5	2	22	6	7	0	10	2	5	0	3	3	3	6	0	16	0	1	6	2	8	16	2	3	5	2	0	1	0	0	0	10	2	5	2	12	1	0	0	3	1	0	0	1	0	4	1	0	4	1	0	0	3	0	0	0	3	1	0	0	1	1	7	0	2	2	2	0	2	2	3	0	2	0	0	2	1	0	2	0	0	0	1	2	1	0	0	0	1	4	1	0	0	0	0	0	2	1	0	0	0	0	0	0	1	0	2	0	0	1	1	3	0	0	0	0	0	0	0	0	0	0	0	0	0	0	0
84	102	80	22	15	2	4	3	9	20	34	5	33	19	6	14	26	5	6	0	1	4	0	3	3	1	1	17	4	1	1	4	0	1	0	0	4	1	1	1	9	0	0	0	0	2	3	0	0	0	0	0	0	0	1	0	3	0	1	0	1	1	0	0	2	0	0	0	0	0	0	0	0	0	0	0	0	2	0	0	0	1	0	0	0	0	0	1	0	1	0	0	1	0	0	2	0	0	0	0	0	0	1	0	0	0	0	1	0	0	0	0	0	0	0	0	0	0	0	0	0	0	0	0	1	0	0	0	0	0	0	0	0	0	0	0	0	0	0	0	0	0	0	0	0	0	0	0	0	0	0	0
304	365	230	90	50	9	10	13	18	66	82	22	116	79	23	40	72	20	12	2	3	6	0	5	7	4	5	18	3	5	3	9	0	5	0	2	5	2	3	3	28	0	2	7	2	1	16	3	0	0	4	0	1	0	3	0	9	3	4	0	7	0	0	0	2	1	0	0	1	1	6	1	0	1	1	0	0	1	0	0	0	2	0	0	0	1	0	2	0	2	2	0	0	1	1	4	1	1	0	1	0	0	1	0	0	1	0	2	0	0	0	1	1	0	0	1	0	0	0	0	0	1	1	0	1	0	0	0	0	0	0	0	1	0	0	1	1	1	0	0	0	0	0	0	0	0	0	0	0	0	0	0
160	166	124	54	14	3	8	3	22	35	37	5	50	35	11	18	31	13	6	3	4	2	0	2	6	5	0	19	2	5	0	6	0	4	0	6	2	0	1	1	12	0	0	2	0	0	2	3	0	1	3	0	1	0	0	1	0	0	1	1	4	1	0	0	3	0	0	0	3	0	0	0	0	1	0	0	0	1	0	0	0	1	0	0	0	0	0	0	1	1	0	1	0	0	2	2	0	1	0	0	0	0	0	0	0	2	0	0	1	0	0	0	0	0	0	0	0	0	0	0	0	0	0	0	0	0	0	0	1	1	0	1	0	0	0	0	0	0	0	0	0	0	0	0	0	0	0	0	1	0	0	0
131	129	92	32	22	1	3	6	14	20	23	2	45	37	9	15	29	5	6	0	2	4	0	5	4	0	0	10	2	2	2	2	0	1	1	3	1	3	4	0	5	0	0	3	0	2	2	3	0	0	0	0	0	0	0	0	1	0	0	0	2	0	1	0	1	0	0	0	0	0	1	1	0	1	1	0	0	0	0	0	0	0	0	0	0	0	0	0	0	2	0	0	1	1	1	1	0	0	0	0	0	0	0	0	0	0	0	1	0	0	0	0	0	1	0	0	0	0	0	0	0	0	0	0	0	0	0	0	0	0	0	0	1	0	0	2	0	0	0	0	0	0	0	0	0	0	0	0	0	0	0	0
8	2	4	2	0	0	1	0	0	1	0	2	1	1	0	1	1	0	0	0	1	0	0	0	0	0	0	0	0	0	0	0	0	0	0	1	1	0	0	0	0	0	0	0	0	0	0	0	0	0	0	0	0	0	0	0	0	0	0	0	0	0	0	0	0	0	0	0	0	0	0	0	0	0	0	0	0	0	0	0	0	0	0	0	0	0	0	0	0	0	0	0	0	0	0	0	0	0	0	0	0	0	0	0	0	0	0	0	0	0	0	0	0	0	0	0	0	0	0	0	0	0	0	0	0	0	0	0	0	0	0	0	0	0	0	0	0	0	0	0	0	0	0	0	0	0	0	0	0	0	0	0
59	37	47	13	1	0	4	2	4	7	18	3	13	8	1	10	11	4	0	1	0	2	0	2	3	0	0	5	0	0	0	1	0	0	0	1	0	0	1	0	3	0	0	2	1	0	0	1	0	0	2	0	0	0	0	1	2	0	0	0	0	0	0	0	1	0	0	0	0	0	0	0	0	0	1	0	0	0	0	0	0	0	0	0	0	0	0	0	0	0	0	0	0	0	0	0	0	0	0	0	0	0	0	0	0	0	0	0	0	0	0	0	0	0	0	0	0	0	0	0	0	0	0	0	0	0	0	0	0	0	0	0	0	0	1	0	0	0	0	0	0	0	0	0	0	0	1	0	0	0	0	0
8	7	5	2	1	0	0	0	0	2	1	0	3	0	1	1	0	0	0	0	0	0	0	0	0	0	0	0	0	0	0	0	0	0	0	0	0	0	0	0	1	0	0	0	0	1	0	0	0	0	0	0	0	0	0	0	1	0	0	0	1	0	0	0	0	0	0	0	0	0	0	0	0	1	0	0	0	0	0	0	0	0	0	0	0	0	0	0	0	0	0	0	0	0	0	0	0	0	0	0	0	0	0	0	0	0	0	0	0	0	0	1	0	0	0	0	0	0	0	0	0	0	1	0	0	0	0	0	0	0	0	0	0	0	0	0	0	0	0	0	0	0	0	0	0	0	0	0	0	0	0	0
52	62	28	23	2	3	2	2	3	13	12	3	28	14	1	13	12	2	0	0	2	0	0	1	0	1	0	2	1	1	1	3	0	1	0	0	2	2	0	0	2	0	2	0	2	3	1	2	2	0	1	0	1	0	0	1	3	0	1	0	1	0	0	0	0	0	0	0	0	0	0	0	0	0	1	0	0	0	0	0	0	0	0	0	0	0	0	0	0	0	1	0	0	0	0	0	0	0	1	0	0	0	0	0	0	2	0	0	0	0	0	0	1	0	0	0	0	0	0	0	0	0	0	0	0	0	0	0	0	0	0	1	0	0	0	1	0	0	0	0	0	0	0	0	0	0	0	0	0	0	0	0
51	48	37	20	8	2	0	3	4	10	12	1	25	16	4	13	17	2	2	2	0	2	0	1	0	0	0	3	0	0	2	0	0	0	0	1	0	0	0	0	7	0	0	1	0	0	1	0	0	0	3	0	0	0	0	0	0	0	0	0	1	0	0	0	0	0	0	0	0	0	0	2	0	0	1	0	0	1	0	0	0	0	0	0	0	0	1	0	0	0	0	0	1	0	0	1	0	0	0	0	0	0	0	0	0	0	0	0	0	0	0	0	0	0	1	0	0	0	0	0	0	1	0	0	0	0	0	0	0	0	0	0	0	0	0	0	0	0	0	0	1	0	0	0	1	0	0	0	0	0	0	0
54	41	26	18	12	2	4	4	12	12	12	1	28	8	2	4	12	2	5	1	0	0	0	3	3	0	1	1	1	2	1	1	0	2	0	0	0	1	0	0	7	0	0	2	1	0	2	0	0	1	0	0	0	0	1	0	0	0	1	1	0	1	0	0	0	0	0	0	0	0	0	0	0	0	0	0	0	1	0	0	0	0	0	0	0	0	0	0	0	0	1	1	0	0	0	0	0	0	0	0	0	0	0	0	0	1	0	0	0	0	0	0	0	0	0	0	0	0	0	0	0	1	0	0	0	0	0	0	0	0	0	0	1	0	0	0	0	0	0	0	0	0	0	0	0	0	0	0	0	0	0	0
66	64	50	22	8	1	1	1	9	22	19	3	25	13	3	7	20	6	1	1	0	0	0	0	2	0	0	4	3	2	2	6	0	0	0	0	0	0	1	2	10	0	1	1	0	2	2	1	1	2	0	0	0	0	0	0	2	0	1	0	2	0	0	0	1	1	0	0	0	0	0	0	0	1	0	0	0	0	0	0	0	1	0	0	0	0	2	0	1	1	2	1	1	0	0	1	0	0	0	0	0	0	0	0	0	0	0	0	0	0	0	0	0	0	0	1	0	0	0	0	0	0	1	0	0	0	0	0	0	0	0	0	0	0	0	0	1	0	0	0	0	0	0	0	0	0	0	0	0	0	0	0
128	152	112	52	15	3	12	5	17	28	32	5	64	41	5	21	47	7	6	1	3	4	1	3	1	1	0	8	4	3	1	2	0	2	0	3	2	1	2	0	15	0	0	1	1	2	1	2	0	3	2	0	1	0	0	0	9	0	2	1	3	0	0	0	1	1	0	0	1	0	0	2	0	3	0	0	0	3	0	0	0	2	1	0	0	0	0	0	0	0	1	0	0	0	1	2	0	0	0	0	0	1	0	0	0	1	0	0	0	0	0	1	1	0	0	0	0	0	0	0	0	0	1	1	0	0	0	0	0	1	0	0	0	0	1	0	0	0	0	0	0	0	0	0	0	0	0	0	0	0	0	0
168	163	118	54	22	8	8	5	25	37	41	11	63	46	13	25	45	10	1	0	4	4	0	5	5	5	3	11	4	4	1	5	0	2	0	1	3	1	2	0	12	1	0	4	1	2	4	0	0	2	1	0	2	0	0	0	6	1	2	1	10	0	1	0	2	1	0	0	2	0	3	1	1	4	2	0	0	0	0	0	0	3	0	0	0	0	0	1	0	1	1	0	1	1	0	2	1	1	0	0	0	1	0	0	0	0	1	0	1	1	0	0	0	1	0	0	0	0	0	0	0	2	1	0	0	1	0	0	0	0	0	0	0	0	0	0	0	0	0	0	0	0	0	0	0	0	0	1	0	0	0	1
93	113	62	40	13	1	3	4	6	19	25	0	37	24	7	11	24	8	2	1	1	1	1	3	2	2	0	1	1	5	0	3	0	1	0	2	0	0	2	0	11	0	0	3	1	0	6	2	0	3	1	0	0	0	0	0	3	1	3	0	1	0	0	0	0	0	0	0	1	1	0	1	0	0	1	0	0	2	0	0	0	2	0	0	0	0	1	0	0	1	0	0	0	1	0	0	0	0	0	1	2	0	1	0	0	1	0	1	0	0	0	1	0	0	0	0	0	0	0	0	0	2	1	0	0	0	0	0	0	0	0	0	0	0	0	0	1	0	0	0	0	0	0	0	0	0	0	0	0	0	0	0
198	206	156	54	26	3	6	4	22	54	53	5	75	39	13	23	44	17	11	2	1	1	2	4	4	0	2	16	7	2	1	5	0	1	0	3	5	2	2	0	19	1	2	2	1	3	5	2	0	1	3	0	0	0	1	0	7	0	2	1	4	1	0	0	5	0	0	0	1	0	1	1	1	1	0	0	0	3	0	1	0	2	0	0	0	0	0	2	0	2	1	0	1	1	2	2	0	0	0	0	1	0	0	0	0	0	0	0	1	0	0	0	0	0	1	0	1	0	0	0	0	0	2	0	0	1	0	0	0	0	0	0	0	0	0	0	0	0	0	0	0	0	0	0	0	0	0	0	0	0	0	0
473	512	366	143	57	10	19	13	47	127	112	24	181	122	26	80	132	25	21	1	7	7	0	16	11	5	2	32	8	14	1	15	0	2	0	7	8	2	6	1	41	0	0	8	1	6	10	2	0	6	8	0	1	0	1	1	19	4	4	0	13	3	0	1	6	2	0	0	3	0	3	1	1	5	1	0	0	4	0	1	0	5	2	0	0	0	2	2	0	2	3	4	3	0	3	2	0	2	0	0	2	2	2	0	0	2	0	0	1	0	2	2	0	0	2	0	0	0	0	0	0	2	2	0	1	0	0	0	0	1	0	3	0	0	2	1	2	0	0	1	1	0	0	1	1	0	1	1	0	0	1	0
136	149	120	32	25	4	8	6	12	27	34	8	58	43	8	22	37	7	6	1	0	0	0	4	4	0	2	4	2	3	1	5	2	2	0	3	1	1	0	0	12	0	2	2	0	0	3	1	0	1	2	0	0	0	1	0	6	0	5	1	7	0	0	0	1	1	1	0	2	0	0	0	0	0	0	0	0	2	0	0	0	0	0	0	0	0	4	0	1	2	0	0	0	2	1	0	0	1	0	0	0	0	0	0	0	1	2	1	0	1	0	0	0	0	0	0	0	0	0	0	0	1	0	0	0	0	0	0	0	0	0	0	1	0	0	1	0	0	0	0	1	0	0	0	0	0	0	0	0	0	0	1
108	94	62	26	12	4	3	4	13	21	18	3	24	24	10	19	23	11	8	0	1	2	1	1	2	3	1	11	1	2	1	3	1	0	0	1	0	1	3	1	11	0	0	1	0	2	3	1	0	0	0	0	0	0	1	0	2	1	0	0	1	1	0	0	0	2	0	0	0	0	1	0	0	1	0	0	0	1	0	0	0	2	0	0	0	0	0	0	0	0	1	0	0	0	0	0	0	0	0	0	0	0	0	0	0	0	0	0	0	0	0	0	0	0	1	0	0	0	0	0	0	1	0	0	0	0	0	0	0	0	0	0	0	0	0	0	0	0	0	0	0	0	0	0	0	0	0	0	0	0	0	0
28	35	23	10	5	2	1	2	4	5	10	3	12	6	2	7	9	3	2	0	0	0	0	0	1	0	1	2	1	0	0	0	0	0	0	0	0	0	0	0	2	0	0	1	0	1	4	0	0	0	0	0	0	0	0	0	0	0	0	0	0	0	0	0	0	0	0	0	1	0	1	0	0	1	0	0	0	0	0	0	0	0	0	0	0	0	0	0	0	0	0	0	1	0	0	0	0	0	0	1	0	0	0	0	0	0	0	0	0	0	0	0	0	0	0	0	0	0	0	0	0	0	0	0	1	0	0	0	0	0	0	0	0	0	0	0	0	0	0	0	0	0	0	0	0	0	0	0	0	0	0	0
22	22	15	7	0	0	3	0	3	5	9	0	3	3	0	2	6	1	0	0	0	0	0	0	1	0	1	1	0	0	0	0	0	0	0	0	0	0	1	0	2	0	0	3	1	0	1	0	0	2	0	0	0	0	0	0	0	0	1	1	1	0	0	0	1	0	0	0	0	0	0	0	1	0	0	0	0	0	0	0	0	0	0	0	0	0	0	0	0	0	0	0	0	0	0	1	0	0	0	0	0	0	0	0	0	0	0	0	0	0	0	0	0	0	0	0	0	0	0	0	0	0	0	0	0	0	0	0	0	0	0	0	0	0	0	0	1	0	0	0	0	0	0	0	0	0	0	0	0	0	0	0
18	12	17	5	4	1	1	0	0	3	3	0	4	4	0	0	4	4	0	0	0	1	0	0	0	0	0	0	1	0	0	0	0	0	0	0	0	0	0	0	1	0	0	0	0	0	0	0	0	0	0	0	0	0	0	0	0	0	1	0	1	0	0	1	0	0	0	0	0	0	0	0	0	1	0	0	0	0	0	0	1	0	0	0	0	0	0	0	0	0	0	0	0	0	0	0	0	0	0	0	0	0	0	0	0	0	0	0	0	0	0	0	0	0	0	0	0	0	0	0	0	0	0	0	0	0	0	0	0	0	0	0	1	0	0	0	0	0	0	0	0	0	0	0	0	0	0	0	0	0	0	0
127	111	108	25	16	4	8	6	15	35	27	6	54	34	9	21	33	9	5	0	1	1	0	5	4	1	1	13	2	1	0	6	0	1	0	1	0	0	0	1	11	0	0	3	0	0	1	1	0	2	1	0	1	0	1	0	3	0	2	0	5	0	0	1	1	2	0	0	0	1	0	1	0	2	0	0	0	2	0	0	0	0	0	0	0	0	0	0	0	1	0	1	0	1	0	1	0	0	0	0	0	0	1	0	0	1	0	0	0	0	0	0	0	0	0	0	0	0	0	0	0	0	0	0	1	0	0	0	0	0	1	1	0	0	0	0	0	0	0	0	1	0	0	0	0	0	0	0	0	0	0	0
91	70	47	17	6	0	4	2	8	17	20	2	32	17	6	8	19	2	1	1	1	1	0	0	3	1	1	5	0	2	0	2	0	0	0	2	2	0	1	0	7	0	0	2	0	0	1	0	0	2	0	0	0	0	1	0	2	0	0	0	1	0	0	0	1	0	0	0	0	0	0	0	0	2	0	0	0	2	0	0	0	1	0	0	0	0	0	0	0	0	0	0	0	1	0	0	0	0	1	0	0	0	0	0	0	0	0	0	0	0	0	0	0	0	0	0	0	0	0	0	0	1	1	0	0	0	0	0	0	0	0	1	0	0	0	0	0	0	0	1	0	0	0	0	0	0	0	0	0	0	0	0
25	20	9	2	3	1	1	0	3	5	5	0	12	5	3	0	5	3	2	1	0	1	0	2	1	0	0	3	0	1	0	0	0	0	1	0	0	1	0	0	4	0	0	0	0	0	0	0	0	0	0	0	0	0	0	0	1	0	0	0	0	1	0	0	0	0	0	0	0	0	0	0	0	0	0	0	0	0	0	0	0	2	0	0	0	0	0	0	0	0	0	0	0	0	1	0	0	0	0	0	0	0	0	0	0	0	0	0	0	0	0	0	0	0	0	0	0	0	0	0	0	0	0	0	0	0	0	0	0	0	0	0	0	0	0	0	0	0	0	0	0	0	0	0	0	0	0	0	0	0	0	0
27	33	16	8	1	1	1	0	3	7	11	0	16	6	3	0	8	0	2	0	0	0	0	2	0	1	0	2	1	0	0	0	1	1	0	2	0	0	0	0	1	0	0	0	0	0	0	1	0	3	0	0	0	0	0	0	2	0	0	0	1	0	0	0	0	0	0	0	0	0	1	0	0	0	0	0	0	0	0	0	0	1	0	0	0	0	0	0	0	0	1	1	0	0	1	0	0	0	0	0	0	0	0	0	0	0	0	0	0	0	0	0	0	0	0	1	0	0	0	0	0	0	1	0	0	0	0	0	0	0	0	0	0	0	0	0	0	0	0	0	0	0	0	0	0	0	0	0	0	0	0	0
10	6	8	4	0	0	0	0	0	2	1	0	1	1	0	2	1	0	0	0	0	0	0	1	0	0	0	2	0	0	1	0	0	0	0	0	0	0	0	0	0	0	0	0	0	0	0	0	0	1	0	0	0	0	0	0	0	0	0	0	0	0	0	0	0	0	0	0	0	0	0	0	0	0	0	0	0	0	0	0	0	0	0	0	0	0	0	1	0	0	0	0	0	0	0	0	0	0	0	0	0	0	0	0	0	0	0	0	0	0	0	0	0	0	0	0	0	0	0	0	0	0	0	0	0	0	0	0	0	0	0	0	0	0	0	0	0	0	0	0	0	0	0	0	0	0	0	0	0	0	0	0
40	38	25	13	8	0	1	1	4	8	8	1	18	8	1	2	10	1	1	0	0	2	0	1	0	1	0	1	2	0	0	2	0	0	0	1	1	0	1	0	3	0	0	0	2	1	1	0	0	1	0	0	0	0	0	0	0	0	0	0	1	0	0	0	0	0	0	0	0	0	0	0	0	0	0	0	0	2	0	1	0	0	0	0	0	0	0	1	0	0	0	0	0	0	0	0	0	0	0	0	0	0	0	0	0	0	0	0	0	0	0	0	0	0	0	0	0	0	0	0	0	0	0	0	0	0	0	0	0	0	0	0	0	0	0	0	0	0	0	0	0	0	0	0	0	0	1	0	0	0	0	0
17	16	8	2	3	0	1	0	1	3	8	0	3	4	2	4	1	0	0	0	0	1	0	1	0	0	0	2	2	0	0	0	0	1	0	0	0	0	0	0	2	0	0	0	0	1	0	0	0	0	0	0	0	0	0	0	0	0	0	0	2	0	0	0	0	0	0	0	0	0	0	0	0	0	0	0	0	0	0	0	0	0	0	0	0	0	0	0	0	0	0	0	0	1	0	0	0	0	0	0	0	0	0	0	0	0	0	0	0	0	0	0	0	0	0	1	0	0	0	0	0	0	0	0	0	0	0	0	0	0	0	0	0	0	0	0	0	0	0	0	0	0	0	0	0	0	0	0	0	0	0	0
29	40	34	9	5	3	1	2	5	17	9	4	22	15	2	7	9	2	2	0	0	0	0	0	1	0	0	5	0	1	0	1	2	0	0	0	1	0	0	1	4	0	0	1	0	1	2	1	0	0	0	0	0	0	0	0	2	0	0	0	3	0	0	0	1	0	0	0	0	0	1	0	0	1	0	0	1	1	0	0	0	0	0	0	0	0	0	1	0	0	0	0	0	0	0	0	0	0	1	1	0	0	0	0	0	1	0	0	0	0	0	0	0	0	0	0	0	0	0	0	0	0	0	0	0	0	0	0	0	0	0	0	0	0	0	0	0	0	0	0	1	0	0	0	0	0	0	0	0	0	0	0
29	48	37	15	5	2	5	1	2	9	9	1	15	12	1	12	8	1	4	0	0	1	0	0	1	0	0	4	0	0	0	1	0	0	0	1	0	0	0	0	3	0	2	0	0	0	3	0	0	0	1	0	1	0	0	0	2	0	1	0	0	0	0	0	0	1	0	0	0	0	0	0	0	0	0	0	0	0	0	0	0	0	0	0	0	0	0	0	0	0	1	0	0	0	0	0	0	0	0	1	0	0	0	0	0	0	0	0	0	0	0	0	0	0	0	0	0	0	0	0	0	0	0	0	0	1	0	0	0	0	0	0	0	0	0	0	0	0	0	0	0	0	0	1	0	0	0	0	0	0	0	0
0	3	1	0	2	0	0	0	1	0	0	0	0	0	0	0	0	0	0	0	0	0	0	0	0	0	0	0	0	0	0	0	0	0	0	0	0	0	0	0	0	0	0	0	0	0	0	0	0	0	0	0	0	0	0	0	0	0	0	0	0	0	0	0	0	0	0	0	0	0	0	0	0	0	0	0	0	0	0	0	0	0	0	0	0	0	0	0	0	0	0	0	0	0	0	0	0	0	0	0	0	0	0	0	0	0	0	0	0	0	0	0	0	0	0	0	0	0	0	0	0	0	0	0	0	0	0	0	0	0	0	0	0	0	0	0	0	0	0	0	0	0	0	0	0	0	0	0	0	0	0	0
4	12	4	5	0	0	0	0	0	2	0	1	0	2	1	2	8	0	2	0	0	0	0	1	0	0	0	0	0	0	0	0	0	1	0	0	0	0	0	0	2	0	0	0	0	0	1	0	0	0	0	0	0	0	0	0	0	1	0	0	0	0	0	0	0	0	0	0	0	0	0	0	0	0	0	0	0	0	0	0	0	0	0	0	0	0	0	0	0	0	0	0	0	0	0	0	0	0	0	0	0	0	0	0	0	0	0	1	0	0	0	0	0	0	0	0	0	0	0	0	0	1	0	0	0	0	0	0	0	0	0	0	0	0	0	0	0	0	0	0	0	0	0	0	0	0	0	0	0	0	0	0
77	82	54	22	7	4	4	1	6	26	26	2	35	19	5	13	27	7	1	0	1	4	0	5	3	0	0	6	1	1	0	4	0	0	0	2	0	0	1	0	9	1	1	0	0	1	2	4	0	1	0	0	0	0	0	0	3	0	3	1	2	1	0	0	2	1	0	0	0	0	3	1	0	1	0	0	0	0	0	0	1	0	0	0	0	0	0	0	0	0	1	0	0	1	0	0	0	0	0	0	1	0	0	0	0	1	0	0	0	0	0	1	0	0	1	0	0	0	0	0	0	0	0	0	1	1	0	0	0	0	0	0	0	0	0	0	0	0	0	0	0	0	0	1	1	0	0	0	0	0	0	0
3	8	2	1	0	0	0	0	1	3	4	1	4	0	0	1	0	2	0	0	0	0	0	0	0	0	0	0	0	0	0	0	0	0	0	0	0	0	0	0	0	0	0	0	0	0	0	0	0	0	0	0	0	0	0	0	1	0	0	0	0	0	0	0	0	0	0	0	0	0	0	0	0	1	0	0	0	0	0	0	0	1	0	0	0	0	0	0	0	0	0	0	0	0	0	0	0	0	0	0	0	0	0	0	0	0	0	0	0	0	0	0	0	0	0	0	0	0	0	0	0	0	0	0	0	0	0	0	0	0	0	0	0	0	0	0	0	1	0	0	0	0	0	0	0	0	0	0	0	0	0	0
54	72	45	17	5	1	3	1	4	14	11	4	24	17	3	8	21	4	0	1	0	1	0	1	1	0	0	4	0	0	0	2	0	0	0	0	0	0	0	1	5	1	0	0	0	0	2	2	0	0	1	0	0	0	0	0	0	1	2	0	1	0	0	0	1	0	0	0	0	0	1	0	0	0	0	0	0	0	0	0	0	1	0	0	0	1	0	0	0	0	0	0	1	0	0	1	0	0	0	0	1	0	0	0	0	0	0	0	0	0	0	0	0	0	0	0	0	0	0	0	0	0	1	0	0	0	0	0	0	0	0	1	0	0	0	0	0	0	0	0	0	0	0	0	0	0	0	0	0	0	0	0
45	30	15	11	2	1	1	2	4	12	8	1	16	6	0	2	9	2	2	0	0	1	0	1	1	1	0	0	0	1	1	1	0	1	0	0	1	0	0	0	1	0	0	1	0	0	0	0	0	1	1	0	0	0	0	0	0	0	0	0	1	0	0	0	0	0	0	0	0	0	0	0	0	3	0	0	0	0	0	0	0	0	0	0	0	0	0	0	0	0	0	0	0	0	0	0	0	0	0	0	0	0	0	0	0	0	0	0	0	0	0	0	0	1	0	0	0	0	0	0	0	0	1	0	0	0	0	0	0	0	0	0	0	0	0	0	0	0	0	0	0	0	0	0	0	0	0	0	0	0	0	0
36	52	25	8	8	1	0	2	9	19	9	3	16	10	6	6	13	4	3	0	0	0	0	2	1	0	0	8	1	1	0	0	0	2	0	1	1	0	1	0	3	0	0	0	0	1	3	0	0	0	1	0	0	0	0	0	1	0	0	1	0	0	0	0	0	0	0	0	1	0	0	0	0	0	0	0	0	0	0	0	0	0	0	0	0	0	0	0	0	0	1	0	0	0	0	0	0	0	0	0	0	0	0	0	0	1	0	0	0	0	0	0	0	0	0	0	0	0	0	0	0	0	0	0	0	0	0	0	0	0	0	0	0	1	0	0	0	0	0	0	0	0	0	0	0	0	0	0	0	0	0	0
6	7	7	2	0	0	0	0	1	0	5	1	2	0	0	1	0	1	1	0	0	0	0	0	0	0	0	1	0	0	0	0	0	0	0	0	0	0	0	0	0	0	0	0	0	0	1	0	0	0	0	0	0	0	0	0	0	0	0	0	0	0	0	0	0	0	0	0	0	0	0	0	0	0	0	0	0	1	0	0	0	0	0	0	0	0	0	0	0	0	0	0	0	0	1	0	0	0	0	0	0	0	0	0	0	0	0	0	0	0	0	0	0	0	0	0	0	0	0	0	0	0	0	0	0	0	0	0	0	0	0	0	0	0	0	0	0	0	0	0	0	0	0	0	0	0	0	0	0	0	0	0
27	36	18	9	6	2	5	1	5	7	4	0	12	5	1	5	12	2	1	0	0	2	0	3	2	0	0	2	0	0	0	0	0	0	0	1	0	0	0	0	4	0	1	2	0	0	0	2	0	3	0	0	0	0	0	0	0	0	0	0	2	0	0	0	0	1	0	0	0	0	0	0	0	1	0	0	0	0	0	0	1	0	1	0	0	0	0	0	0	0	1	0	0	0	0	0	0	0	0	0	0	0	0	1	0	1	0	0	0	0	0	0	0	0	0	0	0	0	0	0	0	1	0	0	0	0	0	0	0	0	1	0	0	0	0	0	0	0	0	0	0	0	0	0	0	0	0	0	0	0	0	0
99	105	76	24	9	3	10	4	10	22	28	3	39	33	3	27	35	8	6	1	0	1	0	4	1	1	1	7	4	0	1	3	0	1	0	1	4	0	3	1	9	0	0	3	2	0	4	0	0	1	2	0	0	0	1	0	5	0	2	0	2	0	0	0	4	0	0	0	1	0	0	1	0	3	0	0	0	1	0	0	0	2	0	0	0	0	0	0	0	2	0	0	0	0	0	2	0	0	0	0	1	0	2	0	0	0	0	0	0	0	0	2	0	0	0	0	0	0	0	0	0	0	0	0	0	0	0	0	0	0	0	1	1	0	0	0	0	0	0	0	0	0	0	0	0	0	1	0	0	0	0	0
33	27	25	6	5	0	1	1	2	5	4	4	10	10	0	6	4	0	0	0	0	1	0	4	2	0	1	3	0	0	0	1	1	0	0	0	1	1	0	0	4	0	0	0	0	2	1	0	1	0	1	0	0	0	0	0	0	0	0	0	1	0	0	0	0	0	0	0	0	0	1	0	0	0	0	0	0	0	0	0	0	0	0	0	0	0	0	0	0	0	0	0	1	0	0	0	0	0	0	0	0	0	0	0	0	0	0	0	0	0	0	0	0	0	0	0	0	0	0	0	0	0	0	0	0	1	0	0	0	0	0	0	0	0	0	0	0	0	0	0	0	0	0	0	0	0	0	0	0	0	0	0
44	65	51	12	8	1	3	0	10	15	8	4	20	7	3	7	13	3	3	1	0	1	0	0	1	0	0	9	2	0	0	4	0	0	0	3	2	0	0	0	8	0	0	1	0	1	5	0	0	0	0	0	1	0	0	0	0	0	0	1	2	0	0	0	0	0	0	0	1	0	2	0	0	0	0	0	0	1	0	0	0	0	0	0	0	0	0	1	0	1	2	0	1	0	1	0	0	1	0	0	0	0	0	0	0	0	0	0	0	0	0	0	0	0	0	0	0	0	0	0	0	0	0	0	0	0	0	0	0	0	0	1	0	0	0	0	0	0	0	0	0	0	0	0	0	0	0	0	0	0	0	0
17	18	12	3	6	0	1	3	3	3	5	1	2	3	1	1	3	1	2	0	0	0	0	0	1	0	0	1	0	0	0	2	0	0	0	1	0	0	0	0	2	0	0	0	0	0	1	0	0	1	0	0	0	0	0	0	0	0	0	0	1	0	0	0	0	0	0	0	0	0	0	0	0	1	0	0	0	0	0	0	0	0	0	0	0	0	0	0	0	0	0	0	0	0	0	0	0	0	0	0	0	0	0	0	0	0	0	0	0	0	0	0	0	0	0	0	0	0	0	0	0	0	0	0	0	0	0	0	0	0	0	0	0	0	0	0	0	0	0	0	0	0	0	0	0	0	0	0	0	0	0	0
19	16	10	4	2	2	0	1	4	2	3	1	9	5	3	2	5	0	1	0	0	1	0	1	1	1	0	2	1	0	0	0	0	0	0	2	0	0	0	0	0	0	0	0	0	0	0	0	0	0	0	0	0	0	0	0	0	0	0	0	0	0	0	0	1	1	0	0	0	0	0	0	0	1	0	0	0	1	0	0	0	1	0	0	0	0	0	0	0	0	1	0	0	0	0	0	0	0	0	0	0	0	1	0	0	0	1	0	0	0	0	0	0	0	0	0	0	0	0	0	0	0	0	0	0	0	0	0	0	0	0	0	0	0	0	0	0	0	0	0	0	0	0	0	0	0	0	0	0	0	0	0
29	30	11	4	3	1	1	0	7	12	8	3	11	2	1	3	10	2	2	0	0	2	0	1	0	0	0	1	1	2	1	1	0	0	0	1	1	0	0	0	1	0	0	0	0	2	0	0	0	1	0	0	0	0	0	0	2	0	0	0	0	0	0	0	0	0	0	0	0	0	0	0	0	0	0	0	0	0	0	0	0	0	0	0	0	0	0	1	0	0	0	1	0	0	0	0	0	0	0	0	0	0	0	0	0	2	0	0	0	0	0	0	0	0	1	0	0	0	0	0	0	0	0	0	0	0	0	0	0	0	1	0	0	0	0	0	0	0	0	0	0	0	0	0	0	0	0	0	0	0	0	0
30	27	22	7	0	0	1	0	6	9	6	0	9	6	0	1	10	0	2	0	1	0	0	1	0	0	0	2	0	0	0	0	0	0	0	0	0	0	0	1	0	0	0	0	0	0	1	0	0	0	0	0	0	0	0	0	3	0	0	0	0	0	0	0	0	0	0	0	0	0	0	0	0	0	0	0	0	0	0	0	0	0	0	0	0	0	1	0	0	0	0	0	0	0	0	0	0	0	0	0	0	1	0	0	0	0	0	0	0	0	1	0	0	0	0	0	0	0	0	0	0	1	0	0	0	0	0	0	0	0	0	0	0	0	0	0	0	0	0	0	0	0	0	0	0	0	0	0	0	0	0	0
13	22	9	1	4	0	1	1	3	5	5	1	6	4	1	1	3	2	1	0	0	0	0	0	0	0	0	0	2	0	0	1	0	0	0	0	1	0	0	0	0	0	0	0	0	0	0	0	0	0	0	0	0	0	0	0	2	0	0	0	1	0	0	0	0	0	0	0	0	0	0	0	0	0	0	0	0	0	0	0	0	0	0	0	0	0	0	0	0	0	0	0	0	1	0	0	0	0	0	0	1	0	0	0	0	0	0	0	0	0	0	0	0	0	0	0	0	0	0	0	0	0	0	0	0	0	0	0	0	0	0	0	0	0	0	0	1	0	0	0	0	0	0	0	0	0	0	0	0	0	0	0
11	20	11	3	3	0	1	0	1	4	2	0	5	4	0	3	3	1	1	0	0	0	0	1	0	0	0	1	0	0	0	0	0	0	0	1	0	0	0	0	1	0	0	1	0	0	0	0	0	1	0	0	0	0	0	0	0	0	0	0	0	0	0	0	0	0	0	0	1	0	0	0	0	0	0	0	0	0	0	0	0	0	0	0	0	0	0	0	0	0	0	0	0	0	0	0	0	1	0	0	0	0	0	0	0	0	0	0	0	0	0	0	0	0	0	0	0	0	0	0	0	0	0	0	0	0	0	0	0	0	0	0	0	0	0	0	0	0	0	0	0	0	0	0	0	0	0	0	0	0	0	0
5	9	2	4	0	0	0	0	0	2	1	0	2	0	0	1	0	0	0	0	0	0	0	0	0	0	0	1	0	1	0	1	0	1	0	0	0	0	0	0	1	0	0	0	0	0	0	0	0	0	0	0	0	0	0	0	0	0	0	0	0	0	0	0	0	0	0	0	0	0	0	0	0	0	0	0	0	0	0	0	0	0	0	0	0	0	0	0	0	0	0	0	0	0	0	0	0	0	0	0	0	0	0	0	0	0	0	0	0	0	0	0	0	0	0	0	0	0	0	0	0	0	1	0	0	0	0	0	0	0	0	0	0	0	0	0	0	0	0	1	0	0	0	0	0	0	0	0	0	0	0	0
13	25	12	6	3	0	2	0	0	5	3	2	9	6	1	4	2	0	0	0	0	1	0	2	0	0	0	1	0	1	0	1	0	0	0	0	0	1	0	0	1	0	0	0	0	0	0	0	0	0	0	0	0	0	0	0	1	0	0	0	0	0	0	0	0	0	0	0	0	0	0	0	0	0	0	0	0	0	0	0	0	0	0	0	0	0	0	0	0	1	0	0	0	0	0	0	0	0	0	0	0	0	0	0	0	0	0	0	0	0	0	0	0	0	0	0	0	0	0	0	0	0	0	0	0	0	0	0	0	0	0	0	0	0	0	0	1	0	0	0	0	0	0	0	0	0	0	0	0	0	0	0
3	0	1	2	0	0	0	0	0	2	0	0	1	0	0	1	0	0	0	0	0	0	0	0	0	0	0	0	0	0	0	0	0	0	0	0	0	0	0	0	0	0	0	0	0	0	1	0	0	0	0	0	0	0	0	0	0	0	0	0	0	0	0	0	0	0	0	0	0	0	0	0	0	0	0	0	0	0	0	0	0	0	0	0	0	0	0	0	0	0	0	0	0	0	0	0	0	0	0	0	0	0	0	0	0	0	0	0	0	0	0	1	0	0	0	0	0	0	0	1	0	0	0	0	0	0	0	0	0	0	0	0	0	0	0	0	0	0	0	0	0	0	0	0	0	0	0	0	0	0	0	0
34	34	24	8	2	1	1	1	3	7	6	0	11	2	1	4	14	2	1	1	0	1	0	0	1	0	1	2	1	0	1	0	0	1	0	0	0	0	0	0	1	0	0	0	0	0	1	0	0	0	1	0	0	0	0	0	1	0	0	0	1	0	0	0	0	0	0	0	0	0	0	0	0	0	0	0	0	0	0	0	0	0	0	0	0	0	0	1	0	2	0	0	0	0	0	0	0	0	0	0	0	0	0	0	0	0	0	0	0	0	0	0	0	0	0	0	0	0	0	0	0	0	1	0	0	0	0	0	0	0	0	0	0	0	0	0	0	0	0	0	0	0	0	0	0	0	0	0	0	0	0	0
38	46	38	15	9	0	4	2	3	10	8	3	13	13	2	6	10	0	3	0	0	2	0	1	1	0	0	1	1	1	0	5	1	1	0	0	1	0	0	0	4	0	0	0	1	0	3	1	0	0	1	0	0	0	1	0	1	0	0	1	1	1	0	0	1	0	0	0	0	0	0	0	0	1	0	0	0	0	0	0	0	2	0	0	0	0	1	0	0	0	0	0	0	0	0	0	0	0	0	0	0	0	0	0	0	1	0	0	0	0	0	0	0	0	0	0	0	0	0	0	0	0	0	0	0	1	0	0	0	0	0	2	0	0	0	1	0	0	0	0	0	0	0	0	0	0	0	0	0	0	0	0
21	14	12	8	1	0	0	1	3	1	3	0	8	5	0	2	4	0	2	0	0	0	0	2	0	1	0	0	1	0	0	0	0	0	0	0	0	0	1	0	2	0	1	0	0	2	0	0	0	0	1	0	0	0	0	0	0	0	0	0	1	0	0	0	0	1	0	0	0	0	0	0	0	0	0	0	0	0	0	0	0	1	0	0	0	0	0	0	0	0	0	1	0	0	0	0	0	0	0	0	0	0	0	0	0	0	0	0	0	0	0	0	0	0	0	0	0	0	0	0	0	0	0	0	0	0	0	0	0	0	0	0	0	0	0	0	0	0	0	0	0	0	0	0	0	0	0	0	0	0	0	0
11	6	5	2	1	0	0	0	0	0	3	1	2	3	1	2	2	0	0	0	0	0	0	0	1	0	0	0	0	0	0	1	1	0	0	0	0	0	0	0	0	0	0	0	0	0	0	0	0	1	0	0	0	0	0	0	0	0	0	0	0	0	0	0	0	0	0	0	0	0	0	0	0	0	0	0	0	0	0	0	0	0	0	0	0	0	0	0	0	0	0	0	0	0	0	0	0	0	0	0	0	0	0	0	0	0	0	0	0	0	0	0	0	1	0	0	0	0	0	0	0	0	0	0	0	0	0	0	0	0	0	0	0	0	0	0	0	0	0	0	0	0	0	0	0	0	0	0	0	0	0	0
40	50	27	5	2	1	2	1	2	12	13	2	15	14	0	8	11	5	1	0	0	1	0	0	1	0	0	4	0	0	0	0	2	0	0	1	1	0	1	0	2	0	0	0	0	0	1	0	0	0	1	0	1	0	0	0	1	0	1	0	0	0	0	0	1	0	0	0	0	1	0	0	0	1	0	0	0	0	0	0	0	0	0	0	0	0	0	0	0	0	1	1	0	0	0	0	0	0	0	1	0	0	0	0	0	0	0	0	0	0	0	0	0	0	0	0	0	0	0	0	0	0	0	0	0	0	0	0	0	0	0	0	0	0	1	0	0	0	0	0	0	0	0	0	0	0	0	0	0	0	0	0
17	26	17	3	2	1	0	1	1	5	4	2	5	3	4	4	5	1	1	0	0	1	0	0	0	0	0	1	0	0	0	2	0	0	0	0	0	0	0	0	0	0	0	1	0	0	2	0	0	1	0	0	0	0	0	0	0	0	0	0	0	0	0	0	0	0	0	0	0	0	0	0	0	0	0	0	0	0	0	0	0	0	0	0	0	0	0	0	0	0	0	0	0	0	0	1	0	0	0	1	0	0	0	0	0	0	0	0	0	0	0	0	1	0	0	0	0	0	0	0	0	0	0	0	0	1	0	0	0	0	0	0	0	0	0	0	0	0	0	0	0	0	0	0	0	0	0	0	0	0	0	0
11	21	6	7	1	0	0	1	5	3	9	0	10	6	0	4	3	0	1	0	0	0	0	0	0	1	0	1	0	0	0	3	0	0	0	0	1	0	0	0	4	0	0	1	0	0	1	0	0	0	0	0	0	0	0	0	0	0	0	0	0	0	0	0	1	0	0	0	0	0	0	0	0	0	0	0	0	1	0	0	1	0	1	0	0	0	0	0	0	0	0	0	0	0	0	0	0	0	0	0	0	0	0	0	0	0	0	0	0	0	0	0	0	0	1	0	0	0	0	0	0	0	1	0	0	0	0	0	0	0	0	0	0	0	0	0	0	0	0	0	0	0	0	0	0	0	0	1	0	0	0	0
29	36	26	11	3	1	1	0	2	9	6	0	13	4	1	3	8	0	1	0	0	2	0	3	1	1	0	1	2	0	0	0	0	0	0	1	0	0	0	1	3	0	0	0	0	3	0	0	0	0	0	0	0	0	0	0	0	0	0	0	0	0	0	0	0	0	0	0	0	0	0	0	0	0	0	0	0	0	0	0	0	0	0	0	0	0	0	0	0	0	0	0	0	0	0	1	0	0	0	0	0	0	0	0	0	0	0	0	0	0	0	0	0	0	0	1	0	0	0	0	0	0	0	0	0	1	0	0	0	0	0	0	1	0	0	0	0	1	0	0	0	0	0	0	0	0	0	0	0	0	0	0
19	19	18	2	2	0	0	0	0	4	1	0	15	3	4	1	5	3	0	0	0	0	0	2	1	1	1	2	0	0	0	1	0	0	0	0	0	1	0	0	4	0	0	1	0	0	0	0	0	0	0	0	0	0	0	0	0	0	0	0	0	0	0	0	0	0	0	0	0	0	0	0	0	0	0	0	0	0	0	0	0	0	0	0	0	0	0	0	0	0	0	0	0	0	0	1	0	0	0	0	0	0	0	0	0	0	0	0	0	1	0	0	0	0	0	0	0	0	0	0	0	0	0	0	0	0	0	0	0	0	0	0	0	0	0	0	0	0	0	0	0	0	0	0	0	0	0	0	0	0	0	0
16	18	21	8	2	2	1	1	2	5	7	3	15	9	2	4	5	1	4	0	0	0	0	0	0	0	0	2	1	0	0	0	0	1	0	0	0	0	0	0	1	0	0	0	0	0	1	0	0	0	0	0	0	0	0	0	0	0	0	1	0	0	0	0	0	0	0	0	0	0	0	0	0	0	0	0	0	0	0	0	0	0	0	0	0	0	0	0	0	0	0	0	0	0	0	0	0	0	0	0	0	0	0	0	0	0	0	0	0	0	0	1	0	1	0	0	0	0	0	0	0	0	0	0	0	0	0	0	0	0	0	0	0	0	0	1	0	0	0	1	0	0	0	0	0	0	0	0	0	0	0	0
18	14	12	5	3	1	1	1	2	3	2	0	8	6	2	2	8	1	0	0	1	0	0	1	0	0	0	1	0	0	0	0	0	0	0	0	0	0	1	0	3	0	0	0	0	1	1	0	0	1	0	0	0	0	0	0	1	0	0	0	1	0	0	0	0	0	0	0	0	0	1	0	0	1	1	0	0	0	0	0	0	0	0	0	0	0	0	0	0	0	0	0	0	0	0	0	0	0	0	0	0	0	0	0	0	0	0	0	0	0	0	0	0	0	0	0	0	0	0	0	0	1	0	0	0	0	0	0	0	0	0	0	0	0	0	0	0	0	0	0	0	0	0	0	0	0	0	0	0	0	0	0
42	40	44	7	2	0	1	1	7	9	12	2	15	13	3	4	7	1	3	1	1	1	0	1	1	1	0	3	1	1	0	0	0	0	0	0	0	1	1	0	5	1	1	0	0	1	0	0	0	1	0	0	0	0	0	0	1	0	0	0	2	0	0	1	0	0	0	0	0	0	0	0	0	2	0	0	0	0	0	0	0	0	0	0	0	0	0	0	0	1	0	1	0	0	0	0	0	1	0	1	0	0	0	0	0	0	0	0	0	0	0	0	1	0	1	0	0	0	0	0	0	0	0	0	0	0	0	0	0	0	0	0	1	0	0	0	0	0	0	0	0	0	0	0	1	0	0	0	0	0	0	0
16	15	15	3	2	0	0	0	0	2	2	0	11	0	2	2	6	0	1	0	0	1	0	0	0	0	0	1	0	0	0	3	0	1	0	1	0	0	0	0	1	0	0	0	0	0	1	1	0	1	0	0	0	0	1	0	0	0	1	0	0	0	0	0	0	0	0	0	0	0	0	0	0	2	0	0	0	0	0	0	0	0	0	0	0	0	0	0	0	0	0	0	0	0	0	0	0	0	0	0	0	0	0	0	1	0	0	0	0	0	0	0	0	0	0	0	0	0	0	0	0	0	0	0	0	0	0	0	0	0	0	0	0	0	0	0	0	0	0	0	0	0	0	0	0	0	0	0	0	0	0	0
37	38	29	15	1	1	1	1	4	8	6	3	12	9	1	6	6	3	1	1	0	1	0	3	0	0	0	2	0	0	0	1	0	0	0	0	0	0	1	0	4	0	0	0	0	1	2	2	0	0	0	0	0	0	1	0	1	0	0	0	1	0	0	0	1	0	0	0	1	0	0	1	0	0	0	0	0	2	0	0	0	1	1	0	0	0	0	1	0	1	0	0	0	0	0	0	0	1	0	0	0	0	0	0	0	0	0	0	0	0	0	0	0	0	0	0	0	0	0	0	0	0	0	0	0	0	0	0	0	0	0	0	0	0	0	0	0	0	0	0	0	0	0	0	0	0	0	0	0	0	0	0
11	6	11	5	2	0	0	0	0	6	2	0	2	1	0	1	1	0	0	0	0	1	0	1	1	0	0	0	0	0	0	0	0	0	0	0	0	0	0	1	0	0	0	0	0	0	1	0	0	0	0	0	0	0	0	0	0	0	0	0	0	0	0	0	0	0	0	0	0	0	0	0	0	0	0	0	0	1	0	0	0	0	0	0	0	0	0	0	0	0	1	0	0	0	0	0	0	0	0	0	0	0	0	0	0	0	0	0	0	0	0	0	0	0	0	0	0	0	0	0	0	0	0	0	0	0	0	0	0	0	0	0	0	0	0	0	0	0	0	0	0	0	0	0	0	0	0	0	0	0	0	0
14	13	8	3	1	0	1	1	2	3	6	1	7	2	2	0	3	0	0	0	1	0	0	0	0	0	0	2	2	0	0	0	0	0	0	0	0	0	0	0	2	0	0	1	0	2	1	0	0	0	0	0	0	0	0	0	1	0	0	0	1	0	0	0	0	0	0	0	0	0	1	0	0	1	0	0	0	0	0	0	0	0	0	0	0	0	0	0	0	0	0	0	0	0	0	0	0	0	0	0	0	0	0	0	0	0	0	0	0	0	0	0	0	0	0	0	0	0	0	0	0	0	0	0	0	0	0	0	0	0	0	0	0	0	0	0	0	0	0	0	0	0	0	0	0	0	0	0	0	0	0	0
35	33	26	8	6	0	1	2	5	5	12	0	11	11	2	6	7	3	2	0	1	0	0	1	0	0	0	1	0	0	0	1	0	0	0	1	2	0	1	1	2	0	1	0	0	0	0	1	0	1	0	0	0	0	1	0	0	0	2	0	1	0	0	0	1	0	0	0	0	0	0	0	0	1	0	0	0	0	0	0	0	0	1	0	0	0	0	0	0	1	0	1	0	0	0	1	0	0	0	0	0	0	0	0	0	0	0	0	0	0	0	0	0	0	0	0	0	0	0	0	0	0	0	0	0	0	0	0	0	0	0	0	0	0	0	0	0	0	0	0	0	0	0	0	0	0	0	0	0	0	0	0
35	32	20	6	5	2	1	2	1	8	13	0	9	13	1	4	10	2	0	0	0	0	0	0	1	1	0	1	1	0	0	0	0	1	0	0	2	0	0	0	2	0	0	3	0	0	0	0	0	0	0	0	0	0	0	0	1	0	0	0	0	0	0	0	0	0	1	0	1	0	2	0	0	0	0	0	0	0	0	0	0	0	0	0	0	0	0	0	0	0	0	0	0	1	0	2	0	0	0	0	0	0	0	0	0	1	0	0	0	0	0	0	0	0	0	0	0	0	0	0	0	1	0	0	0	0	0	0	0	0	0	1	0	0	0	0	0	0	0	0	0	0	0	0	0	0	0	0	0	0	0	0
18	14	7	0	1	1	0	0	3	4	3	1	3	0	0	3	3	0	0	0	1	0	0	0	0	1	0	1	0	0	0	0	0	0	0	0	0	0	0	0	0	0	0	0	0	1	1	1	0	0	0	0	0	0	0	0	0	0	0	0	0	1	0	0	0	0	0	0	0	0	0	0	0	0	0	0	0	1	0	0	0	0	0	0	0	0	2	0	0	0	0	0	0	0	0	0	0	0	0	0	0	0	0	0	0	0	0	0	0	0	0	0	0	0	0	0	0	0	0	0	0	0	0	0	0	0	0	0	0	0	0	0	0	0	0	0	1	0	0	0	0	0	0	0	0	0	0	0	0	0	0	0
20	17	7	6	1	0	2	1	1	2	4	1	6	1	2	1	8	1	0	0	1	0	0	1	0	0	0	2	0	0	0	0	0	1	0	0	1	0	1	0	1	0	0	0	0	0	1	0	0	0	0	0	0	0	0	0	0	0	1	0	1	0	0	0	0	0	0	0	0	0	0	0	0	0	0	0	0	1	0	0	0	0	0	0	0	0	0	0	0	0	0	0	0	0	0	1	0	0	0	0	0	0	0	0	1	0	0	0	0	0	0	0	0	0	0	0	0	0	0	0	0	0	0	0	0	0	0	0	0	0	0	0	0	0	0	0	0	0	0	0	0	0	0	0	0	0	0	0	0	0	0	0
19	32	17	10	4	1	0	0	2	5	7	0	13	6	1	5	9	2	0	0	1	0	0	2	0	1	0	2	0	0	0	2	0	0	0	2	0	0	0	0	0	0	1	0	0	0	2	0	0	0	0	0	0	0	0	0	1	0	0	0	0	0	0	0	0	0	0	0	0	0	0	0	0	1	0	0	0	0	0	0	0	0	1	0	0	0	1	0	0	0	0	0	2	0	0	1	0	0	0	0	0	0	0	0	0	0	0	0	0	0	0	0	0	0	0	0	0	0	0	0	0	0	0	0	0	0	0	0	0	0	0	0	0	0	0	0	0	0	0	0	0	0	0	0	0	0	0	0	0	0	0	0
11	5	5	1	2	1	0	0	1	1	3	1	2	3	2	2	1	1	0	0	0	0	0	0	0	1	0	0	0	1	1	0	0	0	0	0	0	0	0	0	1	0	0	0	0	0	0	0	0	0	0	0	0	0	0	0	0	0	0	0	0	0	0	0	0	0	0	0	0	0	0	0	0	0	0	0	0	0	0	0	0	0	0	0	0	0	0	0	0	0	0	0	0	0	0	0	0	0	0	0	0	0	0	0	0	0	0	0	0	0	0	0	0	0	0	0	0	0	0	0	0	0	0	0	0	0	0	0	0	0	0	0	0	0	0	0	0	0	0	0	0	0	0	0	0	0	0	0	0	0	0	0
7	11	7	2	0	0	0	2	0	3	3	0	1	0	0	1	1	0	0	0	0	0	0	0	0	0	0	0	0	0	0	0	0	0	0	0	0	0	0	0	0	0	0	0	0	0	0	0	0	0	0	0	0	0	0	0	0	0	0	0	1	0	0	0	0	0	0	0	0	0	0	0	0	0	0	0	0	0	0	0	0	0	0	0	0	0	0	0	0	0	0	0	0	0	0	0	0	0	0	0	0	0	0	0	0	0	1	0	0	0	0	0	0	0	0	0	0	0	0	0	0	0	0	0	0	0	0	0	0	0	0	0	0	0	0	0	0	0	0	0	0	0	0	0	0	0	0	0	0	0	0	0
19	14	10	4	1	0	1	0	2	5	4	0	7	3	1	3	7	0	1	0	0	1	0	0	1	0	0	2	0	0	1	0	0	0	0	0	0	2	0	0	1	0	0	0	0	1	0	1	0	0	0	0	0	0	0	0	0	0	0	0	2	0	0	0	0	0	0	0	0	0	1	0	0	0	1	0	0	0	0	0	0	0	0	0	0	0	0	0	0	0	1	0	0	0	0	0	0	0	0	0	0	0	0	0	0	0	0	0	0	0	0	0	0	0	0	0	0	0	0	0	0	0	0	2	0	0	0	0	0	0	0	0	0	0	0	0	0	0	0	0	0	0	0	0	0	0	0	0	0	0	0	0
23	21	14	4	3	1	1	2	4	2	5	3	9	5	3	3	3	2	0	0	0	0	0	0	0	0	0	1	1	0	0	0	0	0	0	1	0	0	1	0	0	0	0	1	0	0	0	0	0	0	1	0	0	0	0	0	1	0	0	0	1	0	0	0	1	0	0	0	0	0	1	0	0	0	0	0	0	0	0	0	0	0	0	0	0	0	0	0	0	0	0	0	0	0	0	0	0	0	0	0	0	0	0	0	0	0	0	0	0	0	0	0	1	0	0	0	0	0	0	0	0	0	1	0	0	0	0	0	0	0	0	0	0	0	0	0	0	0	0	0	0	0	0	0	0	0	0	0	0	0	0	0
1	0	2	0	0	0	0	0	0	1	0	0	0	0	0	0	0	0	0	0	0	0	0	0	0	0	0	0	0	0	0	0	0	0	0	0	0	0	0	0	0	0	0	0	0	0	0	0	0	0	0	0	0	0	0	0	0	0	0	0	0	0	0	0	0	0	0	0	0	0	0	0	0	0	0	0	0	0	0	0	0	0	0	0	0	0	0	0	0	0	0	0	0	0	0	0	0	0	0	0	0	0	0	0	0	0	0	0	0	0	0	0	0	0	0	0	0	0	0	0	0	0	0	0	0	0	0	0	0	0	0	0	0	0	0	0	0	0	0	0	0	0	0	0	0	0	0	0	0	0	0	0
0	1	0	0	0	0	0	0	0	1	0	0	1	0	0	0	0	0	0	0	0	0	0	0	0	0	0	0	0	0	0	0	0	0	0	0	0	0	0	0	0	0	0	0	0	0	0	0	0	0	0	0	0	0	0	0	0	0	0	0	0	0	0	0	0	0	0	0	0	0	0	0	0	0	0	0	0	0	0	0	0	0	0	0	0	0	0	0	0	0	0	0	0	0	0	0	0	0	0	0	0	0	0	0	0	0	0	0	0	0	0	0	0	0	0	0	0	0	0	0	0	0	0	0	0	0	0	0	0	0	0	0	0	0	0	0	0	0	0	0	0	0	0	0	0	0	0	0	0	0	0	0
14	25	17	5	2	1	0	0	2	3	1	2	1	5	1	0	2	0	0	0	1	0	0	0	0	0	0	1	0	0	0	1	0	0	0	0	0	0	1	0	2	0	0	0	0	0	0	0	0	0	0	0	0	0	0	0	0	0	0	0	1	1	0	0	0	0	0	0	0	0	0	0	0	0	0	0	0	0	0	0	0	0	0	0	0	0	0	0	0	0	0	0	0	0	0	0	0	0	0	0	0	0	0	0	0	0	0	0	0	0	0	0	0	0	0	0	0	0	0	0	0	0	0	0	0	0	0	0	0	0	0	0	0	0	1	0	0	0	0	0	0	0	0	0	0	0	0	0	0	0	0	0
11	18	8	4	1	0	1	0	0	3	2	1	6	2	2	1	5	0	0	0	0	0	0	0	0	0	0	0	0	0	0	0	0	0	0	2	0	0	0	0	2	0	0	0	0	0	0	0	0	0	0	0	0	0	0	0	1	0	0	0	0	0	0	0	0	0	0	0	0	0	0	0	0	1	0	0	0	0	0	0	0	0	0	0	0	0	1	0	0	0	0	0	0	0	1	0	0	0	0	0	0	0	0	0	0	1	0	0	0	0	0	0	0	0	0	0	0	0	0	0	0	0	0	0	0	0	0	0	0	0	0	0	0	0	0	0	0	0	0	0	0	0	0	0	0	0	0	0	0	0	0	0
17	8	10	2	1	1	0	1	2	4	5	1	4	2	2	1	1	3	0	0	0	0	0	1	0	0	0	1	0	0	0	1	0	0	1	0	0	0	0	0	1	0	0	0	0	1	0	0	0	0	0	0	0	0	0	0	0	0	0	0	0	0	0	0	0	0	0	0	0	0	0	0	0	0	0	0	0	0	0	0	0	0	0	0	0	0	0	0	0	0	0	0	0	0	0	0	0	0	0	0	1	0	0	0	0	0	0	0	0	0	0	0	0	0	0	0	0	0	0	0	0	1	0	0	0	0	0	0	0	0	0	0	0	0	0	1	0	0	0	0	0	0	0	0	0	0	0	0	0	0	0	0
13	14	16	3	3	0	1	0	1	6	3	0	4	2	0	3	2	1	0	0	0	0	0	0	0	0	0	2	2	1	0	1	0	0	0	1	1	0	0	0	0	0	0	0	0	0	0	0	0	0	0	0	0	0	0	0	1	0	0	0	0	0	0	0	0	0	0	0	0	0	0	0	0	1	0	0	0	0	0	0	0	1	0	0	0	0	0	0	0	0	0	0	0	0	0	0	0	0	0	0	0	0	0	0	0	0	0	0	0	0	0	0	0	0	0	0	0	0	0	0	0	0	1	0	0	0	0	0	0	0	0	0	0	0	0	0	0	0	0	0	0	0	0	0	0	0	0	0	0	0	0	0
4	7	6	4	1	0	0	0	0	0	2	0	4	2	0	0	0	2	0	0	0	0	0	0	0	0	0	0	0	0	0	0	0	0	0	0	0	0	0	0	0	0	0	0	0	0	0	0	0	0	2	0	0	0	0	0	0	1	0	0	0	0	0	0	0	0	0	0	1	0	0	0	0	0	0	0	0	0	0	0	0	0	0	0	0	0	0	0	0	0	0	0	0	0	0	0	0	0	0	0	1	0	0	0	0	0	0	0	0	0	0	0	0	1	0	0	0	0	0	0	0	0	0	0	0	0	0	0	0	0	0	0	0	0	0	0	0	0	0	0	0	0	0	0	0	0	0	0	0	0	0	0
25	31	16	4	4	0	1	2	4	1	7	0	9	3	3	2	7	3	2	1	0	0	0	2	0	0	0	1	0	0	0	1	0	0	0	1	0	1	1	0	1	0	0	0	0	0	0	0	0	0	0	0	0	0	0	0	0	0	0	0	1	0	0	0	1	0	0	0	0	0	1	0	0	1	0	0	0	0	0	0	0	1	0	0	0	0	0	0	0	0	0	0	0	1	0	0	0	0	0	0	0	0	0	0	0	0	0	0	0	0	0	0	0	0	0	0	0	0	0	0	0	0	0	0	0	0	0	0	0	0	0	0	0	0	0	0	1	0	0	0	0	0	0	0	0	0	0	0	0	0	0	0
10	19	10	5	1	0	1	0	2	2	6	0	6	4	0	3	4	0	0	0	0	0	0	0	0	1	0	0	1	0	0	0	0	0	0	0	0	0	0	0	2	0	0	0	0	0	0	0	0	0	0	0	0	0	0	0	0	0	0	0	1	0	0	0	0	0	0	0	0	0	0	0	0	0	0	0	0	0	0	0	0	0	0	0	0	0	0	0	0	0	0	0	0	0	0	0	0	0	0	0	1	0	0	0	0	0	0	0	0	0	0	0	0	0	0	0	0	0	0	0	0	0	0	0	0	0	0	0	0	0	0	0	0	0	0	0	0	0	0	0	0	0	0	0	0	0	0	0	0	0	0	0
20	20	6	4	1	0	1	0	2	4	5	0	1	4	0	4	2	1	1	0	0	0	0	0	0	1	0	1	0	0	0	0	0	0	0	1	1	0	0	0	0	0	0	0	0	2	1	0	0	0	0	0	0	0	0	0	0	1	0	0	0	1	0	0	0	0	0	0	0	0	0	0	0	0	0	0	0	0	0	0	0	1	0	0	0	0	0	1	0	0	0	0	0	0	1	0	0	0	0	0	0	0	0	0	0	0	0	0	0	0	0	0	0	0	0	0	0	0	0	0	0	0	0	0	0	0	0	0	0	0	0	0	0	0	0	0	0	0	0	0	1	0	0	0	0	0	0	0	0	0	0	0
7	15	10	3	1	0	0	0	3	1	6	0	8	5	0	1	9	0	2	0	1	1	0	0	0	0	0	2	1	1	1	0	0	0	0	0	0	0	1	0	0	0	0	0	0	1	0	0	1	0	0	0	0	0	0	0	0	0	0	0	0	1	0	0	1	0	0	0	0	0	0	0	0	0	0	0	0	0	0	0	0	0	0	0	0	0	0	1	0	0	0	0	0	0	0	0	0	0	0	0	0	0	0	0	0	1	0	0	0	0	0	1	0	0	0	0	0	0	0	0	0	0	0	0	0	0	0	0	0	0	0	0	0	0	0	0	0	0	0	0	0	0	0	0	0	0	0	0	0	0	0	0
8	1	2	1	1	0	0	1	0	2	1	0	1	0	0	1	0	0	0	0	0	0	0	0	1	0	0	1	0	1	0	0	0	0	0	0	0	0	0	0	0	0	0	0	0	0	0	0	0	0	0	0	0	0	0	0	0	0	0	0	0	0	0	0	0	0	0	0	0	0	0	0	0	0	0	0	0	0	0	0	0	0	0	0	0	0	0	0	0	0	0	0	0	0	0	0	0	0	0	0	0	0	0	0	0	0	0	0	0	0	0	0	0	0	0	0	0	0	0	0	0	0	0	0	0	0	0	0	0	0	0	0	0	0	0	0	0	0	0	0	0	0	0	0	0	0	0	0	0	0	0	0
2	4	2	0	0	0	0	0	0	0	1	0	3	0	0	1	0	0	0	0	0	0	0	0	0	0	0	0	1	0	0	0	0	0	0	0	0	0	0	0	1	0	0	0	0	0	1	0	0	0	0	0	0	0	0	0	1	0	0	0	0	0	0	0	0	0	0	0	0	0	0	0	0	0	0	0	0	0	0	0	0	0	0	0	0	0	0	0	0	0	0	0	0	0	0	0	0	0	0	0	0	0	0	0	0	0	0	0	0	0	0	0	0	0	0	0	0	0	0	0	0	0	0	0	0	0	0	0	0	0	0	0	0	0	0	0	0	0	0	0	0	0	0	0	0	0	0	0	0	0	0	0
38	35	18	10	3	1	1	1	4	7	7	3	11	8	0	4	4	1	1	0	0	0	0	0	1	1	0	2	0	0	0	1	0	0	0	0	0	0	1	1	1	0	0	0	0	3	1	0	0	0	1	0	0	0	0	0	2	0	0	0	1	0	0	0	1	0	0	0	0	0	0	0	0	0	0	0	0	0	0	0	0	0	0	0	0	0	0	0	0	0	0	1	0	0	0	3	0	0	0	1	0	0	1	0	0	0	0	0	0	0	0	0	0	0	0	0	0	1	0	0	0	0	0	0	0	0	0	0	0	0	0	0	0	0	0	1	0	0	0	0	0	0	0	0	0	0	0	0	0	0	0	0
13	14	20	6	0	1	0	1	1	6	4	0	8	1	2	5	0	1	0	0	0	0	0	0	0	0	0	1	0	1	0	1	1	0	0	0	0	0	0	0	0	0	0	1	1	0	0	0	0	1	0	0	1	0	0	0	1	0	0	0	1	0	0	0	0	0	0	0	0	0	0	0	0	0	0	0	0	0	0	0	0	0	0	0	0	0	0	0	0	0	0	0	0	0	0	0	0	0	0	0	0	0	0	0	0	0	0	0	0	0	0	0	0	0	0	0	0	0	0	0	0	0	0	0	0	0	0	0	0	0	0	0	0	0	0	0	0	0	0	0	0	0	0	0	0	0	0	0	0	0	0	0
1	3	2	3	0	0	0	0	0	0	1	0	0	2	0	0	0	0	0	0	0	0	0	0	0	0	0	1	0	0	0	1	0	0	0	0	0	0	0	0	0	0	0	0	0	0	0	0	0	0	0	0	0	0	0	0	0	0	0	0	0	0	0	0	0	0	0	0	0	0	0	0	0	0	0	0	0	0	0	0	0	0	0	0	0	0	0	0	0	0	0	0	0	0	0	0	0	0	0	0	0	0	0	0	0	0	0	0	0	0	0	0	0	0	0	0	0	0	0	0	0	0	0	0	0	0	0	0	0	0	0	0	0	0	0	0	0	0	0	0	0	0	0	0	0	0	0	0	0	0	0	0
21	12	11	3	3	0	1	1	0	0	4	0	2	5	1	3	6	1	0	0	0	0	0	0	0	0	0	0	0	1	0	0	0	0	0	0	0	0	1	0	0	0	0	1	0	1	0	0	0	1	0	0	0	0	0	0	0	0	0	0	0	0	0	0	0	0	0	0	0	0	0	0	0	0	0	0	0	0	0	0	0	0	0	0	0	0	1	0	0	0	1	0	0	1	0	0	0	0	0	0	0	0	0	0	0	0	0	0	0	0	0	0	0	0	0	0	0	0	0	0	0	0	0	0	0	0	0	0	0	0	0	0	0	0	0	0	0	0	0	1	0	0	0	0	0	0	0	0	0	0	0	0
4	6	0	2	0	0	0	0	0	1	2	0	0	0	0	0	0	0	0	0	0	0	0	0	0	0	0	1	0	0	0	1	0	1	0	0	0	0	0	0	0	0	0	0	0	0	0	0	0	0	0	0	0	0	0	0	0	0	0	0	0	0	0	0	0	0	0	0	0	0	0	0	0	0	0	0	0	0	0	0	0	0	0	0	0	0	0	0	0	0	0	0	0	0	0	0	0	0	0	0	0	0	0	0	0	0	0	0	0	0	0	0	0	0	0	0	0	0	0	0	0	0	0	0	0	0	0	0	0	0	0	0	0	0	0	0	0	0	0	0	0	0	0	0	0	0	0	0	0	0	0	0
16	18	16	2	5	1	2	0	1	1	3	0	8	1	0	1	4	1	2	0	0	0	0	2	0	0	0	1	1	0	0	0	0	0	0	1	1	0	0	0	0	0	0	0	0	0	0	0	0	0	1	0	0	0	0	0	0	0	0	0	0	0	0	0	0	0	0	0	0	0	0	0	0	0	0	0	0	0	0	0	0	0	0	0	0	0	0	0	0	0	0	0	0	0	0	1	0	0	0	0	0	0	0	0	0	0	0	0	0	0	0	0	0	0	0	0	0	0	0	0	0	0	0	0	0	0	0	0	0	0	0	0	0	0	0	0	0	0	0	0	1	0	0	0	0	0	0	0	0	0	0	0
5	12	7	2	4	1	0	0	2	3	1	1	4	4	0	1	3	1	0	0	0	0	0	1	0	0	0	0	0	0	0	0	0	0	0	0	0	0	1	0	2	0	0	0	0	0	0	0	0	0	0	0	0	0	0	0	0	0	0	0	0	0	0	0	1	0	0	0	0	0	0	0	0	0	0	0	0	0	0	0	0	0	0	0	0	0	0	0	0	0	0	0	0	0	0	0	0	0	0	0	0	0	0	0	0	0	0	0	0	0	0	0	0	0	0	0	0	0	0	0	0	0	0	0	0	0	0	0	0	0	0	0	0	0	0	0	0	0	0	0	0	0	0	0	0	0	0	0	0	0	0	0
35	44	19	5	6	0	2	1	2	7	4	2	9	12	3	4	7	1	0	1	1	0	0	2	2	0	0	1	1	1	0	1	0	0	0	1	0	0	0	0	2	0	0	0	1	0	0	0	0	1	0	0	0	0	0	0	1	0	0	0	2	0	0	0	1	0	0	0	2	0	1	0	0	0	0	0	0	1	0	0	0	0	0	0	0	0	1	0	0	0	0	0	1	0	0	1	1	0	0	0	0	0	0	0	0	0	0	0	0	0	0	0	0	0	0	0	0	0	0	0	0	0	0	0	0	0	0	0	0	0	0	0	0	0	0	0	0	0	0	0	0	0	0	0	0	0	0	0	0	0	0	0
12	11	11	7	3	0	2	1	3	5	4	0	10	6	0	2	3	1	1	0	0	0	0	0	0	0	0	1	0	0	0	1	0	0	0	0	0	0	0	0	2	0	0	0	0	0	0	1	0	0	0	0	0	0	0	0	0	0	1	0	1	0	0	0	1	0	0	0	0	0	1	0	0	0	0	0	0	0	0	0	0	0	0	0	0	0	1	0	0	0	0	0	0	0	0	0	0	0	0	0	0	0	0	0	0	0	0	0	0	0	0	0	0	0	0	0	0	0	0	0	0	0	0	0	0	0	0	0	0	0	0	0	0	0	0	0	0	0	0	0	0	0	0	0	0	0	0	0	0	0	0	0
15	29	12	3	0	0	0	1	0	2	4	0	7	1	0	3	4	0	0	0	0	1	0	1	0	1	0	1	0	0	0	0	0	0	0	0	0	0	0	0	1	0	0	1	0	0	0	1	0	2	0	0	0	0	0	0	1	0	0	0	2	0	0	0	1	0	0	0	0	0	0	0	0	0	0	0	0	0	0	0	0	0	0	0	0	0	0	0	0	1	0	0	0	1	0	0	0	0	0	0	0	0	0	0	0	0	0	0	0	0	0	0	0	0	0	0	0	0	0	0	0	0	0	0	0	1	0	0	0	0	0	0	0	0	0	0	0	0	0	0	0	0	0	0	0	0	0	0	0	0	0	0
8	14	15	2	2	0	0	1	2	4	2	0	4	0	1	2	2	1	1	0	0	0	0	0	1	0	0	2	0	0	0	1	0	0	0	0	0	0	0	0	2	0	0	0	0	0	1	0	0	0	0	0	0	0	0	0	0	1	0	0	0	0	0	0	0	0	0	0	0	0	0	0	0	0	0	0	0	0	0	0	0	0	0	0	0	0	0	0	0	0	0	0	0	0	0	3	0	0	0	0	1	0	0	0	0	0	0	0	0	0	0	0	0	0	0	0	0	0	0	0	0	0	0	0	0	1	0	0	0	0	0	0	0	0	0	0	0	0	0	0	0	0	0	0	0	0	0	0	0	0	0	0
20	18	7	4	2	0	0	0	1	4	6	0	5	3	1	0	3	1	1	0	0	0	0	0	1	0	0	0	0	0	0	0	0	1	0	0	0	0	0	0	3	0	0	2	0	0	0	0	0	1	0	0	0	0	0	0	2	0	0	0	0	0	0	0	0	0	0	0	0	0	0	0	0	1	0	0	0	0	0	0	0	0	0	0	0	0	0	0	0	0	0	0	0	0	0	0	0	0	0	0	0	0	0	0	0	0	0	0	0	0	0	0	0	0	0	0	0	0	0	1	0	0	0	0	0	0	0	0	0	0	0	0	0	0	0	0	0	0	0	0	0	0	0	0	0	0	0	0	0	0	0	0
31	21	18	9	4	1	1	1	2	6	5	0	13	9	1	7	6	3	0	0	0	0	0	2	1	1	0	2	1	1	0	1	0	0	0	1	2	0	1	0	2	0	0	0	0	0	0	0	0	0	0	0	0	0	0	0	0	0	0	0	0	0	0	0	0	0	0	0	0	0	1	0	0	0	0	0	0	2	0	0	0	0	0	0	0	0	0	0	0	0	0	0	0	0	0	0	0	0	0	0	0	0	0	0	0	0	0	0	0	0	0	0	0	0	0	0	0	0	0	0	0	0	0	0	0	0	0	0	0	0	0	0	0	0	0	0	0	0	0	0	0	0	0	0	0	0	0	0	0	0	0	0
20	38	23	7	4	0	0	0	4	9	8	1	6	1	1	7	4	0	2	0	0	0	0	2	2	1	1	2	2	0	0	0	0	0	0	0	0	0	2	1	1	0	0	0	0	1	0	0	0	1	1	0	0	0	0	0	0	0	0	0	0	0	0	0	0	0	0	0	0	0	0	0	0	1	0	0	0	1	0	0	0	0	0	0	0	0	0	1	0	0	0	1	0	0	0	0	0	0	0	0	0	0	0	0	0	0	0	0	0	0	0	0	1	0	0	0	0	0	0	0	0	0	1	0	0	0	0	0	0	0	0	0	0	0	0	0	0	0	0	0	0	0	0	0	0	0	0	0	0	0	0	0
4	3	4	2	0	0	0	0	0	0	0	0	0	1	0	1	0	1	0	0	0	0	0	0	0	0	0	0	0	0	0	1	0	2	0	0	0	0	0	0	1	0	0	0	0	0	0	0	0	0	0	0	0	0	0	0	0	0	0	0	0	0	0	0	0	0	0	0	0	0	0	0	0	0	0	0	0	0	0	0	0	0	0	0	0	0	0	0	0	0	0	0	0	0	0	0	0	0	0	0	0	0	0	0	0	0	0	0	0	0	0	0	0	0	0	0	0	0	0	0	0	0	0	0	0	0	0	0	0	0	0	0	0	0	0	0	0	0	0	0	0	0	0	0	0	0	0	0	0	0	0	0
9	17	10	1	2	1	1	0	1	2	3	1	4	4	0	2	3	2	2	0	0	0	0	0	1	0	0	1	1	0	0	0	0	0	0	0	0	1	0	0	0	0	0	0	0	0	1	0	0	1	1	0	0	0	0	0	1	0	0	0	0	0	0	0	0	0	0	0	0	0	0	0	0	0	0	0	0	1	0	0	0	0	0	0	0	0	0	0	0	0	0	0	0	0	0	0	0	0	0	0	0	0	0	0	0	0	0	0	0	0	0	0	0	0	0	0	0	0	0	0	0	0	0	0	0	0	0	0	0	0	0	0	0	0	0	0	0	0	0	0	0	0	0	0	0	0	0	0	0	0	0	0
20	21	12	7	1	1	1	1	2	4	4	1	6	5	0	3	2	4	0	1	0	1	0	0	0	0	0	0	0	0	0	0	1	0	0	0	0	0	0	0	1	0	0	0	0	0	1	0	0	1	0	0	0	0	0	0	1	0	0	0	0	0	0	0	1	0	0	0	0	0	0	0	0	0	0	0	0	1	0	1	0	0	0	0	0	0	0	0	0	0	0	0	0	0	0	0	0	0	0	0	0	0	0	0	0	0	0	0	0	0	0	0	0	0	0	0	0	0	0	0	0	0	0	0	0	0	0	0	0	0	0	0	0	0	0	0	0	0	0	0	0	0	0	0	0	0	0	0	0	0	0	0
10	5	6	1	0	0	0	0	1	1	1	0	2	3	0	0	0	0	0	0	0	0	0	0	0	0	0	0	0	0	0	0	0	0	0	0	0	0	0	0	0	0	0	0	0	0	1	0	0	0	0	0	0	0	0	0	0	0	0	0	0	0	0	0	0	0	0	0	0	0	0	0	0	0	0	0	0	0	0	0	0	0	0	0	0	0	0	0	0	0	1	0	0	0	0	0	0	0	0	0	0	0	0	0	0	1	0	0	0	0	0	0	0	0	0	0	0	0	0	0	0	0	0	0	0	0	0	0	0	0	0	0	0	0	0	0	0	1	0	0	0	0	0	0	0	0	0	0	0	0	0	0
9	18	15	4	1	0	1	0	4	3	0	1	6	4	3	4	2	1	0	0	1	0	0	0	1	0	0	1	1	1	0	1	0	1	0	0	0	0	0	0	0	0	0	0	0	0	2	0	0	0	0	0	0	0	0	0	0	0	0	0	1	0	0	0	0	0	0	0	0	0	0	0	0	0	0	0	0	0	0	0	0	1	0	0	0	0	0	1	0	0	0	0	0	0	0	0	0	0	0	0	0	0	1	0	0	0	0	0	0	0	0	0	0	0	0	0	0	0	0	0	0	0	0	0	0	0	0	0	0	0	0	0	0	0	0	0	0	0	0	0	0	0	0	0	0	0	0	0	0	0	0	0
42	63	53	13	3	1	2	1	6	12	21	2	14	11	5	4	16	2	1	1	0	0	0	0	1	0	1	7	2	1	0	5	0	0	0	1	0	0	1	0	6	0	0	2	0	1	2	0	0	1	1	0	0	0	0	0	6	0	2	0	2	0	0	0	0	0	0	0	0	0	0	0	0	0	0	0	0	0	0	0	0	0	0	0	0	0	0	0	0	2	0	0	0	0	0	1	0	0	0	0	0	0	0	0	0	0	0	0	0	0	0	0	0	0	1	0	0	0	0	0	0	0	0	0	0	0	0	0	0	0	0	0	0	0	0	0	0	0	0	0	0	0	0	0	0	0	0	0	0	0	0	0
0	0	1	0	0	0	0	0	0	0	0	0	0	0	0	0	0	0	0	0	0	0	0	0	0	0	0	0	0	0	0	0	0	0	0	0	0	0	0	0	0	0	0	0	0	0	0	0	0	0	0	0	0	0	0	0	0	0	0	0	0	0	0	0	0	0	0	0	0	0	0	0	0	0	0	0	0	0	0	0	0	0	0	0	0	0	0	0	0	0	0	0	0	0	0	0	0	0	0	0	0	0	0	0	0	0	0	0	0	0	0	0	0	0	0	0	0	0	0	0	0	0	0	0	0	0	0	0	0	0	0	0	0	0	0	0	0	0	0	0	0	0	0	0	0	0	0	0	0	0	0	0
11	8	7	4	0	1	2	0	0	1	3	0	3	3	0	1	1	0	0	0	0	0	0	0	0	0	0	0	0	0	0	0	0	0	0	1	0	0	0	0	0	0	0	0	0	0	0	0	0	0	1	0	0	0	0	0	0	0	0	0	1	0	0	0	0	0	0	0	0	0	0	0	0	0	0	0	0	0	0	0	0	0	0	0	0	0	0	0	0	0	0	0	0	0	1	0	0	0	0	0	0	0	0	0	0	0	0	0	0	0	0	0	0	0	0	0	0	0	0	0	0	0	0	0	0	0	0	0	0	0	0	0	0	0	0	0	0	0	0	0	0	0	0	0	0	0	0	0	0	0	0	0
0	3	0	0	0	0	0	0	0	0	0	0	0	0	0	0	0	0	0	0	0	0	0	0	0	0	0	1	0	0	0	0	0	0	0	0	0	0	0	0	0	0	0	0	0	0	0	0	0	0	0	0	0	0	0	0	0	0	0	0	1	0	0	0	0	0	0	0	0	0	0	0	0	0	0	0	0	0	0	0	0	0	0	0	0	0	0	0	0	0	0	0	0	0	0	0	0	0	0	0	0	0	0	0	0	0	0	0	0	0	0	0	0	0	0	0	0	0	0	0	0	0	0	0	0	0	0	0	0	0	0	0	0	0	0	0	0	0	0	0	0	0	0	0	0	0	0	0	0	0	0	0
11	19	8	2	1	0	1	0	2	6	7	0	2	2	2	2	4	1	1	0	1	1	0	1	0	0	0	1	0	0	0	0	0	0	0	0	0	0	0	0	0	0	0	0	0	0	0	1	0	0	0	0	0	0	0	0	0	0	0	0	0	0	0	0	0	0	0	0	0	0	0	0	0	0	0	0	0	1	0	0	0	0	0	0	0	0	0	1	0	0	0	0	0	0	0	0	0	0	0	0	0	0	1	0	0	0	0	0	0	0	0	0	0	1	0	0	0	0	0	0	0	0	0	0	0	0	0	0	0	0	0	0	0	0	0	0	0	0	0	0	0	0	0	0	0	0	0	0	0	0	0	0
11	12	6	5	2	0	2	2	1	2	4	1	2	4	0	0	3	0	0	0	0	0	0	0	1	0	0	0	1	0	0	0	0	1	0	1	0	0	0	0	0	0	0	0	0	0	1	0	0	0	0	0	0	0	0	0	2	0	1	0	0	0	0	0	0	1	0	0	0	0	0	0	0	0	0	0	0	0	0	0	0	0	0	0	0	0	0	0	0	0	0	0	0	0	0	0	0	0	0	0	0	0	0	0	0	0	0	0	0	0	0	0	0	0	0	0	0	0	0	0	0	0	0	0	0	0	0	0	0	0	0	0	0	0	0	0	0	0	0	0	0	0	0	0	0	0	0	0	0	0	0	0
5	6	7	1	1	0	1	0	0	1	2	0	5	3	3	0	4	0	0	0	0	0	0	0	0	0	0	0	0	0	0	0	0	0	0	1	1	0	0	0	1	0	0	0	0	0	0	0	0	0	0	0	0	0	0	0	0	0	0	0	0	0	0	0	0	0	0	0	0	0	0	0	0	1	0	0	0	0	0	0	0	0	0	0	0	0	0	0	0	0	0	0	0	0	0	0	0	0	0	0	0	0	0	0	0	0	0	0	0	0	0	0	0	0	0	0	0	0	0	0	0	0	0	0	0	0	0	0	0	0	0	0	0	0	0	0	1	0	0	0	0	0	0	0	0	0	0	0	0	0	0	0
7	7	8	2	0	0	2	0	2	1	1	0	3	0	1	2	3	0	0	0	1	0	0	2	0	1	0	0	0	0	0	0	0	0	0	0	2	0	0	0	1	0	0	0	0	0	0	0	0	1	0	0	0	0	0	0	0	0	0	0	0	0	0	0	0	0	0	0	0	0	1	0	0	0	0	0	0	0	0	0	0	0	0	0	0	0	0	1	0	1	0	0	0	0	0	0	0	0	0	0	0	0	0	0	0	0	0	0	0	0	0	0	0	0	0	0	0	0	0	0	0	0	1	0	0	0	0	0	0	0	0	0	0	0	0	0	0	0	0	0	0	0	0	0	0	0	0	0	0	0	0	0
17	26	14	8	4	1	0	1	2	4	7	2	10	9	1	2	6	1	0	0	0	0	0	1	1	0	0	0	0	1	0	2	0	0	0	0	0	0	0	0	4	0	0	0	0	0	0	0	0	0	0	0	0	0	0	0	1	0	0	0	0	0	0	0	0	0	0	0	0	0	0	0	0	2	0	0	0	1	0	0	0	0	0	0	0	0	0	0	0	0	0	1	0	1	0	0	0	0	0	0	0	0	0	0	0	0	0	0	0	0	0	0	0	0	0	0	0	0	0	0	0	0	0	0	1	0	0	0	0	0	0	0	0	0	0	0	0	0	0	0	0	0	0	0	0	0	0	0	0	0	0	0
1	2	0	1	1	0	0	0	0	0	0	0	0	1	1	0	0	1	0	0	0	0	0	0	0	0	0	1	0	0	0	0	0	0	0	1	0	0	0	0	0	0	0	0	0	0	0	0	0	0	0	0	0	0	0	0	0	0	0	0	0	0	0	0	0	0	0	0	0	0	0	0	0	0	0	0	0	0	0	0	0	0	0	0	0	0	0	0	0	0	0	0	0	0	0	0	0	0	0	0	0	0	0	0	0	0	0	0	0	0	0	0	0	0	0	0	0	0	0	0	0	0	0	0	0	0	0	0	0	0	0	0	0	0	0	0	0	0	0	0	0	0	0	0	0	0	0	0	0	0	0	0
20	22	19	9	3	1	1	0	3	7	6	1	7	5	1	4	9	0	1	0	0	0	0	2	1	0	0	0	0	2	0	0	0	0	0	0	0	0	0	0	2	0	0	0	0	0	0	0	0	0	0	0	0	0	0	0	1	0	2	0	0	0	0	0	0	0	0	0	0	0	0	0	0	0	0	0	0	2	0	0	0	0	0	0	0	0	0	0	0	0	0	0	0	0	0	0	0	0	0	0	0	0	0	0	0	0	0	0	0	0	1	0	0	0	0	0	0	0	0	0	0	0	0	1	0	0	0	0	0	0	0	0	0	0	0	0	0	0	0	0	0	0	0	0	0	0	0	0	0	0	0	0
6	11	5	1	1	0	0	1	0	3	0	0	3	3	0	3	0	0	0	0	0	0	0	1	0	1	0	0	1	0	0	0	0	0	0	0	0	0	0	0	0	0	0	0	0	0	0	0	0	1	0	0	0	0	0	0	0	0	0	0	0	0	0	0	0	0	0	0	0	0	0	0	0	0	0	0	0	0	0	0	0	0	0	0	0	0	0	0	0	0	0	0	0	1	0	0	0	0	0	0	0	0	0	0	0	1	0	0	0	0	0	0	0	0	0	0	0	0	0	0	0	0	0	0	0	0	0	0	0	0	0	0	0	0	0	0	0	0	0	0	0	0	0	0	0	0	0	0	0	0	0	0
1	1	0	0	0	0	0	0	0	1	0	0	0	0	0	0	0	0	0	0	0	0	0	0	0	0	0	0	0	0	0	0	0	0	0	0	0	0	0	0	0	0	0	0	0	0	0	0	0	0	0	0	0	0	0	0	0	0	0	0	1	0	0	0	0	0	0	0	0	0	0	0	0	0	0	0	0	0	0	0	0	0	0	0	0	0	0	0	0	0	0	0	0	0	0	0	0	0	0	0	0	0	0	0	0	0	0	0	0	0	0	0	0	0	0	0	0	0	0	0	0	0	0	0	0	0	0	0	0	0	0	0	0	0	0	0	0	0	0	0	0	0	0	0	0	0	0	0	0	0	0	0
10	10	7	1	1	0	0	0	4	3	1	1	0	1	1	0	2	0	1	0	0	0	0	0	0	0	0	1	0	0	0	0	0	0	0	1	0	0	0	0	0	0	0	0	1	0	1	0	0	0	1	0	0	0	0	0	0	0	0	0	0	0	0	0	0	0	0	0	0	0	0	0	0	0	0	0	0	0	0	0	0	0	0	0	0	0	0	0	0	0	0	0	0	0	0	0	0	0	0	0	0	0	0	0	0	1	0	0	0	0	0	0	0	0	0	0	0	0	0	0	0	0	0	0	0	0	0	0	0	0	0	0	0	0	0	0	0	0	0	0	0	0	0	0	0	0	0	0	0	0	0	0
2	0	1	1	0	0	0	0	0	0	0	0	0	0	0	0	0	1	0	0	0	0	0	0	0	0	0	0	0	0	0	0	0	0	0	0	0	0	0	0	0	0	0	0	0	0	0	0	0	0	0	0	0	0	0	0	0	0	0	0	0	0	0	0	0	0	0	0	0	0	0	0	0	0	0	0	0	0	0	0	0	0	0	0	0	0	0	0	0	0	0	0	0	0	0	0	0	0	0	0	0	0	0	0	0	0	0	0	0	0	0	0	0	0	0	0	0	0	0	0	0	0	0	0	0	0	0	0	0	0	0	0	0	0	0	0	0	0	0	0	0	0	0	0	0	0	0	0	0	0	0	0
0	0	0	0	0	0	0	0	0	0	0	0	1	0	0	0	0	0	0	0	0	0	0	0	0	0	0	0	0	0	0	0	0	0	0	0	0	0	0	0	0	0	0	0	0	0	0	0	0	0	0	0	0	0	0	0	0	0	0	0	0	0	0	0	0	0	0	0	0	0	0	0	0	0	0	0	0	0	0	0	0	0	0	0	0	0	0	0	0	0	0	0	0	0	0	0	0	0	0	0	0	0	0	0	0	0	0	0	0	0	0	0	0	0	0	0	0	0	0	0	0	0	0	0	0	0	0	0	0	0	0	0	0	0	0	0	0	0	0	0	0	0	0	0	0	0	0	0	0	0	0	0
6	1	2	0	0	0	0	0	0	0	0	1	0	0	0	0	0	0	0	0	0	0	0	0	0	0	0	0	0	0	0	1	0	0	0	0	0	0	0	0	0	0	0	0	0	0	0	0	0	0	0	0	0	0	0	0	0	0	0	0	0	0	0	0	0	0	0	0	0	0	0	0	0	0	0	0	0	0	0	0	0	0	0	0	0	0	0	0	0	0	0	0	0	0	0	0	0	0	0	0	0	0	0	0	0	0	0	0	0	0	0	0	0	0	0	0	0	0	0	0	0	0	0	0	1	0	0	0	0	0	0	0	0	0	0	0	0	0	0	0	0	0	0	0	0	0	0	0	0	0	0	0
4	6	1	1	0	0	0	1	1	1	1	0	2	0	1	0	2	1	0	0	0	0	0	0	0	0	0	0	0	0	0	0	0	0	0	0	0	0	0	0	1	0	0	0	0	0	1	0	0	0	0	0	1	0	0	0	0	0	0	0	0	0	0	0	0	0	0	0	0	0	0	0	0	0	0	0	0	0	0	0	0	0	0	0	0	0	0	0	0	1	0	0	0	0	0	0	0	0	0	0	0	0	0	0	0	0	0	0	0	0	0	0	0	0	0	0	0	0	0	0	0	0	0	0	0	0	0	0	0	0	0	0	0	0	0	0	0	0	0	0	0	0	0	0	0	0	0	0	0	0	0	0
5	9	5	2	1	0	0	0	0	2	4	0	2	1	0	2	2	0	0	0	0	1	0	0	0	0	0	0	0	2	0	0	0	0	0	0	0	0	0	0	2	0	0	0	0	0	1	0	0	0	0	0	0	0	1	0	0	0	0	0	0	0	0	0	0	0	0	0	0	0	0	0	0	1	0	0	0	1	0	0	0	0	0	0	0	0	0	0	0	1	0	0	0	1	0	0	0	0	0	0	0	0	0	0	0	1	0	0	0	0	0	0	0	0	0	0	0	0	0	0	0	0	0	0	1	0	0	0	0	0	0	0	0	0	0	0	0	0	0	0	0	0	0	0	0	0	0	0	0	0	0	0
