4135	5403	800	1984	308	398	1639	3460	773	385	104	261	244	22	183	114	98	103	310	53	28	171	8	212	38	36	0	93	9	80	73	11	92	36	148	84	21	18	93	5	22	38	19	74	11	85	73	57	7	5	21	40	29	30	2	7	1	18	3	63	0	6	7	24	17	40	119	26	9	1	19	7	21	7	55	15	2	11	12	8	53	23	19	1	2	1	4	23	1	22	23	9	25	16	6	46	8	17	8	0	12	8	7	23	3	0	21	5	11	3	10	26	0	10	22	1	6	3	16	0	0	16	1	5	9	2	1	6	5	2	7	7	6	4	17	0	2	3	0	2	0	1	6	0	2	4	1	2	0	0	3	4
19199	24530	3579	8823	1564	1843	7508	15566	3671	1733	490	1136	997	92	758	547	480	488	1289	269	174	812	67	1025	147	192	6	460	43	376	370	23	517	149	630	413	97	108	415	9	122	208	82	284	51	341	379	187	25	34	58	254	143	128	16	24	16	69	10	253	0	24	46	82	113	135	606	88	74	4	77	43	94	16	282	33	19	48	43	42	189	128	96	4	23	13	7	95	4	170	134	54	141	91	16	152	26	65	37	2	69	53	35	75	16	5	100	58	14	23	34	112	3	82	111	12	21	13	41	8	5	96	3	16	25	7	9	16	25	14	67	62	17	21	52	4	8	41	1	4	6	3	22	4	9	9	1	12	0	6	37	6
442	512	66	191	33	44	167	299	82	37	7	26	23	2	19	12	12	7	13	4	2	15	1	23	3	3	0	6	4	15	5	2	13	6	10	12	2	4	11	1	1	6	1	6	2	7	9	7	1	0	3	3	3	5	1	1	0	3	0	5	0	0	1	4	1	4	17	0	1	1	3	1	1	0	8	0	0	3	1	1	2	1	0	0	1	0	0	3	0	5	5	1	5	1	0	2	0	2	1	0	0	0	2	2	3	1	3	0	0	2	0	3	0	0	6	0	0	1	1	0	0	1	0	0	1	0	0	0	1	0	0	0	0	1	2	0	1	1	0	1	0	0	0	0	0	0	0	1	1	0	1	0
2118	2829	453	976	180	211	849	1802	419	194	57	142	113	5	78	68	50	49	135	35	22	102	5	111	15	27	0	42	11	38	47	5	65	10	77	47	8	15	39	2	13	19	15	30	3	39	53	23	5	5	6	26	15	13	0	2	4	15	0	21	0	3	3	7	16	18	61	10	8	0	8	2	18	1	29	4	1	5	3	5	28	10	10	0	0	0	1	9	1	19	14	9	19	9	5	11	4	6	4	0	10	5	6	9	1	2	11	4	3	1	2	16	1	7	9	4	1	1	3	0	3	8	0	4	2	2	2	2	4	2	7	4	1	1	11	0	0	3	1	1	1	0	1	0	0	2	0	0	0	0	5	1
6229	7808	1183	2937	481	641	2524	5164	1132	585	140	402	385	28	248	176	168	148	425	93	45	292	21	312	54	69	0	156	17	113	127	16	169	43	205	123	27	50	156	8	45	76	33	109	20	139	128	68	10	10	19	67	50	41	3	6	10	26	3	62	0	5	16	15	38	56	176	32	18	1	17	14	28	7	112	12	4	13	9	10	66	30	36	2	12	4	2	38	2	30	48	18	57	25	3	58	9	35	15	0	18	13	11	34	3	1	33	17	5	1	8	42	2	23	24	4	12	4	16	0	5	22	0	10	10	2	3	8	12	2	20	17	3	7	17	2	3	11	0	3	1	1	1	1	0	5	2	3	0	0	7	1
6154	7880	1221	2836	496	619	2446	4970	1187	553	142	405	366	27	229	209	170	167	395	93	66	267	26	345	49	86	1	139	10	128	110	15	160	48	188	113	31	43	147	7	43	66	33	81	12	109	119	80	11	13	17	72	45	38	3	4	6	22	2	54	1	3	15	19	35	48	171	37	27	2	21	13	34	11	62	11	9	15	9	17	76	33	36	2	6	4	5	35	0	58	45	17	51	24	6	57	3	29	9	3	14	13	9	31	8	2	35	17	12	2	9	51	3	25	35	8	9	6	18	2	5	23	1	6	13	4	6	8	11	1	20	18	4	2	22	1	7	10	0	1	1	0	11	0	3	5	1	1	1	2	7	1
85	126	19	26	10	7	38	75	15	13	3	5	1	1	0	5	3	1	10	3	2	6	0	3	0	0	0	0	0	1	3	0	1	2	1	2	1	0	2	0	2	1	1	2	0	1	1	3	0	1	1	1	4	1	0	0	0	0	0	0	0	0	1	1	0	2	2	1	0	0	3	0	0	2	0	0	0	0	0	0	1	1	0	0	0	0	0	0	0	1	2	0	0	1	1	0	0	1	0	0	0	0	0	1	0	0	1	1	0	0	0	0	0	0	1	0	0	0	0	0	0	0	0	0	0	0	0	0	0	0	0	1	0	0	0	0	0	0	0	1	0	0	0	0	0	0	0	0	0	0	0	0
1294	1651	254	584	126	135	507	1048	229	121	36	77	59	3	59	33	28	28	111	24	7	55	6	60	6	11	0	21	3	35	30	0	39	15	36	28	10	9	32	0	11	20	4	18	5	23	24	8	2	2	4	16	5	12	0	1	1	2	1	13	0	0	8	8	10	5	41	7	5	0	7	2	3	0	14	3	3	1	2	4	13	9	7	0	2	4	0	7	0	11	7	2	16	2	2	4	2	5	3	0	3	5	3	5	0	0	8	1	2	0	3	8	0	6	7	2	0	0	1	0	0	10	0	0	1	0	0	0	3	0	5	2	0	2	8	0	0	1	0	1	0	1	2	1	1	0	0	2	0	0	2	0
1125	1447	228	487	91	108	427	886	220	96	32	75	63	4	49	35	37	29	74	14	9	40	3	56	6	19	0	25	5	18	24	3	25	12	38	21	10	6	18	1	5	12	2	14	1	14	23	11	2	1	6	17	7	6	1	2	4	10	1	14	0	2	2	1	4	7	29	3	4	0	2	1	6	0	20	1	0	7	3	7	15	7	8	1	0	0	1	7	0	12	9	1	9	2	1	2	1	7	2	0	1	2	1	5	4	0	2	5	1	1	0	5	0	6	6	2	0	0	6	0	0	2	0	0	2	0	0	2	0	0	5	3	1	0	4	1	0	2	0	0	0	0	1	0	0	0	0	0	0	0	1	0
1926	2459	363	923	159	187	741	1569	346	166	54	127	94	7	73	44	46	50	140	27	17	65	5	114	15	19	1	43	2	28	28	4	45	15	56	51	9	11	42	3	14	14	4	28	10	36	34	18	0	4	6	21	11	8	1	3	2	10	1	28	1	0	3	6	8	10	55	6	5	2	14	0	8	1	22	6	1	2	3	5	19	13	12	1	0	1	0	10	0	11	22	0	16	8	2	20	3	8	3	1	6	4	3	8	0	1	10	7	4	2	1	15	1	6	9	0	5	2	9	0	0	12	0	1	5	1	1	3	2	0	3	4	0	2	10	1	1	4	1	1	1	1	3	0	0	0	0	0	0	0	3	1
1776	2189	290	787	134	175	688	1343	310	144	43	124	98	6	69	52	53	46	118	33	17	76	8	99	20	20	2	40	5	31	35	3	46	16	48	32	6	13	47	1	8	16	7	33	3	32	20	21	6	2	10	23	11	9	1	3	3	3	1	19	1	2	1	5	6	12	66	8	6	0	13	4	12	1	27	5	0	7	5	2	29	10	11	0	2	0	2	9	0	12	13	4	15	4	1	11	2	7	3	1	6	3	7	7	2	0	7	4	1	3	5	15	0	14	14	2	3	1	5	2	0	10	1	0	6	0	3	1	4	0	4	3	1	3	4	0	1	7	0	1	0	0	1	0	0	0	1	2	0	0	1	1
489	667	100	236	50	43	185	416	98	47	13	35	27	1	28	16	18	12	38	7	12	27	2	26	7	3	1	11	1	12	16	4	11	3	8	8	3	1	11	1	3	10	1	4	0	7	10	5	0	0	1	6	5	1	1	1	1	1	0	8	0	0	0	0	1	4	15	3	3	0	0	0	1	0	8	0	2	1	3	2	5	4	4	0	1	0	0	7	0	0	5	3	3	2	0	6	1	3	0	0	2	1	4	2	0	0	0	1	1	0	1	0	1	1	0	1	0	0	1	0	1	1	0	2	1	0	0	0	1	0	3	0	0	1	0	0	0	5	0	0	0	0	0	0	0	1	0	0	0	0	2	0
187	221	40	70	10	16	68	172	35	12	7	13	6	2	9	3	8	2	13	0	0	8	0	9	1	2	0	3	0	3	0	0	6	0	4	2	1	2	3	0	2	2	2	3	0	5	3	1	1	0	0	1	0	2	0	0	1	0	0	1	0	0	0	1	0	1	6	0	0	0	2	0	1	0	4	1	0	2	0	0	4	1	0	0	0	0	0	4	0	4	2	0	1	0	0	0	0	0	0	0	1	0	2	0	0	0	1	0	0	0	0	1	0	0	3	1	0	0	0	0	0	1	0	1	0	0	0	0	0	0	0	0	0	0	0	1	0	0	0	0	0	0	1	0	0	0	0	0	0	0	0	1
206	253	45	82	18	25	77	191	38	18	9	13	15	1	12	6	8	5	12	3	1	7	0	9	1	2	0	7	0	7	6	0	7	1	7	4	1	1	5	0	2	3	1	2	0	2	1	1	1	0	1	2	2	2	1	0	0	0	1	4	0	0	1	1	1	2	5	0	2	1	1	0	0	0	5	0	0	0	0	0	1	1	4	0	1	1	0	0	0	2	1	0	1	1	0	1	0	1	0	2	1	0	2	1	0	0	0	1	1	2	0	0	0	0	0	0	0	0	1	0	1	1	0	0	0	0	0	0	0	0	0	1	0	0	2	0	0	0	0	0	0	0	1	0	0	0	0	0	0	0	0	0
68	91	17	35	4	6	29	51	11	10	4	8	3	0	3	1	2	2	3	2	1	2	1	5	1	0	0	0	0	1	3	0	1	1	4	2	2	1	1	0	0	1	0	1	0	0	3	0	0	0	1	0	0	0	0	0	0	0	0	0	0	0	0	0	1	2	3	0	0	0	0	1	0	0	1	0	1	0	1	0	2	0	0	0	0	0	0	2	0	0	0	0	0	0	0	0	0	0	0	0	0	0	1	0	0	0	2	0	0	0	0	1	0	0	0	0	0	0	0	0	1	0	0	0	0	0	0	0	1	0	2	1	0	0	0	0	0	0	0	0	0	0	1	0	0	0	0	0	0	0	0	0
17	19	3	8	0	1	4	11	3	0	0	0	1	0	1	3	0	0	0	1	0	2	0	0	0	0	0	0	0	0	0	0	1	0	0	0	0	0	0	0	0	0	0	0	0	1	0	0	0	0	0	0	0	0	0	0	0	0	0	0	0	0	0	0	0	0	1	0	1	0	0	0	0	0	0	0	0	0	0	0	0	1	0	0	0	0	0	0	0	0	0	0	0	0	0	0	0	0	0	0	0	0	1	0	0	0	0	0	1	0	0	0	0	0	0	0	0	0	0	0	0	0	0	0	0	0	0	0	0	0	0	0	0	0	0	0	0	0	0	0	0	0	0	0	0	0	0	0	0	0	0	0
283	366	46	126	23	15	113	236	45	26	6	17	9	1	11	6	7	10	27	4	1	21	3	17	0	3	0	6	0	6	8	0	11	1	8	8	1	0	7	0	1	3	6	9	0	3	4	2	0	0	0	0	0	3	0	0	0	2	0	3	0	0	0	1	0	0	4	0	1	0	1	1	0	0	3	0	0	1	0	2	0	0	2	0	1	1	1	2	0	1	0	1	2	0	1	1	0	1	1	0	3	0	0	3	0	0	1	0	2	1	0	2	0	3	1	0	0	0	0	0	1	1	0	0	0	0	0	0	0	0	0	2	0	1	0	0	0	0	0	0	0	0	0	0	0	0	0	0	0	0	0	0
246	310	44	114	22	36	88	176	46	19	4	20	13	1	7	4	6	7	16	3	3	8	3	8	2	2	0	4	0	3	6	0	5	1	6	8	2	1	1	0	0	5	1	2	2	3	2	4	1	0	2	2	2	2	1	0	0	1	0	1	0	0	1	2	2	0	6	1	1	0	2	2	1	0	3	0	0	2	0	1	6	0	1	0	0	0	1	1	0	2	0	1	1	3	0	3	1	1	2	0	2	0	2	0	2	0	1	1	1	1	0	1	0	0	1	0	0	1	1	0	0	1	0	0	0	0	0	0	0	0	0	0	0	0	2	1	0	1	0	0	0	0	1	0	0	0	0	0	0	1	0	0
231	314	41	105	28	27	104	202	63	29	5	15	13	0	8	7	9	7	16	3	1	12	1	17	3	1	0	5	0	3	4	0	7	5	7	5	2	1	5	0	3	3	0	6	0	3	6	4	1	0	1	1	3	1	0	0	0	1	0	4	0	0	1	0	2	0	4	1	0	0	2	0	4	0	4	0	1	1	0	0	3	1	2	0	2	0	0	2	0	1	4	2	0	1	1	4	0	2	0	0	0	0	0	1	0	0	1	0	0	1	0	0	0	3	2	0	1	0	0	0	1	1	0	0	1	0	0	0	0	0	1	1	0	2	0	0	0	0	0	0	0	0	0	0	1	0	0	0	1	0	0	0
12	12	6	4	2	4	7	10	5	0	0	1	2	0	1	0	0	0	1	0	0	0	0	2	0	0	0	1	0	0	0	0	1	0	0	0	0	0	0	0	0	1	0	0	0	0	0	0	0	0	0	0	0	0	0	0	0	0	0	0	0	0	0	0	0	0	1	0	0	0	0	1	0	0	0	0	0	0	0	0	0	0	0	0	0	0	0	0	0	1	0	0	0	0	0	0	0	0	0	0	0	0	0	0	0	0	0	0	0	0	0	0	0	0	0	0	0	0	0	0	0	0	0	0	0	0	0	0	0	0	0	0	0	0	0	0	0	0	0	0	0	0	0	0	0	0	0	0	0	0	0	0
15	17	4	7	0	0	3	9	3	0	1	1	0	0	3	0	1	0	0	0	0	0	0	0	0	0	0	0	0	0	0	0	0	0	1	1	0	0	0	0	0	1	0	0	0	0	0	0	0	0	0	0	0	0	0	0	0	0	0	0	0	0	0	0	0	0	0	0	0	0	0	0	0	0	0	0	0	0	0	0	0	0	0	0	0	0	0	0	0	0	0	0	0	0	0	1	0	0	0	0	0	0	0	0	0	0	0	0	0	0	0	0	0	0	0	0	0	0	0	0	0	0	0	0	0	0	0	0	0	0	0	0	0	0	0	0	0	0	0	0	0	0	1	0	0	0	0	0	0	0	0	0
317	419	56	147	25	31	112	275	64	32	5	26	8	3	9	12	10	8	20	3	7	16	2	10	4	8	0	6	1	14	7	2	12	1	5	2	1	1	8	0	2	3	1	9	0	8	6	2	0	0	3	3	0	4	0	0	0	1	1	7	0	0	1	0	1	4	14	0	1	0	2	3	2	0	2	0	0	0	0	0	3	0	2	0	0	0	1	4	0	4	2	1	0	0	0	5	0	1	1	0	1	0	2	0	1	0	2	2	0	0	1	1	0	1	3	1	0	0	0	0	0	0	0	0	1	0	0	1	1	0	5	1	0	2	2	0	1	1	0	0	0	0	1	0	0	0	0	0	0	0	0	0
139	201	32	66	13	13	69	109	27	12	8	13	10	2	11	4	7	4	6	4	2	3	0	11	2	2	0	4	0	2	3	1	3	0	3	3	0	1	4	0	1	2	1	2	0	2	3	3	0	1	0	1	0	1	0	0	0	0	0	2	0	0	0	0	0	1	2	0	1	0	0	0	3	1	4	0	0	0	0	0	1	2	0	0	0	0	0	3	0	2	1	1	0	1	0	0	0	0	0	0	0	0	0	3	0	0	0	0	1	0	0	1	0	1	0	0	0	0	0	0	0	0	0	0	0	0	0	0	0	1	0	1	0	0	0	0	0	1	0	0	0	0	0	0	0	0	0	0	0	0	0	0
27	42	8	14	2	2	20	32	6	1	0	2	2	0	1	1	1	0	3	0	2	2	1	0	0	0	0	0	0	2	0	0	0	0	1	0	0	0	1	0	0	0	0	0	0	0	1	0	0	0	0	0	0	0	0	0	0	0	0	0	0	0	1	0	0	0	0	1	0	0	0	0	0	0	1	0	0	0	0	0	0	1	0	0	0	0	0	0	0	0	0	0	0	0	0	0	0	0	0	0	0	0	0	0	0	0	0	0	0	1	0	0	0	0	0	0	0	0	0	0	0	0	0	0	0	0	0	0	0	0	0	0	0	0	0	0	0	0	0	0	0	0	0	0	0	0	0	0	0	0	1	0
142	179	29	57	7	13	57	95	35	14	5	9	10	0	4	4	5	3	9	2	0	6	1	8	1	0	0	1	0	5	3	1	3	1	5	4	0	1	2	0	1	5	0	1	2	4	4	4	0	2	1	0	0	1	0	0	0	0	1	2	0	0	1	1	0	0	4	0	0	0	2	0	0	0	2	1	0	0	0	0	3	1	0	0	0	0	0	0	0	1	4	1	3	2	0	0	0	0	0	0	0	0	2	1	0	0	2	0	0	0	0	3	1	0	0	0	1	0	0	0	0	0	0	0	0	0	0	0	0	0	1	0	0	0	1	0	0	0	0	0	0	0	0	0	0	0	0	0	0	0	0	0
2	2	1	2	0	0	0	0	0	0	0	0	0	0	0	0	0	0	0	0	0	0	0	0	0	0	0	0	0	0	0	0	0	0	0	0	0	0	0	0	0	0	0	0	0	0	0	0	0	0	0	0	0	0	0	0	0	0	0	0	0	0	0	0	0	0	0	0	0	0	0	0	0	0	0	0	0	0	0	0	0	0	0	0	0	0	0	0	0	0	0	0	0	0	0	0	0	0	0	0	0	0	0	0	0	0	0	0	0	0	0	0	0	0	0	0	0	0	0	0	0	0	0	0	0	0	0	0	0	0	0	0	0	0	0	0	0	0	0	0	0	0	0	0	0	0	0	0	0	0	0	0
313	430	63	141	15	23	126	272	60	27	7	22	17	3	13	10	4	9	33	3	4	19	4	22	3	2	0	9	1	1	5	0	10	4	10	5	1	3	8	1	0	9	2	10	1	3	4	4	1	0	2	2	3	1	0	1	1	0	0	3	0	0	0	0	3	3	12	2	0	0	2	1	1	1	8	1	0	0	0	1	2	3	2	0	0	1	1	0	0	2	2	0	1	1	1	2	0	1	0	0	0	1	0	2	1	0	3	1	0	0	1	3	0	2	0	0	0	0	1	0	0	3	0	0	1	0	1	0	0	0	1	2	0	1	1	0	1	0	0	1	0	0	1	0	0	1	0	0	0	0	2	0
94	123	10	35	10	4	37	65	18	5	0	9	5	2	5	5	5	5	8	1	2	3	0	3	1	0	0	3	0	2	0	0	1	1	2	1	1	0	3	0	0	2	0	3	0	4	1	0	0	0	0	0	1	2	0	0	0	0	0	1	0	0	1	1	0	0	1	1	0	0	0	0	1	0	0	0	0	0	0	0	0	0	0	0	0	0	0	0	0	1	1	0	1	0	0	2	0	1	0	0	0	0	0	1	0	0	0	0	0	0	1	1	0	0	0	0	0	0	0	0	0	0	0	0	0	0	0	0	0	0	0	0	0	0	0	0	0	0	0	0	0	0	0	0	0	1	0	0	0	0	0	0
60	42	11	17	3	5	16	33	13	6	1	4	1	0	1	1	0	1	3	1	0	4	1	4	0	1	0	2	0	2	1	0	0	1	2	2	1	1	0	0	1	0	0	2	0	0	0	0	0	0	0	0	1	0	0	0	0	0	0	1	0	0	0	0	1	0	2	0	0	0	0	0	0	0	0	0	0	0	1	0	1	0	0	0	0	0	0	0	0	0	0	0	0	0	0	0	1	0	0	0	0	0	0	0	0	0	0	0	0	0	0	0	0	0	1	0	0	0	0	0	0	0	0	0	0	0	0	0	0	0	0	0	0	0	0	0	0	0	0	0	0	0	1	0	0	0	0	0	0	0	1	0
336	483	71	187	37	22	152	307	80	29	5	18	22	3	15	12	8	8	22	2	3	13	1	19	2	2	0	8	1	5	6	0	6	0	12	6	4	3	10	0	4	5	2	14	0	4	7	0	0	0	1	5	4	4	0	0	2	0	0	1	0	1	2	1	2	2	8	3	3	0	1	2	3	1	7	1	0	2	0	2	6	4	1	0	0	0	0	0	0	1	3	1	6	1	1	4	0	1	0	0	0	0	2	2	1	0	1	1	0	1	0	3	0	0	1	0	0	0	0	0	1	0	0	0	0	0	0	2	1	0	2	2	1	2	1	0	0	0	0	0	0	0	2	0	0	0	0	0	0	0	1	0
230	280	31	95	16	17	71	192	43	14	5	11	10	0	7	3	6	3	22	4	1	8	0	18	5	1	0	2	0	5	7	0	8	4	5	4	3	1	4	0	1	3	0	2	1	4	7	1	1	0	2	6	1	2	1	0	0	0	0	2	0	0	0	2	0	2	8	0	1	0	0	1	0	0	4	0	0	2	1	0	3	1	0	0	0	0	0	0	0	2	2	1	0	1	1	1	0	1	0	0	1	0	0	1	1	0	1	0	1	1	0	2	0	0	0	0	0	0	0	0	0	1	0	0	0	0	0	0	0	1	1	0	0	0	0	0	0	0	1	0	0	0	0	0	0	0	0	0	0	0	0	0
484	572	98	224	31	49	179	371	81	41	9	25	26	2	18	11	20	14	39	5	3	21	2	18	9	6	0	11	0	16	5	0	10	2	11	7	1	2	10	1	1	7	0	10	2	4	12	3	0	1	1	4	0	3	1	1	0	1	0	10	0	0	0	1	5	2	7	1	2	1	2	1	0	1	4	1	0	1	2	2	3	6	4	1	0	0	0	4	0	0	2	0	4	1	1	2	1	1	0	1	0	0	0	2	1	0	1	2	0	0	0	5	0	1	1	0	1	2	0	0	0	2	0	0	0	0	1	1	0	1	3	3	0	0	1	1	0	0	0	0	0	1	0	0	0	0	0	0	0	0	1	0
280	340	46	127	16	21	125	202	43	29	3	18	20	1	16	9	8	5	14	6	3	11	1	18	2	3	0	7	1	2	6	1	5	2	6	3	3	1	5	0	0	4	0	3	1	6	2	3	0	2	1	3	6	2	0	0	0	0	0	4	0	0	1	0	0	1	9	0	1	0	2	0	2	2	3	0	0	1	0	0	4	0	1	0	0	0	1	2	0	0	3	1	1	2	0	3	2	3	1	0	1	0	1	0	0	0	3	1	0	0	0	0	0	2	2	2	1	0	1	0	0	1	0	0	1	0	2	0	0	0	0	1	0	0	1	0	0	0	0	0	0	0	1	0	0	0	0	1	0	0	0	0
11	15	4	3	1	1	4	8	0	2	0	0	0	0	0	0	0	0	0	0	0	0	0	0	1	0	0	0	0	0	0	0	0	0	1	0	0	0	0	0	0	0	0	0	0	0	0	0	0	0	0	0	0	0	0	0	0	0	0	0	0	0	0	0	0	0	0	0	0	0	0	0	0	1	0	0	0	0	0	0	0	1	0	0	0	0	0	0	0	0	0	0	1	0	0	0	0	0	0	0	0	0	0	0	0	0	0	0	0	0	0	0	0	0	0	0	0	0	0	0	0	0	0	0	0	0	0	0	0	0	0	0	0	0	0	0	0	0	0	0	0	0	0	0	0	0	0	0	0	0	0	0
374	595	86	192	36	41	160	330	84	41	8	28	25	2	15	11	4	10	31	6	3	13	2	21	3	4	0	15	1	11	11	1	7	4	13	2	1	3	4	0	3	6	2	2	1	5	3	8	0	0	2	10	3	2	0	0	0	0	0	5	0	1	0	1	2	3	17	1	0	1	3	0	4	0	6	0	1	0	0	2	4	0	0	0	0	0	0	3	0	2	2	2	2	4	0	1	2	1	0	0	3	0	1	3	0	0	0	2	1	0	0	2	0	1	0	0	1	0	2	0	0	4	0	0	0	0	1	0	2	0	3	1	0	1	1	0	0	2	0	0	0	0	0	0	0	0	0	0	0	0	0	0
16	15	1	3	0	0	3	10	4	0	0	0	0	0	1	0	0	0	1	0	0	0	0	0	0	0	0	1	0	0	0	0	0	0	0	1	0	0	0	0	0	1	1	1	0	0	0	0	1	0	0	0	0	0	0	0	0	0	0	0	0	0	0	0	0	0	0	0	0	0	0	0	0	0	0	0	0	0	0	0	0	0	0	0	0	0	0	0	0	1	1	0	0	0	0	0	0	0	0	0	0	0	0	0	0	0	0	0	0	0	0	0	0	1	0	0	0	0	0	0	0	0	0	0	0	0	0	0	0	0	0	0	0	0	1	0	0	0	0	0	0	0	0	0	0	0	0	0	0	0	0	0
767	985	129	368	62	84	326	665	146	74	18	49	54	1	27	34	20	22	55	15	8	40	0	44	8	7	0	17	3	19	17	3	25	8	12	10	6	4	15	1	9	8	3	12	1	16	16	14	2	2	4	10	8	6	1	1	1	3	0	8	0	1	1	2	3	5	26	2	2	0	5	0	2	1	14	2	0	3	1	5	9	2	3	0	0	1	1	4	0	5	3	2	10	1	1	9	0	6	1	0	2	2	4	4	0	1	2	1	2	1	1	5	0	4	5	1	0	1	1	0	1	5	0	0	2	2	1	1	1	1	3	1	0	1	2	0	0	3	0	1	0	1	2	0	0	1	0	0	0	0	3	0
277	399	69	158	20	26	116	251	60	31	10	17	19	0	6	8	13	10	19	4	1	24	0	17	1	3	0	7	2	8	6	0	11	0	12	3	0	2	6	0	3	2	3	2	1	2	6	0	0	1	2	2	1	2	0	0	0	3	0	4	0	1	1	2	3	1	14	1	0	0	0	1	1	1	3	0	1	0	1	0	4	3	0	0	2	1	0	3	0	3	5	2	3	1	0	1	1	0	1	0	1	0	1	0	0	0	1	0	0	1	1	0	0	1	0	1	0	0	0	1	0	0	0	0	0	0	2	0	0	0	3	2	1	0	2	1	1	0	0	0	0	0	0	0	0	0	0	0	0	0	3	0
15	19	5	9	0	0	6	13	4	1	0	1	0	0	1	0	2	1	0	0	0	4	0	0	0	0	0	1	0	0	1	0	0	0	0	0	0	0	1	0	0	0	0	0	0	0	0	0	0	0	0	0	0	0	0	0	0	0	0	0	0	0	0	0	0	0	2	0	0	0	0	0	1	0	0	0	0	0	0	0	1	0	0	0	0	0	1	0	0	0	0	0	0	0	0	0	1	0	0	0	0	0	0	0	0	0	0	0	0	0	0	0	0	0	0	0	0	0	0	0	0	0	0	0	0	0	0	0	0	0	0	1	0	0	0	0	0	0	0	0	0	0	0	0	0	0	0	0	0	0	0	0
82	119	14	37	5	8	31	74	20	7	4	9	0	0	3	2	2	3	2	1	0	5	0	3	1	1	0	0	0	0	4	0	2	0	8	1	2	1	1	0	0	1	0	3	0	3	1	2	0	0	0	0	1	1	0	0	0	0	0	0	0	0	0	0	1	1	6	0	1	0	0	0	1	0	1	1	0	0	0	0	1	1	0	0	0	1	0	1	0	2	1	0	0	0	0	0	0	0	0	0	0	1	0	0	0	0	0	2	0	0	0	0	0	0	0	0	1	0	0	0	0	0	0	0	0	0	0	0	0	0	1	0	0	0	0	0	0	0	0	0	0	0	0	0	0	0	0	0	0	0	2	0
1	4	0	1	2	0	0	1	0	0	0	0	0	0	0	0	0	0	0	0	0	0	0	0	0	0	0	0	0	0	0	0	0	0	0	0	0	0	0	0	0	0	0	0	0	0	0	0	0	0	0	0	0	0	0	0	0	0	0	0	0	0	0	0	0	0	0	0	0	0	0	0	0	0	0	0	0	0	0	1	0	0	0	0	0	0	0	0	0	0	0	0	0	0	0	0	0	0	0	0	0	0	0	0	0	0	0	0	0	0	0	0	0	0	0	0	0	0	0	0	0	0	0	0	0	0	0	0	0	0	0	0	0	0	0	0	0	0	0	0	0	0	0	0	0	0	0	0	0	0	0	0
347	450	77	168	22	40	160	312	64	36	11	27	20	0	13	8	11	12	25	4	3	18	1	17	1	2	2	3	3	13	5	0	10	4	11	4	2	2	6	1	3	3	1	5	1	5	12	1	0	3	2	4	1	5	0	1	1	1	0	4	0	0	2	2	2	3	10	1	0	0	3	0	1	1	8	1	0	0	0	0	4	3	4	0	0	0	0	0	0	2	2	1	1	2	0	7	0	3	1	0	1	1	0	1	0	1	3	0	1	1	0	5	0	2	2	0	0	0	2	1	0	0	0	0	0	0	0	0	1	1	0	0	1	0	4	0	0	0	0	0	0	0	0	0	0	0	0	0	0	0	1	0
346	448	66	149	37	29	148	275	69	29	13	24	17	0	14	11	8	8	29	6	2	15	4	27	2	4	1	5	0	6	4	1	10	1	11	5	1	3	13	0	1	6	2	6	2	3	6	3	1	0	1	5	3	1	0	0	1	0	0	6	0	1	0	0	0	2	10	2	3	0	0	1	1	1	9	2	1	1	1	2	6	1	3	0	0	0	0	1	0	2	3	1	1	0	0	4	0	1	0	0	0	2	1	2	0	0	1	1	0	0	2	3	0	1	1	0	0	0	0	1	0	2	0	0	2	0	0	1	1	0	0	2	0	0	2	0	0	0	0	0	0	0	0	0	0	0	0	0	0	0	1	0
80	100	18	31	4	5	43	55	9	4	2	5	4	0	2	2	2	2	9	1	1	5	0	3	1	0	0	1	0	1	1	0	3	1	0	0	1	2	0	0	1	1	1	1	1	1	3	0	0	0	0	4	0	0	0	0	0	2	0	0	0	0	1	0	1	0	0	0	1	0	0	0	0	0	3	0	0	0	0	0	1	1	1	0	0	0	0	2	0	0	0	0	3	0	0	1	0	0	0	0	0	1	0	1	0	0	2	0	2	0	1	0	0	1	0	0	0	0	0	0	0	1	0	0	0	0	0	0	0	0	0	0	0	0	0	0	0	0	0	0	0	0	0	0	0	0	0	0	0	0	0	0
33	37	5	12	1	5	15	25	4	2	1	2	0	0	0	0	0	4	0	2	0	3	0	1	1	1	0	1	0	1	0	0	1	0	1	1	0	0	2	0	1	0	0	1	0	0	0	1	0	0	0	0	0	0	0	0	0	0	0	2	0	0	0	0	0	0	1	0	0	0	0	0	0	0	1	0	0	0	0	0	0	1	0	0	0	0	0	0	0	0	0	1	0	0	0	0	0	0	0	0	0	0	0	1	0	0	0	0	0	0	0	0	0	0	2	0	0	0	0	0	0	0	0	0	0	0	0	0	0	0	0	0	0	0	0	0	0	0	0	0	0	0	0	0	0	0	0	0	0	0	0	0
7	11	2	2	0	1	2	2	2	0	1	1	0	0	0	0	1	0	1	0	0	1	1	1	0	1	0	0	0	0	0	0	0	0	0	0	0	0	0	0	1	0	0	0	0	0	0	0	0	0	0	0	0	0	0	0	0	0	0	0	0	0	0	0	0	0	0	0	0	0	0	0	0	0	0	0	0	0	0	0	0	0	0	0	0	0	0	0	0	0	0	0	0	0	0	0	0	0	0	0	0	0	0	0	0	0	0	0	0	0	0	0	0	0	0	0	0	0	0	0	0	0	0	0	0	0	0	0	0	0	0	0	0	0	0	0	0	0	0	0	0	0	0	0	0	0	0	0	0	0	0	0
74	104	12	39	7	9	32	60	11	4	1	7	3	1	4	2	0	1	6	1	0	4	0	4	1	3	0	1	0	1	2	0	0	2	2	0	0	0	2	0	0	0	0	2	0	3	1	2	0	0	1	0	0	0	0	0	0	1	0	2	0	0	0	0	1	1	2	0	0	0	0	0	0	0	2	0	0	0	0	0	2	0	0	0	0	0	0	1	0	0	0	0	1	0	0	0	0	0	0	0	0	0	0	0	0	0	0	1	0	0	0	0	0	0	0	0	0	0	0	0	0	0	0	0	0	0	0	0	0	0	0	0	0	0	0	0	0	0	0	0	0	0	0	0	0	0	0	0	0	0	0	0
165	210	24	83	18	21	74	131	30	11	5	14	7	0	11	2	8	5	15	3	2	12	0	8	2	0	0	2	0	0	3	0	4	1	7	4	0	1	8	0	0	2	1	2	1	2	1	1	1	0	0	2	0	4	0	0	0	0	0	1	0	0	1	1	0	1	5	1	2	0	0	0	1	0	3	1	0	0	0	0	2	0	1	0	0	0	0	3	0	1	1	0	1	1	0	0	0	0	0	0	1	0	0	0	0	0	2	0	0	0	0	3	0	1	1	0	0	0	0	0	0	0	0	0	0	0	0	0	0	0	0	1	0	0	0	0	0	0	0	0	0	0	0	0	0	0	0	0	0	0	0	0
100	124	14	27	8	9	43	80	12	11	1	7	9	1	7	2	4	3	3	0	0	2	0	3	0	2	0	2	0	0	0	0	4	2	2	3	2	0	2	0	0	0	0	1	1	1	5	1	0	0	1	4	0	0	0	0	0	0	0	1	0	1	0	1	1	0	5	0	0	0	0	1	0	0	2	0	0	0	0	0	0	1	1	0	0	0	0	1	0	0	1	0	0	1	0	0	0	0	1	0	0	0	0	0	0	0	0	0	0	0	0	1	1	0	0	0	0	0	0	0	0	0	0	0	0	0	0	0	1	0	0	0	0	0	0	0	1	0	0	0	0	0	0	0	0	0	0	0	0	0	0	0
13	10	5	5	1	1	2	11	0	2	0	1	0	0	0	1	0	1	1	0	0	1	0	0	0	0	0	0	1	0	0	0	0	1	0	0	0	0	1	0	0	1	0	0	0	0	0	0	0	0	0	0	0	0	0	0	0	0	0	0	0	0	0	0	0	0	0	0	0	0	0	0	0	0	1	0	0	0	0	0	0	0	0	0	0	0	0	0	0	0	0	0	0	0	0	0	0	0	0	0	0	0	0	0	0	0	0	0	0	0	0	0	0	0	0	0	0	0	0	0	0	0	0	0	0	0	0	0	0	0	0	0	0	0	0	0	0	0	0	0	0	0	0	0	0	0	0	0	0	0	0	0
147	197	48	69	16	12	58	116	27	15	2	9	8	0	6	4	3	4	8	3	0	9	1	11	0	1	0	4	0	2	2	0	0	0	9	1	2	0	3	0	0	0	0	3	0	5	2	1	1	0	1	2	3	2	0	1	0	1	1	0	0	0	0	1	0	0	1	1	1	0	0	1	0	0	1	0	2	0	2	1	1	2	0	0	0	0	0	0	0	0	1	1	0	1	0	3	0	0	1	0	1	0	0	1	0	0	1	0	0	0	1	0	0	1	1	0	0	0	0	0	0	0	0	0	0	0	0	0	0	0	0	0	0	0	0	0	1	0	0	0	0	0	1	0	0	0	0	0	0	0	0	0
130	160	24	74	19	18	54	107	31	9	2	4	8	0	9	6	1	3	9	1	1	8	1	5	0	2	0	3	0	4	2	0	2	2	6	1	1	1	4	0	1	2	0	3	0	1	2	0	0	0	0	1	2	1	0	0	0	0	0	4	0	0	1	2	2	3	0	0	0	0	0	0	2	0	2	0	0	0	0	1	1	0	2	0	0	0	0	0	0	1	0	0	0	2	0	1	0	0	1	1	0	1	0	1	0	0	0	0	0	0	0	2	0	3	0	0	0	0	1	0	0	0	0	0	0	0	0	1	0	0	0	4	0	0	0	0	0	0	0	0	0	0	0	0	0	0	0	0	0	1	0	0
45	47	6	12	2	5	19	25	11	1	2	0	0	0	1	0	0	0	1	0	1	1	0	1	0	0	0	1	0	1	0	0	0	1	1	4	0	0	0	0	0	1	0	0	0	1	1	0	0	0	0	0	0	0	0	0	0	0	0	1	0	0	0	0	0	0	2	0	0	0	0	0	1	0	0	0	0	0	0	0	0	0	0	0	0	0	0	0	0	1	0	0	0	0	0	0	0	0	0	0	0	0	0	0	0	0	0	0	0	0	0	0	0	0	0	0	1	0	0	0	0	0	0	0	0	0	0	0	0	0	0	0	0	0	0	0	0	0	0	0	0	0	0	0	0	0	0	0	0	0	0	0
18	29	10	13	1	3	7	24	5	2	0	3	1	0	0	0	1	1	0	0	1	1	1	0	0	0	0	1	0	1	1	0	1	0	2	1	0	1	0	0	0	0	0	0	0	0	0	0	1	0	0	1	0	0	0	0	0	0	0	1	0	1	0	0	0	0	1	0	0	0	0	0	0	0	0	0	0	0	0	0	0	0	0	0	0	0	0	0	0	0	1	0	0	0	0	1	0	0	0	0	0	0	0	0	0	0	0	0	0	0	0	0	0	0	0	0	0	0	0	0	0	0	0	0	0	0	0	0	0	0	1	0	0	0	0	0	0	0	0	0	0	0	0	0	0	0	0	0	0	0	0	0
5	5	0	1	0	0	2	4	0	1	0	0	0	0	0	0	0	0	0	0	0	0	0	1	0	0	0	0	0	0	0	0	0	0	0	0	0	0	0	0	0	0	0	0	0	0	0	0	0	0	0	0	0	0	0	0	0	0	0	0	0	0	0	0	0	0	0	1	0	0	0	0	0	0	0	0	0	0	0	0	0	0	0	0	0	0	0	0	0	0	0	0	0	0	0	0	0	0	0	0	0	0	0	0	0	0	0	0	0	0	0	0	0	0	0	0	0	0	0	0	0	0	0	0	0	0	0	0	0	0	0	0	0	0	0	0	0	0	0	0	0	0	0	0	0	0	0	0	0	0	0	0
29	41	8	13	4	3	10	29	8	1	0	3	3	0	1	0	2	0	2	0	2	1	0	2	0	0	0	0	0	0	0	0	3	0	0	1	0	0	0	0	0	0	0	0	0	0	0	1	0	0	0	0	0	0	0	0	0	0	0	0	0	0	0	0	0	0	1	0	0	0	0	1	0	0	1	0	0	1	0	0	0	0	0	0	0	0	0	0	0	0	0	0	0	0	0	0	0	0	0	0	0	0	0	0	0	0	1	0	0	0	0	0	0	0	0	0	0	0	0	0	0	0	0	0	0	0	0	0	0	0	0	0	1	0	0	0	0	0	0	0	0	0	0	0	0	0	0	0	0	0	0	0
5	4	1	2	1	0	2	8	1	1	0	1	0	0	0	1	0	0	0	0	0	1	1	0	0	0	0	0	0	0	0	0	0	0	0	0	0	0	0	0	0	0	0	0	0	0	1	0	0	0	0	0	0	0	0	0	0	0	0	0	0	0	0	0	0	0	0	1	0	0	0	0	0	0	0	0	0	0	0	0	0	0	0	0	0	0	0	0	0	0	0	0	0	0	0	0	0	1	0	0	0	0	0	0	0	0	0	0	0	0	0	0	0	0	0	0	0	0	0	0	0	0	0	0	0	0	0	0	0	0	0	0	0	0	0	0	0	0	0	0	0	0	0	0	0	0	0	0	0	0	0	0
179	242	46	96	20	27	88	155	38	17	6	17	9	0	8	7	2	6	15	2	2	8	2	7	4	1	0	0	0	2	4	0	4	1	3	3	0	0	6	0	3	0	0	1	1	2	2	3	1	0	0	3	2	0	0	0	0	0	0	5	0	1	1	0	0	2	10	1	0	0	2	0	3	0	4	0	0	1	0	1	1	2	1	0	0	0	0	1	0	2	1	0	3	1	0	4	0	2	0	0	0	0	0	0	0	0	1	1	0	0	0	0	0	0	2	0	1	0	0	0	0	1	0	0	1	0	0	1	0	0	0	0	0	1	1	0	0	0	0	0	0	0	0	0	0	0	0	0	0	0	0	0
88	108	24	34	6	6	34	76	20	10	5	4	4	3	1	0	3	3	4	0	0	3	1	6	1	0	0	4	0	1	3	0	2	1	2	2	0	1	0	0	2	1	1	4	0	1	1	1	0	0	1	0	0	0	0	0	0	0	0	2	0	0	0	0	0	0	2	0	1	1	0	0	0	0	0	0	0	0	0	0	0	1	0	0	0	0	0	0	0	1	0	0	1	1	0	1	0	1	0	0	0	0	2	0	0	0	0	0	0	0	0	0	0	0	0	0	0	0	1	0	0	0	0	0	0	0	0	0	0	0	0	0	0	1	0	0	0	0	0	0	0	0	0	0	0	0	0	0	0	0	0	0
29	33	6	9	2	1	10	28	5	0	0	2	2	0	1	2	0	1	2	0	1	0	0	2	0	2	0	1	0	1	1	0	0	0	0	2	0	0	0	0	1	0	0	0	0	0	0	1	0	0	0	1	0	0	0	0	0	0	0	1	0	0	0	0	0	0	1	0	0	0	0	0	1	0	1	0	0	0	0	0	0	0	0	0	0	0	0	0	0	0	0	1	0	0	0	0	0	1	0	0	0	0	0	0	0	0	0	0	0	0	0	0	0	0	0	0	0	0	0	0	0	0	0	0	1	0	0	0	0	0	0	0	0	0	0	0	0	0	0	0	0	0	0	0	1	0	0	0	0	0	0	0
48	93	22	38	6	5	27	53	7	9	2	9	1	0	3	2	3	1	5	1	0	5	1	3	0	1	0	1	0	0	1	0	1	1	0	3	0	0	0	0	2	0	0	5	0	1	2	1	0	0	0	1	1	0	1	0	0	0	0	0	0	0	0	2	0	0	1	0	0	0	0	0	0	0	1	0	0	1	0	0	1	0	0	0	0	0	0	1	0	0	0	0	2	0	0	0	0	2	0	0	0	0	0	1	0	0	1	0	0	0	0	0	0	0	1	0	0	0	0	0	0	0	0	0	1	0	0	0	0	0	1	0	0	0	0	0	0	0	0	0	0	0	0	0	0	0	0	0	0	0	0	0
110	160	22	56	6	13	50	113	22	9	4	8	8	1	6	3	4	3	5	1	1	4	0	4	0	2	0	2	0	1	3	1	5	0	5	1	0	1	5	0	1	2	0	2	0	2	3	2	0	1	0	0	0	3	0	0	0	0	0	1	0	1	1	0	1	0	3	0	0	0	0	0	0	0	2	0	0	0	1	1	1	0	1	1	0	0	0	0	0	0	0	1	1	1	0	1	1	2	0	0	0	0	1	0	0	1	1	0	0	0	1	0	0	1	1	0	0	0	1	0	0	0	0	0	0	0	0	0	0	0	2	0	0	0	2	0	0	0	0	0	0	0	1	0	0	0	0	1	0	0	0	0
23	29	1	13	4	1	7	19	3	2	1	1	0	0	0	0	1	0	2	0	0	0	1	2	0	1	0	0	0	0	2	0	0	0	2	0	0	2	0	0	0	0	0	0	0	0	0	0	0	0	0	0	0	0	0	0	1	0	0	0	0	0	0	1	0	0	1	0	0	0	0	0	1	0	0	0	0	0	0	0	0	0	0	0	0	0	0	0	0	0	0	0	0	0	0	0	0	0	1	0	0	0	0	0	0	0	0	0	0	0	0	0	0	0	0	0	0	0	0	0	0	0	0	0	0	0	0	0	0	0	0	0	0	0	0	0	0	0	0	0	0	0	0	0	0	0	0	0	0	0	0	0
96	148	18	46	7	16	40	91	22	7	4	3	4	0	2	2	4	4	6	2	1	2	0	6	1	2	0	0	1	2	1	0	4	1	6	4	0	0	1	0	1	2	0	4	0	0	5	1	0	0	0	3	0	0	0	0	1	0	0	2	0	0	0	1	1	0	3	2	0	0	0	1	0	0	2	0	1	0	0	0	2	0	1	0	0	0	0	0	0	3	1	2	0	1	0	0	0	1	0	0	0	0	0	2	0	0	1	1	1	0	0	2	0	1	1	1	0	0	0	0	0	1	0	0	0	0	0	0	0	0	1	0	0	0	1	0	0	0	0	0	0	0	0	0	0	0	0	0	0	0	0	0
10	13	0	2	1	1	4	7	0	0	0	1	0	0	0	0	0	0	1	0	0	0	0	0	0	0	0	1	0	0	0	0	0	0	1	0	0	0	0	0	0	0	0	0	0	0	0	0	0	0	0	0	0	0	0	0	0	1	0	0	0	0	0	0	0	1	0	0	0	0	0	0	0	0	1	0	0	0	0	0	0	0	0	0	0	0	0	0	0	0	0	0	0	0	0	0	0	0	0	0	0	0	0	0	0	0	0	0	0	0	0	0	0	0	0	0	0	0	0	0	0	0	0	0	0	0	0	0	0	0	0	1	0	0	0	0	0	0	0	0	0	0	0	0	0	0	0	0	0	0	0	0
181	226	32	88	13	17	67	130	34	15	4	10	5	1	4	3	5	5	16	4	1	5	0	9	0	1	0	8	0	4	1	0	3	1	1	2	0	2	4	0	3	6	2	3	1	1	2	0	0	0	0	2	0	1	1	0	0	1	0	2	0	0	0	0	1	3	7	1	0	0	1	2	2	0	1	0	0	0	0	0	0	0	2	0	1	0	0	1	0	1	1	0	1	0	1	3	0	0	0	0	0	0	1	0	0	0	0	1	0	0	0	2	0	0	0	1	0	0	0	0	0	1	0	1	1	0	0	1	1	0	0	0	0	0	0	1	0	0	1	0	0	0	0	0	0	0	0	0	0	0	0	1
14	33	2	13	2	4	11	20	5	4	0	1	1	1	1	1	0	0	2	0	0	3	0	2	0	0	0	1	0	0	1	0	1	0	0	0	0	0	2	0	0	0	0	0	0	0	1	0	0	0	0	0	0	0	0	0	0	1	0	0	0	0	0	0	0	0	0	2	0	0	1	0	1	0	0	0	0	1	0	0	0	0	0	0	0	0	0	0	0	0	0	0	0	0	0	0	0	0	0	0	0	0	0	0	0	0	0	0	0	0	0	1	0	0	0	0	0	0	2	0	0	0	0	0	0	0	0	0	0	0	0	0	0	0	0	0	0	0	0	0	0	0	0	0	0	0	0	0	0	0	0	0
42	57	13	26	2	10	15	42	6	2	0	3	1	1	2	1	0	1	1	0	0	2	0	2	1	0	0	1	0	1	1	0	0	0	3	0	1	1	2	0	1	3	0	2	0	0	0	0	0	0	1	2	0	0	0	0	0	0	0	0	0	1	0	0	0	1	0	0	1	0	1	0	0	0	0	0	0	0	0	1	0	1	0	0	1	0	0	0	0	0	0	0	0	0	0	0	0	0	0	0	0	0	1	0	0	0	2	0	0	0	0	0	0	2	1	0	0	0	0	0	0	0	0	0	0	0	0	0	0	0	0	0	0	0	0	0	0	0	0	0	0	0	1	0	0	0	0	0	0	0	0	0
31	50	3	18	1	2	19	20	10	6	1	1	2	0	1	1	1	0	3	0	0	0	0	2	1	0	0	0	0	0	1	0	0	0	0	0	0	0	1	0	0	0	0	0	1	2	1	0	0	0	0	1	0	1	0	0	0	0	0	1	0	0	0	1	0	0	0	0	0	0	0	0	0	0	0	0	0	1	0	0	1	1	0	0	0	0	0	0	0	1	1	0	2	0	0	0	0	1	0	0	0	0	0	0	0	0	1	0	0	1	0	1	0	0	0	0	0	0	0	0	0	0	0	0	0	0	0	0	0	0	1	0	0	0	0	0	0	0	0	0	0	0	0	0	0	0	0	0	0	0	0	0
22	34	10	9	5	0	7	29	2	1	3	5	0	0	3	2	0	1	1	0	0	2	0	1	0	0	0	1	0	2	0	0	0	0	0	1	0	0	0	0	0	0	3	1	0	1	1	0	0	0	0	0	0	1	0	0	0	0	0	0	0	0	0	0	1	0	2	1	0	0	0	0	1	0	0	0	0	0	0	0	0	0	0	0	0	0	0	0	0	1	0	0	0	0	0	0	0	0	0	0	0	0	0	1	0	0	0	0	0	0	0	0	0	0	1	0	0	0	0	0	0	0	0	0	0	0	0	0	0	0	0	0	0	0	0	0	0	0	0	0	0	0	0	0	0	0	0	0	0	0	0	0
36	47	8	24	5	2	9	32	12	2	1	3	3	0	2	2	0	0	5	2	2	3	0	2	0	0	0	0	0	1	1	0	1	1	2	0	0	0	1	1	0	0	0	1	0	1	0	0	0	0	1	0	0	1	0	0	0	0	0	0	0	0	0	0	0	0	1	0	0	0	0	0	0	0	0	0	0	0	0	0	0	0	0	0	0	0	0	0	0	1	0	0	0	0	0	1	0	0	0	0	0	0	1	0	0	0	0	0	0	0	1	0	0	0	1	0	0	0	0	0	0	0	0	0	0	0	0	0	0	0	1	0	0	0	1	0	0	0	0	0	0	0	0	0	0	0	0	0	0	0	0	0
31	33	6	8	3	4	13	21	9	1	0	1	2	0	3	0	1	2	1	0	1	1	0	0	0	0	0	1	0	0	1	0	3	0	1	1	0	0	1	0	0	0	0	0	0	1	0	0	0	0	0	2	0	0	0	0	0	0	0	0	0	0	0	0	0	0	2	0	1	0	0	0	0	0	0	0	1	0	0	0	0	0	0	0	0	0	0	0	0	0	0	0	0	0	0	0	0	1	0	0	0	1	0	0	0	0	0	0	0	0	0	0	0	0	0	0	0	0	0	0	0	1	0	0	0	0	0	0	0	0	0	0	0	1	0	0	0	0	0	0	0	0	0	0	0	0	0	0	0	0	0	0
233	311	44	118	18	18	89	162	48	23	8	14	16	1	6	5	14	6	15	3	3	12	0	17	2	2	0	3	0	3	6	0	2	0	5	1	0	2	7	0	2	5	1	3	0	4	4	3	0	0	0	3	4	1	0	0	0	1	0	0	0	0	0	1	1	3	8	0	0	1	1	1	4	0	4	1	0	0	0	0	2	0	0	0	0	0	1	1	0	3	1	1	1	2	0	2	1	3	0	0	0	0	0	1	0	0	2	1	0	0	0	0	0	4	0	0	1	0	0	0	0	1	0	0	1	0	0	0	0	0	2	0	1	0	2	0	0	0	0	0	0	0	0	0	0	0	0	0	0	0	0	0
0	1	0	0	0	0	0	0	0	0	0	0	0	0	0	0	0	0	0	0	0	0	0	0	0	0	0	0	0	0	0	0	0	0	0	0	0	0	0	0	0	0	0	0	0	0	0	0	0	0	0	0	0	0	0	0	0	0	0	0	0	0	0	0	0	0	0	0	0	0	0	0	0	0	0	0	0	0	0	0	0	0	0	0	0	0	0	0	0	0	0	0	0	0	0	0	0	0	0	0	0	0	0	0	0	0	0	0	0	0	0	0	0	0	0	0	0	0	0	0	0	0	0	0	0	0	0	0	0	0	0	0	0	0	0	0	0	0	0	0	0	0	0	0	0	0	0	0	0	0	0	0
17	27	1	11	4	1	6	19	5	4	0	2	0	0	1	1	1	0	3	0	1	2	0	1	0	0	0	0	0	1	0	0	1	1	0	0	0	0	0	0	0	0	0	1	0	1	0	0	0	0	1	0	0	1	0	0	0	0	0	0	0	0	0	1	0	0	0	0	0	0	0	0	0	0	0	0	0	0	0	0	0	0	0	0	0	0	0	0	0	1	0	0	0	0	1	0	0	0	0	0	0	0	0	0	0	0	0	0	0	0	0	0	0	0	0	0	0	0	0	0	0	0	0	0	0	0	0	0	0	0	0	0	0	0	0	0	0	0	0	0	0	0	0	0	0	0	0	0	0	0	0	0
65	65	9	29	1	5	20	42	9	12	1	1	4	0	3	1	0	0	3	0	1	6	0	2	0	1	0	2	0	2	3	0	3	1	0	0	0	0	1	0	1	0	0	0	0	1	0	0	0	0	0	0	1	1	0	0	0	0	0	0	0	0	0	0	0	1	3	1	0	0	0	0	0	0	0	0	0	0	0	0	0	1	0	0	0	0	0	0	0	0	1	0	1	1	0	1	0	0	0	0	1	0	0	0	0	0	1	0	0	0	0	0	0	0	0	0	0	0	0	0	0	1	0	0	0	0	0	0	0	0	0	1	0	0	0	0	0	0	0	0	0	0	0	0	0	0	0	0	0	0	0	0
9	15	1	5	0	0	6	10	1	2	0	1	0	0	0	0	0	0	0	0	0	1	1	1	0	1	0	0	0	0	0	0	0	0	0	0	0	0	0	0	0	0	0	0	0	0	0	0	0	0	0	0	1	0	0	0	0	0	0	0	0	0	0	0	0	1	0	0	0	0	0	0	0	0	0	0	0	0	0	0	0	0	0	0	0	0	0	0	0	0	0	0	0	0	0	0	0	0	0	0	0	0	0	1	0	0	0	0	0	0	0	0	0	0	0	0	0	0	0	0	0	0	0	0	0	0	0	1	0	0	0	0	0	0	0	0	0	0	0	0	0	0	0	0	0	0	0	0	0	0	0	0
37	53	10	16	2	3	18	27	5	4	0	1	1	0	2	0	1	2	2	0	0	2	0	2	1	2	0	0	0	1	0	0	1	0	4	0	0	0	1	0	0	0	0	0	0	1	0	0	0	0	1	2	1	1	1	0	0	0	0	2	0	0	0	0	0	0	1	0	0	0	0	0	0	0	0	0	0	0	0	1	1	0	0	0	0	1	0	3	0	0	0	0	0	0	0	1	1	0	0	0	0	0	0	0	0	0	0	0	1	0	0	0	0	0	0	0	0	0	0	0	0	0	0	0	0	0	0	0	0	0	0	0	0	0	0	0	0	0	0	0	0	0	0	0	0	0	0	0	0	0	1	0
55	52	14	21	8	4	22	39	10	6	3	3	4	1	2	2	1	2	4	2	1	5	0	1	0	1	0	1	1	0	1	0	0	0	3	0	0	0	1	1	1	0	0	0	0	1	0	2	0	1	0	0	0	0	0	0	0	0	0	0	0	0	0	1	1	0	0	0	0	0	0	0	1	0	0	0	0	0	1	0	0	0	0	0	0	0	0	0	0	1	0	0	1	0	0	0	0	0	0	0	0	0	0	0	0	0	0	0	0	0	0	0	0	0	0	0	0	0	1	0	0	0	0	0	0	0	0	0	0	0	1	0	0	0	0	0	0	0	0	0	0	0	0	1	0	0	0	0	0	0	0	0
12	10	2	4	1	2	5	7	1	2	0	0	0	0	1	0	0	0	0	0	1	1	0	1	0	0	0	0	0	0	1	0	0	0	0	0	0	0	0	0	0	0	0	0	0	0	0	0	0	0	0	0	1	0	0	0	0	0	0	0	0	0	0	0	1	0	1	0	0	0	0	0	0	0	0	0	0	0	0	0	0	0	0	0	0	0	0	0	0	0	0	0	0	0	0	0	0	0	0	0	0	0	0	0	0	0	0	0	0	0	0	0	0	0	0	0	0	0	0	0	0	0	0	0	0	0	0	1	0	0	0	0	0	0	0	0	0	0	0	0	0	0	0	0	0	0	0	0	0	0	0	0
34	33	4	10	3	3	8	26	4	2	1	0	0	0	1	0	1	0	0	0	0	0	0	1	0	1	0	0	0	0	1	0	1	1	2	1	0	0	0	0	0	0	0	0	0	0	1	0	0	0	0	0	0	0	0	0	0	0	0	1	0	0	0	0	0	0	2	0	0	0	1	0	1	0	2	0	0	0	0	0	0	0	0	0	0	0	0	0	0	0	0	0	0	0	0	1	0	1	1	0	0	0	0	0	0	0	0	0	0	0	0	0	0	1	1	0	0	0	0	0	0	0	0	0	0	0	0	0	0	0	0	0	0	0	0	0	2	0	0	0	0	0	0	0	0	0	0	0	0	0	1	0
28	32	3	11	2	0	16	17	2	0	0	1	0	0	1	1	0	2	3	0	1	1	1	2	0	0	0	0	0	0	0	1	0	0	0	1	1	0	0	0	0	3	0	1	0	1	1	0	0	0	0	2	1	0	0	0	0	0	0	0	0	0	0	0	0	1	1	0	0	0	0	0	0	0	0	0	0	0	0	0	0	0	0	0	0	0	0	0	0	0	0	0	0	0	0	0	0	0	0	0	0	0	0	0	0	0	0	0	0	0	0	0	0	0	0	0	0	0	1	0	0	0	0	0	0	0	0	1	0	0	0	0	0	0	0	0	0	0	0	0	0	0	0	0	0	0	0	0	0	0	0	0
89	136	11	44	13	10	31	74	14	8	0	7	4	0	4	0	2	6	6	1	3	3	0	5	0	1	0	2	0	1	2	0	2	2	2	1	1	4	3	0	0	2	0	1	0	2	1	0	0	0	0	0	1	0	0	0	0	0	0	0	0	0	0	1	0	0	4	0	1	0	0	1	0	0	1	1	0	0	1	0	3	1	1	0	0	0	0	0	0	0	0	0	3	0	0	0	1	0	0	0	2	0	0	0	0	0	1	0	0	0	0	0	0	0	1	0	0	0	0	0	0	0	0	0	0	1	0	0	0	0	0	0	0	0	0	0	0	0	0	0	0	0	0	0	0	0	0	0	0	1	1	0
52	82	10	14	7	5	21	42	6	3	0	4	1	0	1	0	3	2	0	1	0	1	1	2	0	0	0	2	0	1	0	0	0	0	0	1	0	0	1	0	0	0	1	1	1	0	1	1	0	0	0	0	0	2	0	0	0	0	0	0	0	0	0	0	0	0	3	0	0	0	0	0	0	0	0	0	0	0	1	0	0	1	0	0	0	0	0	0	0	1	0	0	1	0	0	1	0	0	0	0	0	0	0	0	0	0	1	1	0	0	0	1	0	0	1	0	0	0	0	0	0	0	0	0	0	0	0	0	0	0	0	0	0	0	1	0	0	0	0	0	0	0	0	1	0	0	0	0	0	0	0	0
29	45	8	15	2	6	11	29	5	3	1	2	2	1	0	1	1	1	2	0	1	2	0	2	0	0	0	1	0	0	1	0	0	0	1	0	0	0	1	1	0	0	0	1	1	1	2	1	0	0	0	0	0	2	0	0	0	0	0	0	0	0	1	0	1	1	1	1	0	0	0	0	0	0	0	0	0	0	0	0	1	0	0	0	1	0	0	0	0	1	0	0	1	0	0	0	0	0	0	0	0	0	0	0	0	0	0	0	0	0	0	0	0	0	0	0	0	0	1	0	0	0	0	0	0	0	0	0	0	0	0	0	0	0	0	0	0	0	0	0	0	0	0	0	0	0	0	0	0	0	0	0
1	0	0	0	0	0	0	0	0	0	0	0	0	0	0	0	0	0	0	0	0	0	0	0	0	0	0	0	0	0	0	0	0	0	0	0	0	0	0	0	0	0	0	0	0	0	0	0	0	0	0	0	0	0	0	0	0	0	0	0	0	0	0	0	0	0	0	0	0	0	0	0	0	0	0	0	0	0	0	0	0	0	0	0	0	0	0	0	0	0	0	0	0	0	0	0	0	0	0	0	0	0	0	0	0	0	0	0	0	0	0	0	0	0	0	0	0	0	0	0	0	0	0	0	0	0	0	0	0	0	0	0	0	0	0	0	0	0	0	0	0	0	0	0	0	0	0	0	0	0	0	0
46	65	14	18	4	8	20	43	6	4	3	6	1	0	1	2	0	1	3	1	0	4	0	2	0	0	0	0	0	4	1	0	0	1	0	0	0	1	1	0	0	1	0	2	0	3	1	0	0	0	0	1	0	0	0	0	0	1	0	2	0	0	0	0	0	0	2	0	0	0	0	0	1	0	1	1	0	0	0	0	1	0	1	0	0	0	0	0	0	0	2	0	0	2	0	0	0	0	0	0	0	0	0	0	0	0	0	1	0	0	0	0	0	0	1	0	0	0	0	0	1	0	0	0	0	0	0	0	1	0	0	0	0	0	0	0	0	0	0	0	0	0	0	0	0	0	0	0	0	0	0	1
31	50	7	15	2	2	11	35	5	2	0	1	1	1	0	0	2	1	0	0	0	1	1	2	0	0	0	1	0	0	1	0	1	0	1	0	0	0	3	0	1	0	0	0	0	1	0	0	0	0	1	0	0	1	0	0	0	2	0	1	0	0	0	0	0	0	1	0	0	0	0	0	0	0	1	0	0	0	0	0	1	0	0	0	0	0	0	0	0	0	0	0	1	0	0	0	0	0	0	0	0	0	0	0	1	0	0	0	0	0	0	1	0	0	0	0	0	0	0	0	1	0	0	0	0	0	0	0	0	0	0	0	0	0	0	0	0	0	0	0	0	0	0	0	0	0	0	0	0	0	0	0
3	12	3	1	0	0	3	2	0	0	0	0	0	0	0	2	0	0	0	0	0	0	0	1	0	0	0	0	0	0	0	0	0	0	0	0	0	0	0	0	0	0	0	0	0	0	0	0	0	0	0	0	0	0	0	0	0	0	0	0	0	0	0	0	0	0	1	0	0	0	0	0	0	0	0	0	0	0	0	0	0	0	0	0	0	0	0	0	0	0	0	0	0	0	0	0	0	0	0	0	0	0	0	0	0	0	0	0	0	0	0	1	0	0	0	0	0	0	0	0	0	0	0	0	0	0	0	0	0	0	0	0	0	0	0	0	0	0	0	0	0	0	0	0	0	0	0	0	0	0	0	0
1	1	0	0	0	0	0	0	0	0	0	0	0	0	0	0	0	0	0	0	0	0	0	0	0	0	0	0	0	0	0	0	0	0	0	0	0	0	0	0	0	0	0	0	0	0	0	0	0	0	0	0	0	0	0	0	0	0	0	0	0	0	0	0	0	0	0	0	0	0	0	0	0	0	0	0	0	0	0	0	0	0	0	0	0	0	0	0	0	0	0	0	0	0	0	0	0	0	0	0	0	0	0	0	0	0	0	0	0	0	0	0	0	0	0	0	0	0	0	0	0	0	0	0	0	0	0	0	0	0	0	0	0	0	0	0	0	0	0	0	0	0	0	0	0	0	0	0	0	0	0	0
7	6	1	4	0	1	2	7	4	0	1	0	1	0	0	1	0	0	1	0	0	0	0	0	0	0	0	0	0	0	0	0	0	0	2	0	0	0	0	0	0	2	0	0	0	0	0	0	0	0	0	0	0	0	0	0	0	0	0	0	0	0	0	0	0	1	0	0	0	0	0	0	0	0	0	0	0	0	0	0	1	0	0	0	0	0	0	0	0	0	0	0	0	0	0	0	0	0	0	0	0	0	0	0	0	0	0	0	1	0	1	0	0	0	0	0	0	0	0	0	0	0	0	0	0	0	0	0	0	0	0	1	0	0	0	0	0	0	0	0	0	0	0	0	0	0	0	0	0	0	0	0
14	10	2	4	1	1	3	3	3	0	1	1	2	0	1	0	0	0	1	0	0	0	0	0	0	0	0	0	0	0	0	0	0	0	1	0	0	0	0	0	0	0	0	0	0	0	0	0	0	0	0	0	0	0	0	0	0	0	0	1	0	0	0	0	0	0	0	0	0	0	0	0	1	0	0	0	0	0	0	0	0	0	0	0	0	0	0	0	0	0	0	0	0	0	0	0	0	0	0	0	0	0	0	0	0	0	0	0	0	0	0	0	0	0	0	0	0	0	0	0	0	0	0	0	0	0	0	0	0	0	0	0	0	0	0	0	0	0	0	0	0	0	0	0	0	0	0	0	0	0	0	0
7	13	0	1	0	0	5	8	6	3	0	1	1	0	0	1	0	0	1	0	0	1	0	0	1	0	0	0	0	0	0	0	0	0	0	1	0	0	0	0	0	1	0	0	0	0	0	0	0	0	0	0	0	0	0	0	0	0	1	0	0	0	0	0	0	0	1	0	0	0	0	0	0	0	0	0	0	0	0	0	0	0	0	0	0	0	0	0	0	0	0	0	1	0	0	0	0	0	0	0	0	0	0	0	0	0	0	0	0	0	0	0	0	0	1	0	0	0	0	0	0	0	0	0	0	0	0	0	0	0	0	0	0	0	0	0	0	0	0	0	0	0	0	0	0	0	0	0	0	0	0	0
3	3	0	0	0	0	1	2	1	1	0	0	0	0	0	0	0	0	0	1	0	0	0	0	0	0	0	0	0	0	0	0	1	0	0	0	0	0	0	0	0	0	0	0	0	0	0	0	0	0	0	0	0	0	0	0	0	0	0	0	0	0	0	0	0	0	0	0	0	0	0	0	0	0	0	0	0	0	0	0	0	0	0	0	0	0	0	0	0	0	0	1	0	0	0	0	0	0	0	0	0	0	0	0	0	0	0	0	0	0	0	0	0	0	0	0	0	0	0	0	0	0	0	0	1	0	0	0	0	0	0	0	0	0	0	0	0	0	0	0	0	0	1	0	0	0	0	0	0	0	0	0
25	20	1	7	1	2	6	11	7	1	0	2	0	0	1	1	1	0	0	0	0	2	0	1	0	0	0	0	0	0	0	0	0	0	0	0	0	0	0	0	0	0	0	0	0	0	0	0	0	0	0	0	0	0	0	0	0	0	0	1	0	0	0	0	0	0	0	0	0	0	0	0	0	0	0	0	0	0	0	0	1	0	0	0	0	0	0	0	0	0	0	0	0	1	0	0	0	0	0	0	0	0	0	0	0	0	0	0	0	0	0	0	0	0	0	0	0	0	0	0	0	0	0	0	0	0	0	0	0	0	0	0	0	0	0	0	0	0	0	0	0	0	0	0	0	0	0	0	0	0	0	0
0	0	0	1	0	0	0	0	0	0	0	0	0	0	0	0	0	1	0	0	0	0	0	0	0	0	0	0	0	0	0	0	0	0	0	0	0	0	0	0	0	0	0	0	0	0	0	0	0	0	0	0	0	0	0	0	0	1	0	0	0	0	0	0	0	0	0	0	0	0	0	0	0	0	0	0	0	0	0	0	0	0	0	0	0	0	0	0	0	0	0	0	0	0	0	0	0	0	0	0	0	0	0	0	0	0	0	0	0	0	0	0	0	0	0	0	0	0	0	0	0	0	0	0	0	0	0	0	0	0	0	0	0	0	0	0	0	0	0	0	0	0	0	0	0	0	0	0	0	0	0	0
33	49	4	13	2	2	10	18	2	2	1	2	1	0	2	2	0	0	1	0	0	3	0	3	0	0	0	0	0	0	0	0	1	0	0	1	1	1	2	0	0	0	0	0	0	0	0	0	0	0	1	0	0	0	0	0	0	0	0	0	0	0	0	0	0	0	0	0	0	0	0	1	0	0	0	0	0	0	0	0	0	0	0	0	0	0	0	1	0	0	1	0	0	0	0	0	0	0	0	0	0	0	0	0	1	0	1	0	0	0	0	0	0	0	0	0	0	0	0	0	0	0	0	0	0	0	0	0	0	0	0	0	0	0	0	0	0	0	0	0	0	0	0	0	0	0	0	0	0	0	0	0
17	26	4	8	4	1	6	21	5	4	2	0	3	0	1	0	0	0	2	0	0	0	0	0	0	0	0	1	0	0	1	0	0	0	1	0	0	0	0	0	0	0	0	0	0	0	0	0	0	0	0	0	0	0	0	0	0	0	0	0	0	0	0	0	0	0	0	0	0	0	0	0	0	0	0	0	0	0	0	0	0	0	0	0	0	0	0	0	0	0	1	0	0	0	0	1	0	1	0	0	0	0	0	0	0	0	0	0	0	0	0	0	0	0	0	0	0	0	0	0	0	0	0	0	0	0	0	0	0	0	0	0	0	0	0	0	0	0	0	0	0	0	0	0	0	0	0	0	0	0	0	0
50	69	4	29	6	7	20	26	10	4	0	1	4	0	0	2	0	1	2	1	1	2	0	1	0	0	0	1	0	0	0	0	1	0	0	0	0	0	3	0	0	1	1	1	0	3	1	1	0	0	1	1	0	0	0	0	1	0	0	0	0	0	0	0	0	0	4	0	1	0	0	0	0	0	2	0	0	0	0	0	1	0	1	0	0	0	0	0	0	0	1	0	0	0	0	0	0	0	1	0	0	0	0	1	0	0	1	0	0	0	0	0	0	0	0	0	0	0	0	0	0	0	0	0	0	0	0	0	0	0	0	0	0	0	0	0	0	0	0	0	0	0	0	0	0	0	0	0	0	0	0	0
16	18	6	5	2	4	7	11	3	2	0	2	0	1	0	0	0	1	1	0	1	0	1	3	0	1	0	1	0	0	0	0	0	0	3	1	1	1	0	0	0	0	0	1	0	0	1	0	0	0	0	0	0	0	0	0	0	0	0	0	0	0	0	0	0	0	0	0	0	0	0	0	0	0	0	0	0	0	0	0	0	0	0	0	0	0	0	0	0	0	1	0	2	0	0	0	0	0	0	0	0	0	0	0	0	0	0	1	1	0	0	0	0	0	0	0	0	0	0	0	0	0	0	0	0	0	0	0	0	0	0	0	0	0	0	0	0	0	0	0	0	0	0	0	0	0	0	0	0	0	0	0
23	34	5	9	1	3	10	22	4	1	2	2	1	0	1	1	2	1	0	1	0	1	0	2	0	0	0	1	0	0	1	0	1	0	1	1	0	1	0	0	0	0	0	1	0	1	0	1	0	0	0	1	0	0	0	0	0	0	0	0	0	0	0	0	0	0	0	0	0	0	0	0	0	0	2	0	0	0	0	2	1	0	0	0	0	0	0	0	0	0	0	0	0	0	0	0	0	0	0	0	0	0	0	0	0	0	0	0	0	0	0	0	0	0	0	0	0	0	0	0	0	0	0	0	0	0	0	0	0	0	0	0	0	0	0	0	0	0	0	0	0	0	0	0	0	0	0	0	0	0	0	0
9	21	6	7	3	0	6	5	3	0	0	0	2	0	1	0	0	0	2	0	0	0	0	0	0	0	0	0	0	0	0	0	0	0	0	0	0	0	0	0	0	1	0	1	0	0	0	0	0	0	0	0	0	0	0	0	0	0	0	1	0	0	0	0	0	0	0	0	0	0	0	0	0	0	0	0	0	0	0	0	0	0	0	0	0	0	0	0	0	0	0	0	0	0	0	0	0	0	0	0	0	0	0	0	0	0	0	0	0	0	0	0	0	0	0	0	0	0	0	0	0	0	0	0	0	0	0	0	0	0	0	0	0	0	0	0	0	0	0	0	0	0	0	0	0	0	0	0	0	0	0	0
2	3	1	1	0	0	1	3	0	0	0	0	0	0	0	0	0	0	0	0	0	0	0	1	0	0	0	0	0	0	0	0	0	0	0	0	0	0	0	0	0	0	0	0	0	0	0	0	0	0	0	0	0	0	0	0	0	0	0	0	0	0	0	0	0	0	0	0	0	0	0	0	0	0	0	0	0	0	0	0	0	0	0	0	0	0	0	0	0	0	0	0	0	0	0	0	0	0	0	0	0	0	0	0	0	0	0	0	0	0	0	0	0	0	0	0	0	0	0	0	0	0	0	0	0	0	0	0	0	0	0	0	0	0	0	0	0	0	0	0	0	0	0	0	0	0	0	0	0	0	0	0
17	25	8	10	0	1	12	15	5	2	1	0	1	0	0	0	0	0	1	0	0	1	0	1	0	0	0	0	0	1	0	0	0	0	1	0	0	0	1	0	1	0	0	1	0	0	1	0	0	0	0	0	0	0	0	0	0	0	0	0	0	0	0	1	0	0	0	0	0	0	0	0	1	0	1	0	0	0	0	0	1	0	1	0	0	0	0	0	0	0	0	0	0	0	0	0	0	0	0	0	0	0	0	0	0	0	0	0	0	0	0	0	0	0	1	0	0	0	0	0	0	0	0	0	0	0	0	0	0	0	0	0	0	0	0	0	0	0	0	0	0	0	0	0	0	0	0	0	0	0	0	0
2	1	0	0	0	0	0	2	0	0	0	0	0	0	0	0	1	0	0	0	0	0	0	1	0	0	0	0	0	1	0	0	0	0	0	0	0	0	0	0	0	0	0	0	0	0	0	0	0	0	0	0	0	0	0	0	0	0	0	1	0	0	0	0	0	0	0	0	0	0	0	0	0	0	0	0	0	0	0	0	0	0	0	0	0	0	0	0	0	0	0	0	0	0	0	0	0	0	0	0	0	0	0	0	0	0	0	0	0	0	0	0	0	0	0	0	0	0	0	0	0	0	0	0	0	0	0	0	0	0	0	0	0	0	0	0	0	0	0	0	0	0	0	0	0	0	0	0	0	0	0	0
13	14	0	3	1	1	1	6	2	0	1	0	1	0	1	0	0	1	0	0	0	0	1	1	0	0	0	0	0	0	0	0	0	0	0	0	0	0	0	0	0	0	0	0	0	0	0	0	0	0	0	0	0	0	0	0	0	0	0	0	0	0	0	0	0	0	0	0	0	0	0	0	0	0	0	0	0	0	0	0	1	0	0	0	0	0	0	0	0	0	0	0	0	0	0	0	0	0	0	0	0	0	0	0	0	0	0	0	0	0	0	0	0	0	0	0	0	0	0	0	0	0	0	0	0	0	0	0	0	0	0	0	0	0	0	0	0	0	0	0	0	0	0	0	0	0	0	0	0	0	0	0
12	13	3	7	0	2	3	6	2	0	0	2	0	0	1	0	0	0	3	0	1	2	0	0	0	0	0	0	0	1	1	0	1	0	0	0	0	0	0	0	0	0	0	0	0	0	0	0	0	0	0	0	0	0	0	0	0	0	0	0	0	0	0	0	0	0	0	0	0	0	0	0	0	0	0	0	0	0	0	0	0	0	0	0	0	0	0	0	0	0	1	0	0	0	0	0	0	0	0	0	0	0	0	0	0	0	0	0	0	0	0	0	0	0	0	0	0	0	0	0	0	0	0	0	0	0	0	0	0	0	0	0	0	0	0	0	0	0	0	0	0	0	0	0	0	0	0	0	0	0	0	0
18	30	4	7	1	3	4	21	5	4	1	1	1	0	1	0	2	1	1	0	0	1	0	1	0	0	0	1	0	1	0	0	0	1	2	0	0	0	1	0	0	1	0	0	0	0	0	1	0	0	0	1	0	2	0	0	0	0	0	1	0	0	0	0	1	1	1	0	0	0	0	0	0	0	0	0	0	0	0	0	0	0	0	0	0	0	0	0	0	0	2	0	0	0	0	0	0	0	0	0	0	0	0	0	0	0	0	0	0	0	0	0	0	0	0	0	0	0	0	0	0	0	0	0	0	0	0	0	0	0	0	0	0	0	0	0	0	0	0	0	0	0	0	0	0	0	0	0	0	0	0	0
9	12	0	3	1	1	4	5	2	2	0	0	0	0	1	0	0	0	0	0	1	0	0	0	0	0	0	0	0	0	0	0	0	0	0	1	0	1	0	0	0	0	0	0	1	0	1	0	0	0	0	1	0	0	0	0	0	0	0	0	0	0	0	1	0	1	0	0	0	0	0	0	0	0	0	0	0	0	0	0	0	0	0	0	0	0	0	1	0	0	0	0	0	0	0	0	0	1	0	0	0	0	0	0	0	0	0	0	0	0	0	0	0	0	0	0	0	0	0	0	0	0	0	0	0	0	0	0	0	0	0	0	0	0	0	0	0	0	0	0	0	0	0	0	0	0	0	0	0	0	0	0
8	13	2	3	2	0	3	2	1	0	0	0	0	1	0	0	0	0	1	0	0	0	0	0	0	0	0	0	0	0	0	0	0	0	1	1	0	0	0	0	0	0	0	0	0	1	0	0	0	0	0	0	0	0	0	0	0	0	0	0	0	0	0	0	0	0	0	0	0	0	0	0	1	0	1	0	0	0	0	0	0	0	0	0	0	0	0	0	0	1	0	0	0	0	0	0	0	0	0	0	0	0	0	0	0	0	0	0	0	0	0	0	0	1	0	0	0	0	0	0	0	0	0	0	1	0	0	0	0	0	0	0	0	0	0	0	0	0	0	0	0	0	0	0	0	0	0	0	0	0	0	0
65	71	11	32	11	7	22	48	15	8	1	2	3	0	1	1	4	3	8	2	0	4	0	2	0	0	0	2	0	1	4	0	0	0	3	1	0	0	0	0	0	1	0	2	2	1	1	0	0	0	0	0	0	0	0	1	0	0	0	1	0	0	0	1	0	0	2	1	2	0	0	0	0	1	1	0	0	0	0	0	1	0	0	0	0	0	0	0	0	0	0	0	1	0	0	1	0	0	0	0	1	0	0	0	0	0	0	0	0	0	1	0	0	0	0	0	0	0	2	0	0	0	0	0	0	0	0	0	0	0	0	0	0	0	0	0	0	1	2	0	0	0	0	0	0	0	0	0	0	0	0	0
8	17	1	6	0	0	2	13	3	0	0	1	1	0	0	1	0	1	0	0	0	1	0	1	0	0	0	0	0	0	0	0	0	0	1	0	0	1	0	0	0	0	0	0	0	0	0	0	0	0	0	0	0	1	0	0	0	0	0	0	0	1	0	0	0	0	1	0	0	0	0	0	0	0	0	0	0	0	0	0	0	0	0	0	0	0	0	0	0	0	0	0	0	0	0	0	0	0	0	0	0	0	0	0	0	0	0	0	0	0	0	0	0	0	0	0	0	0	1	0	0	0	0	0	0	0	0	0	0	0	0	0	0	0	0	0	0	0	0	0	0	0	0	0	0	0	0	0	0	0	0	0
30	41	10	13	1	6	17	29	11	4	3	6	0	0	3	1	3	1	1	1	0	3	1	1	0	0	0	0	0	1	0	0	0	0	0	0	0	0	3	0	0	0	0	1	0	0	1	0	0	0	1	0	0	0	0	0	0	0	0	0	0	0	0	0	0	0	0	1	0	0	0	0	0	0	0	0	0	0	0	0	1	0	0	0	0	0	0	1	0	0	0	0	1	1	0	0	0	1	0	0	0	0	0	0	0	0	0	0	0	0	0	0	0	0	0	0	0	0	0	0	0	0	0	0	0	0	1	0	0	0	0	0	0	0	0	0	0	0	0	0	0	0	0	0	0	0	0	0	0	0	1	0
6	6	0	1	0	1	3	7	1	0	0	0	0	0	0	0	0	0	0	0	0	0	0	1	0	0	0	0	0	0	0	0	1	0	0	0	1	0	1	0	1	0	0	1	0	0	0	0	0	0	0	0	0	0	0	0	0	0	0	0	0	0	0	0	0	0	0	0	0	0	0	0	0	0	0	0	0	0	0	0	0	0	0	0	0	0	0	0	0	0	0	0	0	0	0	0	0	0	0	0	0	0	0	0	0	0	0	0	0	0	0	0	0	0	0	0	0	0	0	0	0	0	0	0	0	0	0	0	0	0	0	0	0	0	0	0	0	0	0	0	0	0	0	0	0	0	0	0	0	0	0	0
21	40	7	20	5	5	14	25	8	0	2	2	2	0	1	1	0	1	4	0	0	3	0	0	0	0	0	1	0	0	0	0	1	0	1	0	2	0	2	0	1	0	0	0	1	2	0	0	0	0	0	1	0	2	0	0	0	0	0	0	0	0	0	0	0	0	1	0	0	0	0	1	0	0	0	0	0	0	0	0	0	0	0	0	0	0	0	0	0	0	1	0	0	1	0	1	0	0	0	0	0	0	1	0	0	0	1	0	0	0	0	0	0	2	0	0	0	0	0	0	0	0	0	0	0	0	0	0	1	0	0	0	0	0	0	0	0	0	0	0	0	0	0	0	0	0	0	0	0	0	0	0
26	21	3	7	1	5	4	15	4	2	2	2	2	0	1	2	0	0	1	0	1	4	0	1	0	0	0	1	0	2	1	0	0	0	1	1	0	0	0	0	0	0	0	0	0	0	1	0	1	0	0	1	0	0	0	0	0	0	0	1	0	0	0	0	0	1	0	0	0	0	0	0	0	0	0	0	0	0	0	1	1	0	0	0	0	0	0	0	0	2	0	0	0	1	0	0	0	0	0	0	0	0	0	0	0	0	0	0	0	0	0	1	0	0	0	0	0	0	0	0	0	0	0	0	0	0	0	0	0	0	0	0	0	0	0	0	0	0	0	0	0	0	0	0	0	0	0	1	0	0	0	1
0	2	0	2	0	0	2	1	0	0	0	0	0	0	0	0	0	0	0	0	0	0	0	0	0	0	0	0	0	0	0	0	0	0	1	0	0	0	0	0	0	0	0	0	0	0	1	0	0	0	0	0	0	0	0	0	0	0	0	0	0	0	0	0	0	0	0	0	0	0	0	0	0	0	0	0	0	0	0	0	0	0	0	0	0	0	0	0	0	0	0	0	0	0	0	0	0	0	0	0	0	0	0	0	0	0	0	0	0	0	0	0	0	0	0	0	0	0	0	0	0	0	0	0	0	0	0	0	0	0	0	0	0	0	0	0	0	0	0	0	0	0	0	0	0	0	0	0	0	0	0	0
24	20	6	9	5	5	7	22	3	1	1	2	2	0	1	0	0	1	1	1	0	1	0	2	0	0	0	2	0	2	0	0	0	0	1	0	0	0	0	0	1	0	0	0	0	1	0	0	0	0	0	0	0	1	0	0	0	0	0	0	0	0	0	0	0	1	2	0	0	0	0	0	0	0	0	0	0	0	0	0	0	0	0	0	0	0	0	0	0	1	0	0	0	0	0	0	0	0	0	0	0	0	1	0	0	0	0	0	0	0	0	0	0	0	0	0	0	0	0	0	0	0	0	0	0	0	0	0	0	0	0	0	0	0	0	0	0	0	0	0	0	0	1	0	0	0	0	0	0	0	0	0
1	2	0	0	0	0	1	1	1	0	0	0	0	0	0	0	0	0	0	0	0	0	0	0	0	0	0	0	0	0	0	0	0	0	0	0	0	0	0	0	0	0	0	0	0	0	0	0	0	0	0	0	0	0	0	0	0	0	0	0	0	0	0	0	0	0	0	0	0	0	0	0	0	0	0	0	0	0	0	0	0	0	0	0	0	0	0	0	0	0	0	0	0	0	0	0	0	0	0	0	0	0	0	0	0	0	0	0	0	0	0	0	0	0	0	0	0	0	0	0	0	0	0	0	0	0	0	0	0	0	0	0	0	0	0	0	0	0	0	0	0	0	0	0	0	0	0	0	0	0	0	0
78	119	15	27	7	9	39	73	15	5	2	7	4	0	3	2	1	1	2	0	0	4	0	3	2	3	0	3	0	1	2	0	0	1	3	1	0	1	1	0	0	1	0	0	0	1	0	0	0	0	0	2	0	2	0	0	0	0	0	2	0	0	0	0	0	0	1	1	0	0	0	1	0	0	1	0	0	0	0	0	0	1	0	0	0	0	0	0	0	1	2	0	0	0	0	0	1	1	0	0	0	0	0	0	0	0	1	0	0	0	0	1	0	0	2	0	0	0	0	0	0	1	0	0	0	0	0	0	0	0	0	0	0	0	0	0	0	0	0	0	0	0	0	0	0	0	0	0	0	0	0	0
35	26	2	10	3	1	13	16	4	2	0	1	1	0	1	0	1	1	2	0	0	0	0	0	0	0	0	2	0	1	0	1	0	0	0	2	0	0	1	0	0	1	0	0	0	1	2	1	0	0	0	0	0	0	0	0	0	0	0	2	0	0	0	0	0	0	2	0	0	0	0	0	1	0	0	1	0	0	0	0	0	0	0	0	0	0	0	2	0	0	1	0	0	0	0	1	0	0	0	0	0	0	0	1	0	0	1	0	0	0	0	0	0	0	1	0	0	0	0	0	0	1	0	0	0	0	0	0	0	0	0	0	0	0	0	0	0	0	0	0	0	0	0	0	0	0	0	0	0	0	0	0
3	5	1	5	0	1	2	5	3	0	0	0	0	0	0	0	0	0	0	1	0	2	0	0	0	0	0	0	0	0	0	0	0	0	1	1	0	0	0	0	0	0	0	0	0	1	0	0	0	0	0	0	0	0	0	0	0	0	0	0	0	0	0	0	0	0	0	0	0	0	0	0	0	0	0	0	0	0	0	0	0	0	0	0	0	0	0	0	0	0	0	0	0	0	0	0	0	0	0	0	0	0	0	0	0	0	0	0	0	0	0	0	0	0	0	0	0	0	0	0	0	0	0	0	0	0	0	0	0	0	0	0	0	0	0	0	0	0	0	0	0	0	0	0	0	0	0	0	0	0	0	0
0	1	0	0	0	0	0	0	0	1	0	0	0	0	0	0	0	0	0	0	0	0	0	0	0	0	0	0	0	0	0	0	1	0	0	0	0	0	0	0	0	0	0	0	0	0	0	0	0	0	0	0	0	0	0	0	0	0	0	0	0	0	0	0	0	0	0	0	0	0	0	0	0	0	0	0	0	0	0	0	0	0	0	0	0	0	0	0	0	0	0	0	0	0	0	0	0	0	0	0	0	0	0	0	0	0	0	0	0	0	0	0	0	0	0	0	0	0	0	0	0	0	0	0	0	0	0	0	0	0	0	0	0	0	0	0	0	0	0	0	0	0	0	0	0	0	0	0	0	0	0	0
45	59	10	18	2	3	13	52	9	4	0	5	1	0	0	1	0	4	4	1	0	3	2	1	0	0	0	2	0	0	1	0	2	1	0	3	2	0	1	0	0	0	0	0	0	1	0	0	0	0	0	0	0	0	0	0	0	0	0	2	0	0	0	3	0	1	1	0	0	0	0	0	0	0	1	0	0	0	0	0	2	0	0	0	0	0	0	0	0	2	0	0	0	0	0	0	0	1	0	0	0	0	2	0	0	0	1	0	1	0	0	0	0	0	0	0	0	0	0	0	0	0	0	0	0	0	0	0	0	0	1	0	0	0	0	0	0	0	0	0	0	0	0	0	0	0	0	0	0	0	0	1
2	5	0	1	0	0	0	0	1	0	0	0	0	0	0	0	0	0	0	0	0	0	0	0	0	0	0	0	0	0	0	0	0	0	0	0	0	0	0	0	0	0	0	0	0	0	0	0	0	0	0	0	0	0	0	0	0	0	0	0	0	0	0	0	0	0	0	0	0	0	0	0	0	0	1	0	0	0	1	0	0	0	0	0	0	0	0	0	0	0	0	0	0	0	0	0	0	0	0	0	0	0	0	0	0	0	0	0	0	0	0	0	0	0	0	0	0	0	0	0	0	0	0	0	0	0	0	0	0	0	0	0	0	0	0	0	0	0	0	0	0	0	0	0	0	0	0	0	0	0	0	0
26	32	9	7	1	2	14	19	2	4	0	0	2	1	1	0	0	1	3	1	0	1	0	1	0	1	0	0	0	0	0	0	1	0	0	2	1	0	2	0	0	1	0	0	0	0	0	0	0	0	0	0	0	0	0	0	0	0	0	0	0	0	0	0	0	0	3	1	0	0	0	0	0	0	0	0	0	0	0	0	0	0	0	0	0	0	0	0	0	0	0	0	1	1	0	0	0	1	0	0	0	0	0	0	0	0	0	0	0	0	0	0	0	0	0	0	0	0	0	0	0	0	0	0	0	0	0	0	0	0	0	0	0	0	0	0	0	0	0	0	0	0	0	0	0	0	0	0	0	0	0	0
3	5	0	1	0	0	2	2	1	0	0	0	1	0	0	0	0	0	0	0	0	0	0	0	0	0	0	0	0	0	0	0	1	0	0	0	0	0	0	0	0	0	0	0	0	0	0	0	0	0	0	0	0	0	0	0	0	0	0	0	0	0	0	0	0	0	0	0	0	0	0	0	0	0	0	0	0	0	0	0	0	0	0	0	0	0	0	0	0	0	0	0	0	0	0	0	0	0	0	0	0	0	0	0	0	0	0	0	0	0	0	0	0	0	0	0	0	0	0	0	0	0	0	0	0	0	0	0	0	0	0	0	0	0	0	0	0	0	0	0	0	0	0	0	0	0	0	0	0	0	0	0
7	16	0	5	0	1	3	13	0	2	0	0	0	0	1	0	0	1	2	0	0	0	0	0	0	0	0	0	0	0	0	0	2	0	1	0	0	0	0	0	0	0	0	0	0	1	1	0	0	0	0	0	0	0	0	0	0	0	0	0	0	0	0	0	0	0	1	0	0	0	0	0	0	0	0	0	0	0	0	0	0	0	0	0	0	0	0	0	0	0	0	0	0	0	0	0	0	0	0	0	0	0	0	0	0	0	0	0	0	0	0	0	0	0	0	0	0	0	0	0	0	0	0	0	0	0	0	0	0	0	0	0	0	0	0	0	0	0	0	0	0	0	0	0	0	0	0	0	0	0	0	0
14	23	2	6	1	5	7	15	5	0	0	3	1	0	1	0	0	0	3	2	0	2	0	1	0	0	0	1	0	0	0	1	0	0	2	0	0	0	0	0	0	0	0	0	0	1	1	0	0	0	0	0	0	0	0	0	0	0	0	1	0	0	0	0	1	0	1	0	0	0	0	0	0	0	0	0	0	0	0	0	0	0	0	0	0	0	0	0	0	0	0	0	0	1	0	0	0	0	0	0	0	0	1	1	0	0	0	0	0	1	0	0	0	0	0	0	0	0	0	0	0	0	0	0	0	0	0	0	0	0	0	0	0	0	0	0	0	0	0	0	0	0	0	0	0	0	0	0	0	0	0	0
2	3	1	5	0	0	0	2	0	1	0	0	1	0	0	0	0	0	0	0	0	0	0	0	0	0	0	0	0	0	0	0	0	0	0	0	0	0	0	0	0	0	0	0	0	0	1	0	0	0	0	0	0	0	0	0	0	0	0	0	0	0	0	0	0	0	0	0	0	0	0	0	0	0	0	0	0	0	0	0	0	0	0	0	0	0	0	0	0	0	0	0	0	0	0	0	0	0	0	0	0	0	0	0	0	0	0	0	0	0	0	0	0	0	0	0	0	0	0	0	0	0	0	0	0	0	0	0	0	0	0	0	0	0	0	0	0	0	0	0	0	0	0	0	0	0	0	0	0	0	0	0
7	6	0	4	1	1	1	2	0	2	0	1	1	0	1	0	0	0	0	0	0	0	0	0	0	0	0	0	0	0	0	0	0	0	0	0	0	0	0	0	0	0	0	0	0	0	1	0	0	0	0	0	0	0	0	0	0	0	0	0	0	0	0	0	0	0	0	0	0	0	0	0	0	0	0	0	0	0	0	0	0	0	0	0	0	0	0	0	0	0	0	0	0	0	0	0	0	0	0	0	0	0	0	1	0	0	0	0	0	0	0	0	0	0	0	0	0	0	0	0	0	0	0	0	0	0	0	0	0	0	0	0	0	0	0	0	0	0	0	0	0	0	0	0	0	0	0	0	0	0	0	0
18	14	1	6	1	1	8	10	1	1	0	0	0	0	1	0	0	0	0	0	0	0	0	2	0	0	0	0	0	0	0	0	0	0	0	0	0	0	1	0	0	1	0	0	0	0	1	0	0	0	0	0	0	0	0	0	0	0	0	0	0	0	0	0	0	0	0	0	1	0	0	0	0	0	1	0	0	0	0	1	0	0	0	0	0	0	0	0	0	0	0	0	0	0	0	0	0	0	0	0	0	0	0	0	0	0	0	0	0	0	0	0	0	0	0	0	0	0	0	0	0	1	0	0	0	0	0	0	0	0	0	0	0	0	0	0	0	0	0	0	0	0	0	0	0	0	0	0	0	0	0	0
5	9	0	1	0	1	1	9	1	0	0	1	0	0	0	1	0	0	0	0	0	0	0	0	0	0	0	0	0	0	0	0	0	0	0	0	0	0	0	0	0	0	0	0	0	0	0	0	0	0	0	0	0	1	0	0	0	0	0	0	0	0	0	0	0	0	0	0	0	0	0	0	0	0	0	0	0	0	0	0	1	0	0	0	0	0	0	0	0	1	0	0	0	0	0	0	0	0	0	0	0	0	0	0	0	0	0	0	0	0	0	0	0	0	0	0	0	0	0	0	0	0	0	0	0	0	0	0	0	0	0	0	0	0	0	0	0	0	0	0	0	0	0	0	0	0	0	0	0	0	0	0
6	10	1	2	1	1	2	6	1	0	0	0	1	0	0	0	0	0	0	0	1	0	0	0	0	0	0	2	0	0	0	0	0	0	0	0	0	0	0	0	0	0	0	0	0	0	0	0	0	0	0	0	0	0	0	0	0	0	0	0	0	0	0	0	0	0	0	0	0	0	0	0	0	0	0	0	0	0	0	0	0	1	0	0	0	0	0	0	0	0	0	0	0	0	0	0	0	0	0	0	0	0	0	0	0	0	0	0	0	0	0	0	0	0	0	0	0	0	0	0	0	0	0	0	0	0	0	0	0	0	0	0	0	0	0	0	0	0	0	0	0	0	0	0	0	0	0	0	0	0	0	0
6	1	0	1	1	0	0	3	1	0	0	0	0	0	0	0	0	0	0	0	0	0	0	1	0	0	0	0	0	1	0	0	0	0	0	1	0	0	0	0	0	0	0	0	0	0	0	0	0	0	1	0	0	0	0	0	0	0	0	0	0	0	0	0	0	0	0	0	0	0	0	0	0	0	0	0	0	0	0	0	0	0	0	0	0	0	0	0	0	0	0	0	1	0	0	0	0	0	0	0	0	0	0	0	0	0	0	0	0	0	0	0	0	0	0	0	0	0	0	0	0	0	0	0	0	0	0	0	0	0	0	0	0	0	0	0	0	0	0	0	0	0	0	0	0	0	0	0	0	0	0	0
2	10	0	1	1	2	5	12	1	0	0	2	0	0	1	1	0	0	0	0	0	0	0	0	0	0	0	0	0	0	0	0	0	0	0	0	0	0	0	0	0	0	0	1	0	0	0	0	0	0	0	1	0	0	0	0	0	0	0	0	0	0	0	1	0	0	0	0	0	0	0	0	0	0	0	0	0	0	0	0	0	0	0	0	0	0	0	0	0	0	0	0	0	0	0	0	0	0	0	0	0	0	0	0	0	0	0	0	0	0	0	0	0	0	0	0	0	0	0	0	0	0	0	0	0	0	0	0	0	0	0	0	1	0	0	0	0	0	0	0	0	0	0	0	0	0	0	0	0	0	0	0
5	2	0	0	0	0	0	1	0	0	0	0	1	0	0	0	0	0	0	0	0	0	0	0	0	0	0	0	0	0	0	0	0	0	1	0	0	0	0	0	0	0	0	0	0	0	0	0	0	0	0	0	1	0	0	0	0	0	0	0	0	0	0	0	0	0	0	0	0	0	0	0	0	0	0	0	0	0	0	0	0	0	0	0	0	0	0	0	0	0	0	0	0	0	0	0	0	0	0	0	0	0	0	0	0	0	0	0	0	0	0	0	0	0	0	0	0	0	0	0	0	0	0	0	0	0	0	0	0	0	0	0	0	0	0	0	0	0	0	0	0	0	0	0	0	0	0	0	0	0	0	0
24	21	5	9	2	1	7	12	2	0	0	1	0	0	1	0	1	0	1	0	0	2	0	1	0	0	0	0	0	0	0	0	0	1	0	0	0	0	0	0	0	0	0	0	0	0	0	0	0	0	0	0	0	0	0	0	0	0	0	0	0	0	0	0	0	0	0	0	0	0	0	0	0	0	0	0	0	0	0	0	0	0	0	0	0	0	0	0	0	1	0	1	1	0	0	0	0	0	0	0	0	0	0	0	0	0	0	0	0	0	0	0	0	0	0	0	0	0	0	0	0	0	0	0	0	0	0	0	0	0	0	0	0	0	1	0	0	0	0	0	0	0	0	0	0	0	0	0	0	0	0	0
19	28	5	9	1	0	10	19	5	5	0	2	2	0	0	0	1	1	0	0	1	1	1	2	0	0	0	0	0	0	1	0	1	0	0	0	0	0	1	0	0	0	0	1	0	0	0	0	0	0	0	0	0	0	0	0	0	0	0	0	0	0	0	0	0	0	0	0	0	0	0	0	1	0	0	0	0	0	0	0	0	1	0	0	0	0	0	1	0	0	0	0	0	0	0	0	0	0	0	0	1	0	1	0	0	0	0	0	0	0	0	0	0	0	0	0	0	0	0	0	0	0	0	0	0	0	0	1	0	0	0	0	0	0	0	0	0	0	0	0	0	0	0	0	0	0	0	0	0	0	0	0
5	3	1	1	1	0	1	2	1	1	0	1	0	0	0	0	0	0	2	0	0	0	0	0	0	0	0	0	0	0	0	0	0	0	0	0	0	0	0	0	0	0	0	0	0	0	0	0	0	0	0	0	0	0	0	0	0	0	0	0	0	0	0	0	0	0	0	0	0	0	0	0	0	0	0	0	0	0	0	0	0	0	0	0	0	0	0	0	0	0	0	0	0	0	0	0	0	0	0	0	0	0	0	0	0	0	0	0	0	0	0	0	0	0	0	0	0	0	0	0	0	0	0	0	0	0	0	0	0	0	0	0	0	0	0	0	0	0	0	0	0	0	0	0	0	0	0	0	0	0	0	0
8	5	0	3	0	0	5	12	1	0	0	0	1	0	0	0	0	0	0	0	0	0	0	2	0	0	0	2	0	0	0	0	0	0	0	0	0	0	0	0	0	0	0	0	0	2	1	0	0	0	0	0	0	0	0	0	0	0	0	0	0	0	0	0	0	0	1	0	0	0	0	0	0	0	1	0	0	0	0	0	0	0	0	0	0	0	0	0	0	0	0	0	0	0	0	0	0	0	0	0	0	0	0	0	0	0	0	0	0	0	0	0	0	0	0	0	0	0	0	0	0	0	0	0	0	0	0	0	0	0	0	0	0	0	0	0	0	0	0	0	0	0	0	0	0	0	0	0	0	0	0	0
4	4	1	1	0	1	0	2	2	0	0	0	0	0	0	0	0	0	0	0	0	0	0	1	0	0	0	0	0	0	0	0	0	0	0	0	0	0	0	0	0	0	0	1	0	0	0	0	0	0	0	0	0	0	0	0	0	0	0	0	0	0	0	0	0	0	0	0	0	0	0	0	0	0	0	0	0	0	0	0	0	0	0	0	0	0	0	0	0	0	0	0	0	0	0	0	0	0	0	0	0	0	0	0	0	0	0	0	0	0	0	0	0	0	0	0	0	0	0	0	1	0	0	0	0	0	0	0	0	0	0	0	0	0	0	0	0	0	0	0	0	0	0	0	0	0	0	0	0	0	0	0
3	5	0	4	0	0	1	2	1	0	0	0	0	0	1	0	0	0	0	0	0	0	0	1	0	0	0	0	0	0	0	0	0	0	0	0	0	0	0	0	0	0	0	0	0	0	0	0	1	0	0	0	0	0	0	0	0	0	0	0	0	0	0	0	0	0	0	0	1	0	0	0	0	0	0	0	0	0	0	0	0	0	0	0	0	0	0	0	0	0	0	0	0	0	0	0	0	0	0	0	0	0	0	0	0	0	0	0	0	0	0	0	0	0	0	0	0	0	0	0	0	0	0	0	0	0	0	0	0	0	0	0	0	0	0	0	0	0	0	0	0	0	0	0	0	0	0	0	0	0	0	0
7	8	1	3	0	0	6	9	0	1	0	0	0	0	0	0	0	0	0	1	0	0	0	0	0	0	0	0	0	0	1	0	0	0	0	0	0	0	0	0	0	0	0	0	0	0	0	0	0	0	0	0	0	0	0	0	0	0	0	0	0	0	0	0	0	0	1	0	0	0	0	0	0	0	0	0	0	0	0	0	0	0	0	0	0	0	0	0	0	0	0	0	0	0	0	0	0	0	0	0	0	0	0	0	0	0	0	0	0	0	0	0	0	0	0	0	0	0	0	0	0	0	0	0	0	0	0	0	0	0	0	0	0	0	0	0	0	0	0	0	0	0	0	0	0	0	0	0	0	0	0	0
15	33	1	18	2	0	6	30	2	1	0	2	3	0	2	0	1	1	0	0	0	0	0	2	0	0	0	1	0	0	0	0	1	0	0	1	0	0	0	0	0	0	1	0	0	0	1	0	0	0	0	0	0	0	0	0	0	0	0	1	0	0	0	0	1	0	1	0	0	0	0	0	0	0	0	0	0	0	0	0	1	0	1	0	0	0	0	0	0	0	0	0	1	0	0	0	0	0	0	0	0	0	0	1	0	0	0	0	0	0	0	0	0	0	0	0	0	0	0	0	0	0	0	0	0	0	0	0	0	0	0	0	0	0	0	0	0	0	0	0	0	0	0	0	0	0	0	0	0	0	0	0
2	5	0	3	1	0	0	1	0	0	0	1	0	0	0	0	0	0	0	0	0	0	0	0	0	0	0	0	0	0	0	0	0	0	0	1	0	0	0	0	0	0	0	0	0	0	0	0	0	0	0	0	0	0	0	0	0	0	0	0	0	0	0	0	0	0	0	0	0	0	0	0	0	0	0	0	0	0	0	0	0	0	0	0	0	0	0	0	0	0	0	0	0	0	0	1	0	0	0	0	0	0	0	0	0	0	0	0	0	0	0	0	0	0	0	0	0	0	0	0	0	0	0	0	0	0	0	0	0	0	0	0	0	0	0	0	0	0	0	0	0	0	0	0	0	0	0	0	0	0	0	0
29	26	2	10	2	0	10	17	1	4	1	1	2	0	1	0	1	0	3	0	0	1	1	1	0	0	0	1	0	1	0	0	0	0	0	1	0	0	1	0	0	1	0	0	0	0	0	0	0	0	0	0	0	1	0	0	0	0	0	1	0	0	0	0	0	0	1	0	0	0	0	0	0	0	0	0	0	0	0	0	1	0	0	0	0	0	0	1	0	1	0	0	0	0	0	1	0	0	0	0	0	0	0	0	0	0	0	1	0	0	0	0	0	0	0	0	0	0	0	0	0	1	0	0	0	0	0	0	0	0	0	0	0	0	1	0	0	0	0	0	0	0	0	0	0	0	0	0	0	0	0	0
5	6	0	0	1	0	2	4	2	0	0	0	0	0	0	0	0	1	0	0	0	1	0	1	0	0	0	0	0	0	0	0	0	0	0	0	1	0	1	0	0	0	0	0	0	0	0	0	0	0	0	1	0	0	0	0	0	0	0	0	0	0	0	0	0	0	0	0	0	0	0	0	0	0	1	0	0	0	0	1	0	0	0	0	0	0	0	0	0	0	0	0	0	0	0	0	0	0	0	0	0	0	0	0	0	0	0	0	0	0	0	0	0	0	0	0	0	0	0	0	0	0	0	0	0	0	0	0	0	0	0	0	0	0	0	0	0	0	0	1	0	0	0	0	0	0	0	0	0	0	0	0
3	8	3	5	0	0	3	7	3	0	1	0	0	0	2	1	0	0	0	1	1	0	0	1	1	0	0	0	0	0	1	0	1	0	0	0	0	0	0	0	0	0	0	0	0	0	0	0	0	0	0	0	0	0	0	0	0	0	0	0	0	0	0	0	0	0	1	0	0	0	0	0	0	0	0	0	0	0	0	0	0	0	0	0	0	0	0	0	0	0	0	0	0	0	0	0	0	0	0	0	0	0	0	0	0	0	0	1	0	0	0	1	0	0	0	0	0	0	0	0	0	0	0	0	0	0	0	0	0	0	0	0	0	0	0	0	0	0	0	0	0	0	0	0	0	0	0	0	0	0	0	0
6	6	0	3	0	1	0	5	1	0	0	0	1	0	0	0	0	0	0	2	0	0	0	0	0	0	0	0	0	1	0	1	0	0	0	0	0	1	0	0	0	0	0	0	0	0	0	0	0	0	0	0	0	0	0	0	0	0	0	0	0	0	0	0	0	1	0	0	0	0	0	0	0	0	0	0	0	0	0	0	0	0	0	0	0	0	0	0	0	0	0	0	0	0	0	0	0	0	0	0	0	1	0	0	0	0	0	0	0	0	0	0	0	0	0	0	0	0	0	0	0	0	0	0	0	0	0	0	0	0	0	0	0	0	0	0	0	0	0	0	0	0	0	0	0	0	0	0	0	0	0	0
0	1	0	0	0	0	0	1	0	0	0	0	0	0	0	0	0	0	0	0	0	0	0	0	0	0	0	0	0	0	0	0	0	0	0	0	0	0	0	0	0	0	0	0	0	0	0	0	0	0	0	0	0	0	0	0	0	0	0	0	0	0	0	0	0	0	0	0	0	0	0	0	0	0	0	0	0	0	0	0	0	0	0	0	0	0	0	0	0	0	0	0	0	0	0	0	0	0	0	0	0	0	0	0	0	0	0	0	0	0	0	0	0	0	0	0	0	0	0	0	0	0	0	0	0	0	0	0	0	0	0	0	0	0	0	0	0	0	0	0	0	0	0	0	0	0	0	0	0	0	0	0
5	0	0	1	0	0	2	2	0	1	0	0	1	1	0	0	0	0	0	0	0	0	0	0	0	0	0	0	0	0	0	0	0	0	0	0	0	0	0	0	0	0	0	0	0	0	0	0	0	0	0	0	0	0	0	0	0	0	0	0	0	0	0	0	0	0	0	0	0	0	0	0	0	0	1	0	0	0	0	0	0	0	1	0	0	0	0	0	0	0	0	0	0	0	0	0	0	0	0	0	0	0	0	0	0	0	0	0	0	0	0	0	0	0	0	0	0	0	0	0	0	0	0	0	0	0	0	0	0	0	0	0	0	0	0	0	0	0	0	0	0	0	0	0	0	0	0	0	0	0	0	0
5	2	0	2	0	0	1	3	0	1	0	0	0	0	0	1	0	0	0	0	0	2	0	0	0	0	0	0	0	1	0	0	0	0	0	0	0	0	0	0	0	0	0	0	0	0	0	0	0	0	0	0	0	0	0	0	0	0	0	0	0	0	0	0	0	0	0	0	0	0	0	0	0	0	0	0	0	0	0	0	0	1	0	0	0	0	0	0	0	0	0	0	0	0	0	0	0	0	0	0	0	0	0	0	0	0	0	0	0	0	0	0	0	0	0	0	0	0	0	0	0	0	0	0	0	0	0	0	0	0	0	0	0	0	0	0	0	0	0	0	0	0	0	0	0	0	0	0	0	0	0	0
10	11	4	5	0	0	3	10	0	0	0	1	1	0	0	0	1	1	1	0	0	2	0	1	0	0	0	0	0	0	1	0	0	0	0	1	0	0	1	0	0	1	0	0	0	0	1	0	0	0	0	0	0	0	0	0	0	0	0	0	0	0	0	0	0	1	0	0	0	0	0	0	0	0	0	0	0	0	0	0	0	0	0	0	0	0	0	0	0	0	0	0	0	0	0	0	0	0	0	0	0	0	0	0	0	0	0	0	0	0	0	0	0	0	0	0	0	0	0	0	0	0	0	0	0	0	1	0	0	0	0	0	0	0	0	0	0	0	0	0	0	0	0	0	0	0	0	0	0	0	0	0
