8297	8921	788	1516	1781	6672	2594	2216	469	851	19	1202	3406	407	337	1664	582	684	41	60	104	367	23	214	52	196	91	59	50	135	118	21	146	111	44	385	228	32	38	1	24	72	276	123	60	11	50	171	181	61	31	35	21	58	25	28	33	64	0	77	123	55	43	21	8	1	9	40	3	18	101	38	8	10	7	16	29	5	53	40	40	89	40	39	47	6	20	42	1	73	11	35	18	20	17	18	19	37	19	26	0	4	17	14	15	8	0	3	23	23	34	14	9	16	3	0	44	47	34	32	16	46	6	9	5	16	13	3	3	3	1	6	12	22	22	4	2	10	16	4	4	16	3	0	17	1	1
4840	5235	482	921	1008	3897	1533	1319	283	501	11	759	1999	214	202	967	370	429	30	41	68	202	18	119	35	100	68	33	30	70	80	9	76	59	37	231	153	16	18	0	20	62	148	69	27	5	46	95	113	25	18	16	15	32	38	10	22	51	0	45	59	41	15	10	1	3	6	30	6	4	54	27	5	9	8	13	16	4	25	21	22	66	29	27	23	3	17	28	2	27	11	23	8	10	15	11	9	25	16	13	2	0	11	7	10	6	0	0	9	7	7	5	7	11	2	1	24	17	22	25	13	26	7	3	2	6	9	0	0	1	0	6	5	8	4	6	4	5	12	8	2	10	1	1	13	0	1
174	167	14	27	31	155	71	42	8	20	1	17	80	8	7	41	15	17	0	3	4	5	0	7	1	6	2	1	3	4	5	0	7	1	2	6	1	0	0	0	1	1	5	6	1	0	2	2	3	1	0	0	2	1	2	1	0	0	0	1	2	1	0	0	0	0	0	0	0	0	1	1	0	1	0	0	0	1	0	0	1	2	3	1	2	0	1	0	0	0	0	1	0	0	0	0	0	0	0	0	1	0	0	0	1	0	0	0	0	0	1	1	0	1	0	0	2	1	0	0	1	0	1	0	0	0	0	0	0	0	0	0	0	0	0	0	1	0	1	0	0	0	0	1	1	0	0
13267	14077	1176	2455	2816	10554	4017	3440	781	1381	35	1981	5426	621	565	2559	967	1203	86	103	163	583	44	352	85	295	148	63	95	216	198	32	237	168	75	555	384	43	70	6	34	144	441	173	98	26	113	281	301	100	49	43	29	82	72	36	72	102	1	126	205	89	46	24	16	6	26	58	9	29	158	67	12	24	16	32	46	14	65	67	54	150	67	82	70	10	32	74	8	75	37	47	21	26	18	45	27	55	17	39	1	1	31	19	28	14	0	4	17	21	35	16	15	30	6	1	75	65	53	66	34	76	19	4	9	21	29	9	3	4	1	13	27	31	15	8	12	8	33	13	4	17	5	4	19	0	2
1987	2059	188	317	440	1530	619	516	119	213	5	293	804	97	77	400	153	165	10	12	20	83	2	43	14	41	26	13	15	31	33	10	32	22	16	91	55	7	9	0	6	23	64	32	20	0	19	38	46	18	7	9	7	12	13	7	12	18	0	17	30	10	6	2	0	1	1	15	3	3	17	10	0	1	5	3	6	2	7	10	8	27	11	11	8	2	7	9	0	16	1	7	3	2	3	7	2	4	4	5	0	2	7	2	1	4	0	0	1	6	5	5	5	3	0	0	8	11	7	11	2	12	2	2	1	1	4	0	1	2	1	2	3	4	3	2	2	2	4	4	0	3	1	0	1	2	0
4772	4970	458	885	992	3677	1486	1260	244	520	6	669	1900	221	204	928	344	397	28	35	55	208	12	124	23	104	58	26	33	73	73	4	75	66	27	196	155	12	21	3	11	44	162	65	30	6	34	108	106	44	21	28	16	20	27	10	24	34	1	33	81	33	10	10	4	3	10	26	1	9	52	28	2	2	11	12	13	4	21	27	27	52	31	20	19	6	11	33	7	32	10	21	9	16	5	14	11	20	6	16	0	1	11	3	9	3	0	3	9	6	11	7	7	7	3	0	34	38	19	24	8	32	5	2	3	9	10	0	0	1	1	1	13	9	5	1	4	2	19	7	3	7	2	0	8	0	1
93	109	5	16	16	78	32	24	4	12	0	7	39	4	5	23	7	5	1	1	0	2	0	2	0	3	1	0	0	0	0	0	1	3	0	4	4	0	0	0	0	1	3	1	0	1	1	1	4	2	0	0	0	0	1	1	0	1	0	0	0	0	0	1	0	0	1	0	0	0	3	1	0	0	0	2	0	0	0	1	0	1	0	2	0	0	0	0	0	0	0	0	0	0	1	0	0	0	1	2	0	0	1	0	0	0	0	0	0	1	0	0	1	0	0	0	0	0	1	0	0	0	0	0	0	0	0	0	0	0	0	0	0	0	0	0	0	0	3	0	0	0	0	0	0	0	0
742	802	56	113	136	561	218	196	39	68	0	90	286	42	28	115	46	56	6	1	5	26	7	13	3	19	5	3	7	13	7	2	11	10	2	24	19	3	3	0	1	9	30	11	2	0	4	13	15	3	2	4	0	6	5	1	1	3	0	9	9	4	3	1	0	0	0	0	1	3	5	4	0	0	2	1	1	0	3	1	4	13	2	4	2	0	0	7	0	5	0	2	1	1	1	0	0	5	4	2	0	0	0	2	0	1	0	0	0	2	1	0	0	2	0	0	2	4	4	9	2	2	2	0	0	1	3	0	0	0	0	1	1	0	1	1	0	1	4	0	0	0	0	0	1	0	0
131	128	9	18	34	110	35	41	7	11	0	11	31	11	9	19	11	10	0	1	1	10	1	2	0	5	1	0	3	0	2	0	2	2	0	9	7	0	1	0	0	1	6	4	1	0	3	0	4	2	0	0	0	0	0	0	3	0	0	0	0	0	1	0	0	0	0	1	0	0	4	0	1	0	0	0	1	0	0	0	2	1	0	0	2	0	0	0	0	0	0	0	1	0	0	2	0	0	0	0	0	0	0	0	0	1	0	0	0	0	0	0	0	0	0	0	1	1	0	0	0	0	1	0	0	0	1	0	0	0	0	0	0	0	0	0	0	0	0	0	0	0	0	0	0	0	0
192	206	12	38	41	156	62	51	15	17	0	29	81	9	6	38	20	11	1	1	2	17	0	4	1	7	3	1	1	5	2	0	6	1	2	7	8	0	1	0	0	0	2	4	0	0	1	3	1	2	1	1	1	0	0	0	1	3	0	0	2	4	2	1	0	0	1	2	1	1	2	1	0	0	1	0	1	0	0	0	1	1	1	1	1	0	0	0	0	2	0	1	1	0	1	0	0	1	0	0	0	0	0	0	0	0	0	0	0	1	1	0	0	0	0	0	3	1	1	2	0	0	0	0	0	0	0	1	1	0	0	1	0	0	0	0	1	0	0	0	0	0	0	0	0	0	0
415	456	34	72	85	328	118	95	25	53	0	62	163	22	14	73	37	39	5	2	4	18	0	6	2	11	4	6	4	12	4	4	7	5	0	27	9	0	2	0	1	6	16	5	2	1	5	9	8	2	3	2	0	2	2	0	2	6	0	3	3	3	0	1	0	0	0	0	0	1	3	1	1	0	1	0	1	0	6	1	2	6	2	5	2	2	2	0	1	1	1	1	0	1	3	2	2	2	0	1	0	1	2	1	1	0	1	0	0	0	4	0	0	1	0	0	2	1	3	3	1	4	1	0	0	1	0	0	0	0	0	0	1	0	0	0	1	0	0	0	0	2	0	0	0	0	0
234	246	19	40	42	189	74	53	9	27	1	29	106	14	14	50	14	21	1	3	2	14	0	6	0	11	1	1	2	3	2	0	3	3	1	13	9	0	0	0	0	4	10	4	1	1	3	2	2	1	0	2	0	1	1	2	2	2	0	3	2	0	0	0	2	0	1	0	0	0	2	4	0	0	0	2	0	0	3	0	1	3	1	0	3	0	0	1	0	3	0	0	0	0	0	1	1	1	0	0	0	0	0	0	1	1	0	0	0	1	2	0	0	0	0	0	2	0	1	2	0	1	0	0	0	1	0	0	0	1	0	1	0	0	0	0	0	0	1	0	0	1	0	0	0	0	0
228	202	18	39	40	181	71	50	12	18	0	40	97	7	5	31	18	21	2	6	3	13	0	4	1	4	1	0	2	4	4	1	5	4	2	12	7	1	1	0	0	1	7	2	2	0	4	5	0	4	2	0	0	3	2	0	0	2	0	1	3	0	0	0	0	0	0	2	0	0	0	0	0	0	0	0	0	0	0	1	1	1	3	2	0	1	0	1	0	2	2	0	2	0	0	1	0	2	1	0	0	0	0	0	0	0	0	0	0	0	1	0	0	0	0	0	0	2	0	0	1	1	0	0	1	0	0	0	0	0	0	0	0	0	0	0	1	0	1	0	1	0	0	0	1	0	0
227	235	21	50	46	184	82	55	16	24	0	38	106	6	13	48	21	18	1	0	2	7	1	5	1	5	1	0	3	6	4	0	4	4	1	17	5	0	2	0	0	3	12	3	1	1	2	5	4	1	0	0	0	2	1	1	2	5	0	1	3	1	2	0	0	0	0	0	0	1	4	1	1	0	0	1	3	0	3	0	1	3	0	2	1	0	1	0	0	0	0	2	0	1	1	0	0	0	0	1	0	0	0	0	0	0	0	0	1	1	1	0	3	0	0	0	0	0	0	1	0	0	0	0	0	1	0	0	0	0	0	0	0	1	0	0	0	0	0	0	0	0	0	0	0	0	0
11	18	0	2	1	14	4	7	0	2	0	3	3	0	0	5	1	0	0	0	0	0	0	0	0	0	0	0	0	0	0	0	0	0	0	0	1	0	0	0	0	1	0	0	0	0	1	0	0	0	0	0	1	0	0	0	0	0	0	0	0	0	0	0	0	0	0	0	0	0	0	0	0	0	0	0	0	0	0	0	0	0	0	0	0	0	0	0	0	0	0	0	0	0	0	0	0	0	0	0	0	0	0	0	0	0	0	0	0	0	0	0	0	0	0	0	0	0	0	1	0	0	0	0	0	0	0	0	0	0	0	0	0	0	0	0	0	0	0	0	0	0	0	0	0	0	0
370	432	41	82	93	305	116	99	21	40	0	51	144	21	10	87	29	33	1	0	9	22	3	11	4	10	1	1	1	3	4	0	7	5	1	19	9	0	0	0	0	5	11	7	3	0	1	7	4	3	0	2	0	5	5	1	4	2	0	6	5	0	1	2	0	0	0	2	0	0	2	1	1	1	1	1	0	0	1	1	0	4	2	2	2	2	0	1	0	1	0	1	0	1	1	2	1	1	0	2	0	0	0	1	0	1	0	0	1	1	1	3	1	1	0	0	4	0	1	1	1	4	0	1	0	0	1	1	0	0	1	0	1	0	0	0	0	1	1	1	0	0	0	0	1	0	0
748	793	68	149	152	541	209	196	28	73	4	105	258	40	30	144	48	58	2	1	9	36	1	16	7	23	5	5	5	11	11	3	13	10	3	32	23	4	4	0	3	6	21	5	6	0	5	8	13	2	0	3	3	2	1	0	1	15	0	6	8	6	3	1	1	0	0	3	1	0	9	2	1	0	1	1	2	2	4	3	3	13	2	6	4	0	1	5	0	6	1	4	2	1	2	0	1	2	1	1	0	0	1	3	0	1	0	0	0	0	2	0	1	0	0	0	4	4	7	2	1	1	2	0	1	3	3	0	0	0	0	0	2	0	0	0	0	0	0	0	0	0	0	0	1	1	0
559	662	62	107	140	456	185	147	29	64	1	89	208	26	24	117	46	53	2	4	2	28	3	11	7	11	4	6	1	5	9	4	14	6	3	25	13	2	5	0	0	6	23	6	1	0	3	8	11	4	1	3	0	3	2	0	4	4	0	4	8	2	2	0	0	0	1	4	0	1	12	2	0	0	0	0	3	0	3	7	2	5	2	2	2	2	3	1	1	1	0	1	0	1	3	3	3	0	0	3	0	0	0	0	2	1	0	0	0	1	3	0	1	2	0	0	3	2	1	2	4	3	1	0	1	1	1	0	0	0	0	1	0	1	1	1	1	0	1	0	0	0	0	0	2	0	0
52	58	5	12	8	43	20	14	2	3	0	5	17	3	1	11	4	2	0	1	0	3	0	1	0	1	0	0	0	3	1	0	0	0	1	4	0	0	0	0	1	1	3	1	1	0	0	2	1	0	0	0	0	1	0	0	0	0	0	1	2	0	1	1	0	0	0	0	0	0	0	0	0	0	0	1	0	0	0	0	0	2	0	2	1	0	0	0	0	1	0	0	0	0	0	0	0	0	0	0	0	0	0	0	0	0	0	0	0	0	0	0	0	0	0	0	0	0	0	0	0	1	1	0	0	1	0	0	0	0	0	0	0	0	0	0	0	0	0	0	0	0	0	0	0	0	0
59	49	8	9	11	53	20	15	4	0	0	13	20	3	1	8	4	5	1	1	0	0	0	2	3	3	0	0	1	0	0	0	1	1	1	3	3	0	0	0	0	0	3	1	0	0	1	1	3	1	0	0	0	0	1	1	2	0	0	0	0	0	0	0	0	0	0	0	0	0	1	0	0	0	0	0	0	0	1	1	0	1	0	0	0	0	0	0	0	0	0	0	0	0	0	0	0	0	0	0	0	0	0	0	0	0	0	1	0	0	0	0	0	2	0	0	0	0	0	1	1	0	0	0	0	1	0	0	0	0	0	0	0	0	0	0	0	0	1	0	0	0	0	0	0	0	0
324	335	27	67	51	253	97	98	16	37	0	43	134	14	14	64	26	25	2	2	4	13	1	10	2	6	6	0	3	4	7	0	4	6	2	14	7	3	2	0	0	3	11	3	4	0	5	6	5	3	0	1	0	3	3	0	0	3	0	6	6	1	0	0	0	0	0	2	1	0	6	2	1	0	0	0	1	0	2	3	0	4	3	0	4	0	2	1	1	2	2	3	1	0	0	1	1	0	1	0	1	0	0	1	0	0	0	0	1	0	1	1	0	0	1	0	1	1	3	1	1	0	1	0	0	0	0	0	0	0	1	0	2	1	0	0	0	1	1	0	0	1	0	0	1	0	0
1029	1074	89	167	211	796	303	237	56	119	4	150	379	55	42	186	74	77	9	4	10	48	3	20	5	17	13	9	8	22	16	4	13	18	7	53	18	7	4	1	6	7	36	10	7	2	7	17	22	10	4	5	0	3	5	3	3	9	0	6	12	7	7	3	0	0	2	5	1	1	13	4	0	1	1	2	3	1	4	5	5	8	7	2	3	0	6	7	1	4	2	4	4	1	2	5	1	4	2	3	0	0	2	2	0	1	0	0	1	1	2	0	1	0	0	0	4	5	1	10	2	5	0	0	0	0	3	0	0	1	0	3	2	3	1	1	1	1	3	0	0	1	1	0	3	0	0
1	0	0	0	0	0	0	0	0	0	0	0	1	0	0	0	0	0	0	0	0	0	0	0	0	0	0	0	0	0	0	0	0	0	0	0	0	0	0	0	0	0	0	0	0	0	0	0	0	0	0	0	0	0	0	0	0	0	0	0	0	0	0	0	0	0	0	0	0	0	0	0	0	0	0	0	0	0	0	0	0	0	0	0	0	0	0	0	0	0	0	0	0	0	0	0	0	0	0	0	0	0	0	0	0	0	0	0	0	0	0	0	0	0	0	0	0	0	0	0	0	0	0	0	0	0	0	0	0	0	0	0	0	0	0	0	0	0	0	0	0	0	0	0	0	0	0
3	6	1	1	0	3	0	0	0	1	0	2	1	0	0	2	1	1	0	0	0	0	0	0	0	0	0	0	0	0	0	0	0	0	0	0	0	0	0	0	0	0	0	0	0	0	0	0	0	0	0	0	0	0	0	0	0	0	0	0	0	0	0	0	0	0	0	0	0	0	0	0	0	0	0	0	0	0	0	0	0	0	0	0	0	0	0	0	0	0	0	0	0	0	0	0	0	0	0	0	0	0	0	0	0	0	0	0	0	0	0	0	0	0	0	0	0	0	0	0	0	0	0	0	0	0	0	0	0	0	0	0	0	0	0	0	0	0	0	0	0	0	0	0	0	0	0
281	343	25	57	65	248	99	72	17	39	0	50	125	17	12	62	24	33	1	1	4	11	3	8	3	9	3	2	2	5	4	2	6	3	3	16	10	0	5	0	0	2	14	4	0	0	0	7	3	2	1	0	0	1	3	1	5	2	0	6	6	3	0	2	0	0	0	6	0	2	1	4	0	1	0	1	1	1	3	0	0	4	3	1	3	0	1	6	0	2	0	2	0	2	0	0	0	2	1	0	0	0	2	0	1	0	0	0	1	0	0	0	0	2	1	0	2	2	0	0	0	0	1	0	0	2	0	0	0	0	0	0	0	1	0	0	1	0	1	0	0	0	0	0	1	0	0
665	694	61	136	127	487	204	184	40	69	3	101	268	26	33	132	42	61	3	7	9	37	2	12	11	8	8	3	5	10	13	1	10	7	3	21	18	2	4	1	1	10	25	12	5	1	1	19	12	5	4	3	1	6	3	1	2	3	0	9	8	6	2	0	1	0	0	2	2	2	7	2	1	2	0	2	1	1	3	0	1	8	3	5	2	0	3	3	1	6	1	1	0	1	2	1	0	3	0	2	0	0	1	0	3	1	0	0	1	0	2	1	0	0	1	0	3	4	2	4	2	2	1	0	0	1	1	0	0	0	0	0	2	0	2	0	1	1	1	2	1	0	0	0	2	0	0
108	126	8	16	24	90	43	20	7	15	0	21	55	3	6	22	11	11	0	1	1	10	0	2	0	4	2	1	1	2	3	1	5	0	0	4	3	1	0	0	0	1	5	4	0	0	1	2	2	0	0	0	0	0	0	0	0	0	0	1	2	1	0	0	0	0	0	1	0	1	0	0	0	0	0	0	1	0	2	0	1	0	0	1	0	0	0	0	0	1	0	0	0	0	2	0	0	0	0	0	0	0	0	0	0	0	0	0	1	0	0	0	0	0	0	0	1	1	1	0	0	3	1	1	0	1	0	0	0	0	1	0	0	0	0	0	1	0	0	1	0	0	0	0	0	0	0
433	514	51	92	92	394	125	104	21	48	1	57	167	27	18	89	34	38	2	2	6	18	2	8	3	9	3	5	6	7	8	3	10	5	2	24	10	3	0	0	2	4	19	5	0	1	4	7	11	3	3	0	1	2	5	2	0	6	0	4	7	3	0	2	1	0	0	5	1	2	9	4	0	0	1	2	1	0	1	3	1	7	2	3	1	0	0	3	1	1	2	4	0	2	1	1	1	0	1	0	0	0	5	0	2	0	0	0	1	0	0	0	0	0	0	0	4	3	2	1	2	0	0	0	1	1	0	0	0	1	0	0	0	1	0	0	0	0	2	0	0	0	0	0	2	0	0
47	55	4	9	11	47	10	7	2	7	0	6	16	3	1	13	4	3	0	1	0	3	0	0	0	2	1	0	0	1	0	0	0	1	0	3	2	0	2	0	0	0	1	1	1	0	1	3	0	1	0	1	0	0	0	0	0	0	0	1	1	0	0	1	0	0	0	0	0	0	2	0	0	0	0	0	0	0	0	0	0	1	0	0	0	0	0	0	0	0	0	1	0	0	0	0	0	0	0	0	0	0	1	0	0	0	0	0	0	0	0	0	0	0	0	0	0	0	0	0	0	0	0	0	0	0	0	0	0	0	0	0	0	1	0	0	0	0	0	0	0	0	0	0	0	0	0
278	257	24	37	52	185	93	63	15	30	0	40	103	13	11	47	17	19	6	3	3	9	1	3	3	7	5	2	5	0	4	0	3	7	0	10	9	1	1	0	1	1	8	1	0	0	2	4	4	3	1	1	2	2	0	0	1	2	0	4	2	1	3	0	0	0	0	1	0	0	3	0	0	0	0	0	0	0	2	0	1	3	3	2	3	1	0	2	0	2	1	1	0	1	0	0	1	1	0	1	0	0	0	0	0	0	0	0	0	0	1	0	1	0	0	0	0	3	1	2	1	1	0	0	0	0	1	0	0	0	0	0	0	1	0	0	0	0	2	2	0	0	0	0	1	0	0
393	407	38	80	96	299	126	89	27	43	0	53	171	24	17	63	25	36	0	3	5	14	2	17	2	8	3	1	1	4	6	0	7	5	1	20	7	3	2	1	0	8	8	7	2	0	3	9	3	1	0	0	0	3	4	3	3	6	0	2	8	3	1	2	0	0	0	1	0	1	6	1	1	0	0	1	0	0	2	1	0	5	2	2	3	0	1	4	0	3	1	1	0	1	0	3	1	1	0	2	0	0	0	1	1	1	0	0	0	1	2	1	0	0	0	0	2	2	2	2	1	3	0	0	0	0	0	0	0	0	0	0	2	1	1	0	0	0	1	0	0	0	0	0	0	0	0
84	98	9	16	18	58	19	15	4	5	0	12	32	5	4	16	7	3	1	0	1	3	0	1	3	3	2	0	0	2	0	0	4	2	0	8	0	0	0	0	0	1	2	2	2	0	1	2	3	1	0	0	0	0	2	0	0	1	0	0	0	1	2	0	0	0	0	0	0	0	2	0	0	0	0	0	0	0	1	0	1	1	0	1	0	0	1	0	0	1	1	0	0	0	0	1	0	0	0	0	0	0	0	0	0	0	0	0	0	0	0	0	0	0	0	0	0	1	0	0	0	0	0	1	0	0	0	0	0	0	0	0	0	0	0	0	2	0	0	0	0	0	0	0	0	0	0
45	47	4	7	5	38	13	6	2	6	0	7	18	1	5	11	5	2	0	0	0	2	0	3	0	2	0	0	0	1	0	0	0	0	0	2	2	1	0	0	0	0	2	1	0	0	1	0	0	0	0	0	0	0	0	0	0	1	0	1	0	0	0	0	0	0	0	1	0	0	1	0	0	0	0	0	1	0	0	0	0	1	1	0	0	0	0	0	0	0	0	0	1	0	0	0	0	0	0	0	0	0	0	0	0	0	0	0	0	0	0	0	0	0	0	0	0	0	0	1	0	0	0	0	0	1	0	0	0	0	0	0	0	0	0	0	0	0	0	0	0	0	0	0	0	0	0
161	174	14	30	33	141	47	51	8	21	0	30	79	6	6	37	11	18	0	1	2	3	1	2	0	3	2	0	3	4	6	0	3	2	3	8	2	3	1	0	0	3	1	0	2	1	0	3	4	2	0	0	0	0	1	0	0	3	0	0	4	1	0	1	0	0	0	0	0	2	2	1	0	0	0	1	0	0	0	1	1	2	3	1	1	0	0	0	0	2	0	2	0	0	0	1	1	0	1	0	0	0	0	0	0	0	0	0	0	0	0	0	0	0	0	0	2	2	1	0	0	4	1	0	0	0	0	0	0	0	0	0	1	0	0	0	0	0	0	0	0	0	0	0	0	0	0
57	56	1	5	12	36	12	12	0	8	0	5	24	2	2	14	2	1	0	0	1	2	0	2	1	0	0	1	0	3	0	0	0	0	0	0	1	0	0	0	0	1	2	1	0	0	1	2	1	0	0	0	0	0	0	0	1	0	0	0	1	0	0	1	0	0	0	0	0	0	0	1	0	0	0	0	0	0	0	0	0	0	0	0	0	0	0	0	0	1	0	0	0	0	0	0	0	0	1	0	0	0	0	0	1	0	0	0	0	0	0	0	0	0	0	0	1	0	0	0	0	0	0	0	0	1	0	0	0	0	0	0	0	0	0	0	0	0	0	0	0	0	0	0	0	0	0
149	152	14	18	17	97	45	41	14	21	1	18	58	7	3	24	9	15	0	1	3	4	0	4	2	3	0	0	1	2	1	0	2	4	2	6	6	0	0	0	0	2	7	2	0	0	2	4	2	1	0	0	0	3	0	0	0	4	1	1	1	1	1	1	1	0	0	0	0	0	1	1	0	0	0	0	0	0	2	2	1	1	2	0	1	0	2	1	0	2	1	1	0	0	0	0	0	2	1	0	0	0	0	2	0	0	0	0	0	1	1	1	1	1	0	0	1	3	1	1	1	2	0	0	1	0	0	0	0	0	0	0	0	0	0	0	0	0	1	0	0	0	0	0	0	0	0
86	75	7	14	17	59	22	23	4	10	0	16	29	4	5	18	5	4	0	0	0	2	0	8	1	1	0	0	1	0	0	0	1	2	0	5	2	0	2	0	0	2	5	1	1	0	0	1	1	0	0	0	0	0	0	0	0	0	0	0	1	1	0	0	0	1	1	0	1	1	1	0	0	0	0	0	0	0	0	1	0	2	0	0	1	0	1	0	0	1	1	0	0	0	0	0	0	0	0	0	0	0	0	1	0	0	0	0	0	0	0	1	0	0	1	0	0	0	1	0	0	2	0	0	0	0	0	0	0	0	0	0	0	0	0	0	0	0	0	0	0	0	0	0	0	0	0
88	114	15	23	21	66	28	13	8	11	0	15	37	6	6	18	5	14	0	1	0	4	2	4	1	4	0	0	1	2	1	0	0	1	1	6	1	0	0	0	1	0	4	3	0	0	0	3	0	1	0	0	1	1	1	0	0	1	0	0	1	1	0	1	0	0	0	0	0	0	0	0	0	0	0	0	0	0	2	0	0	3	2	0	1	0	0	1	0	0	1	0	0	0	0	0	1	0	0	0	0	0	0	1	0	0	0	0	0	3	0	0	0	1	0	0	0	0	0	0	2	0	0	0	0	0	0	0	0	0	0	0	0	0	0	0	0	0	0	0	0	0	0	0	0	0	0
24	14	1	1	5	15	3	1	1	5	0	4	5	0	1	5	0	1	0	0	0	0	0	0	0	0	0	0	0	0	1	0	0	1	0	0	0	0	0	0	0	0	1	0	0	0	0	1	0	1	0	0	0	0	0	0	0	0	0	0	0	0	0	0	0	0	0	0	0	0	1	0	0	0	0	0	0	0	0	0	0	1	0	0	0	0	0	0	0	0	0	0	0	0	0	0	0	0	0	0	0	0	0	0	0	0	0	0	0	0	1	0	0	0	0	0	0	0	0	0	0	0	0	0	0	0	0	0	0	0	0	0	0	0	0	0	0	0	0	0	0	0	0	0	0	0	0
6	6	0	1	0	1	0	0	0	0	0	0	4	0	0	0	0	0	0	0	0	0	0	0	0	0	0	0	0	0	0	0	0	0	0	0	0	0	0	0	0	0	1	0	0	0	0	0	0	0	0	0	0	0	0	0	0	0	0	0	0	0	0	0	0	0	0	0	0	0	0	0	0	0	0	0	0	0	0	0	0	0	0	0	0	0	0	0	0	0	0	0	0	0	0	0	0	0	0	0	0	0	0	0	0	1	0	0	0	0	0	0	0	0	0	0	0	0	0	0	0	0	0	0	0	0	0	0	0	0	0	0	0	0	0	0	0	0	0	0	0	0	0	0	0	0	0
81	86	3	11	10	53	19	21	2	4	0	17	34	2	2	23	3	9	1	0	0	4	0	0	2	3	1	0	1	2	0	0	2	1	0	1	3	0	0	0	0	0	3	1	2	0	0	3	0	0	0	0	1	1	0	0	0	2	0	1	3	0	1	0	0	0	0	1	0	0	2	0	0	0	1	0	0	0	0	0	0	1	2	0	1	0	0	3	0	1	1	0	0	0	0	1	0	0	0	0	0	0	0	0	1	0	0	0	0	0	1	0	0	0	0	0	0	1	1	0	0	0	0	0	0	0	1	0	0	0	0	1	1	0	0	0	0	0	0	0	0	0	0	0	0	0	0
94	130	11	18	21	92	37	31	5	9	1	18	50	4	6	23	6	6	0	1	1	3	1	4	2	2	1	0	1	1	1	0	0	1	0	9	0	0	1	0	0	1	5	1	1	0	0	2	4	1	0	0	1	0	0	1	0	3	0	1	0	1	0	0	0	0	0	1	0	2	3	0	0	0	0	1	0	0	1	1	2	2	0	0	1	0	0	0	0	0	0	1	0	0	0	1	0	1	0	1	0	0	0	0	0	0	0	0	0	0	0	0	1	0	0	0	0	1	1	0	1	1	0	0	0	1	0	0	0	0	0	0	0	0	0	1	0	0	0	0	0	0	0	0	0	0	1
152	135	11	23	34	123	43	31	16	14	1	20	72	8	5	25	9	8	2	2	1	6	1	3	0	3	3	0	2	4	2	0	1	3	1	9	5	2	2	0	0	4	7	0	0	0	2	5	4	0	0	1	2	0	0	1	1	1	0	2	2	1	2	0	0	0	0	1	0	2	0	0	0	0	0	0	0	0	1	1	0	2	1	1	0	0	0	0	0	2	0	1	0	0	0	0	0	2	0	0	0	0	0	0	0	0	0	1	2	0	0	0	1	0	0	0	0	0	2	1	0	1	0	0	0	0	1	0	0	0	0	1	0	1	0	0	0	0	0	1	0	0	0	0	0	0	0
3	3	0	1	1	2	2	0	0	1	0	1	0	0	0	0	0	0	0	0	0	1	0	0	0	0	0	0	0	0	0	0	0	0	0	0	0	0	0	0	0	0	0	0	0	0	0	0	0	0	0	1	0	0	0	0	1	0	0	0	0	0	0	0	0	0	0	0	0	0	0	0	0	0	0	0	0	0	0	0	0	0	0	0	0	0	0	0	0	0	0	0	0	0	0	0	0	0	0	0	0	0	0	0	0	0	0	0	0	0	0	0	0	0	0	0	0	0	0	0	0	0	0	0	0	0	0	0	0	0	0	0	0	0	0	0	0	0	0	0	0	0	0	0	0	0	0
10	16	0	4	3	6	5	5	0	0	0	3	10	0	0	4	0	0	0	0	0	1	0	0	1	0	0	0	0	0	0	0	0	0	0	0	2	0	0	0	0	0	0	0	0	0	0	0	1	0	0	0	0	0	0	0	0	0	0	0	0	0	0	0	0	0	0	0	0	0	0	0	0	0	0	0	0	0	0	0	0	0	0	0	0	0	0	0	0	0	0	0	0	0	0	0	0	1	0	0	0	0	0	0	0	0	0	0	0	0	0	0	0	0	0	0	0	0	0	0	0	0	0	0	0	0	0	0	0	0	0	0	0	0	0	0	0	0	0	0	0	0	0	0	0	0	0
150	151	15	29	32	109	43	35	11	12	0	25	60	5	2	28	11	15	2	0	1	5	1	4	0	3	6	1	0	1	4	1	4	2	2	4	4	0	1	0	1	3	2	1	1	1	0	2	2	0	0	0	0	2	0	0	0	1	0	2	3	0	0	0	1	0	0	1	0	0	0	2	0	0	1	0	0	0	0	1	1	1	0	1	0	0	1	1	0	2	0	0	0	0	0	1	0	0	0	1	0	0	1	0	0	0	0	0	0	0	1	0	0	0	0	0	1	0	2	1	0	1	0	0	0	0	0	0	0	0	0	1	0	1	0	0	0	0	0	0	0	0	0	0	1	0	0
51	59	9	12	14	67	21	17	3	6	1	8	22	1	2	15	2	4	1	0	0	2	0	1	0	1	0	0	0	0	1	0	0	0	0	1	1	0	1	0	0	0	2	2	0	0	0	1	1	1	0	0	1	2	0	0	0	0	0	1	1	0	0	0	0	0	0	0	0	0	1	0	0	0	0	1	0	0	1	0	0	1	0	2	1	0	0	1	0	0	0	1	0	0	1	0	0	0	0	0	0	0	0	0	0	0	0	0	1	0	0	0	0	0	0	0	0	1	0	0	1	1	0	0	0	0	0	0	0	0	0	0	0	0	0	0	0	0	0	0	0	0	0	0	1	0	0
41	44	1	3	6	34	11	14	2	7	0	5	9	3	2	6	1	3	0	1	0	0	0	1	0	0	0	0	0	0	2	0	1	0	0	0	0	0	1	0	0	0	1	0	0	0	0	0	0	0	0	0	1	0	0	0	0	0	0	1	1	0	0	1	0	0	0	0	0	0	2	0	0	0	0	0	0	0	0	0	0	0	0	0	0	1	1	0	0	0	0	0	0	0	1	0	0	0	0	1	0	0	0	0	0	0	0	0	0	0	1	0	0	0	0	0	0	0	0	1	0	0	1	0	0	1	0	0	0	0	0	0	0	0	0	0	0	0	0	0	0	0	0	0	0	0	0
32	39	2	7	7	32	10	10	3	2	0	5	15	1	0	6	3	2	3	1	0	1	0	1	0	1	0	1	1	2	1	0	0	2	0	3	2	0	1	0	0	0	1	1	0	0	0	1	1	2	1	0	0	0	0	0	0	0	0	0	1	1	1	0	0	0	0	0	0	0	1	0	0	0	0	0	0	0	0	0	0	0	0	0	1	0	0	0	0	0	0	0	0	0	0	0	0	0	0	0	0	0	0	0	0	0	0	0	0	0	0	0	0	0	0	0	0	0	0	0	0	0	0	0	0	1	0	0	0	0	0	0	0	0	1	0	0	0	0	0	0	0	0	0	0	0	0
14	14	1	2	1	5	3	10	1	1	0	1	6	1	0	1	0	1	0	0	0	3	0	0	0	1	0	0	0	0	0	1	0	0	0	1	1	0	0	0	0	0	0	0	0	0	0	0	0	0	0	0	0	0	0	0	0	1	0	0	0	0	0	0	0	0	0	0	0	0	0	0	0	0	0	0	0	0	0	0	0	0	0	0	0	0	0	0	0	0	0	1	0	0	0	0	0	0	0	0	0	0	0	0	0	0	0	0	0	0	0	0	0	0	0	0	0	1	0	1	0	0	0	0	0	0	0	0	0	0	0	0	0	0	0	0	0	0	0	0	0	0	0	0	0	0	0
54	78	7	16	10	51	15	15	2	7	0	9	16	3	5	9	5	9	0	1	0	4	0	0	1	1	0	0	1	1	1	0	2	0	0	0	3	0	1	0	0	1	4	1	0	0	1	1	0	1	0	1	0	0	0	0	0	0	0	1	0	1	0	0	0	0	0	0	0	0	0	1	0	0	0	0	1	1	0	0	0	3	1	1	0	0	0	0	0	0	0	0	0	0	0	0	0	0	0	0	0	0	0	0	0	0	0	0	1	0	0	0	0	0	0	0	0	1	1	0	0	0	0	0	0	0	0	0	0	0	0	0	0	0	0	0	0	0	0	0	0	0	0	0	0	0	0
9	13	2	1	4	9	3	2	0	0	0	1	5	0	0	0	2	0	0	0	0	2	0	0	0	0	1	0	0	0	0	0	0	0	0	1	0	0	0	0	0	0	1	0	0	0	0	0	0	0	0	0	0	0	0	0	0	0	0	0	0	0	0	0	0	0	0	0	0	0	0	0	0	0	0	0	0	0	0	0	0	0	0	0	0	0	0	0	0	1	0	0	0	0	0	0	0	0	0	0	0	0	0	0	0	0	0	0	0	0	0	0	0	0	0	0	0	0	0	0	0	1	0	0	0	0	0	0	0	0	0	0	0	0	0	0	0	0	0	0	0	0	0	0	0	0	0
13	26	4	2	2	17	5	3	1	4	0	2	9	1	1	4	1	1	0	0	0	0	0	0	0	1	0	0	0	0	1	0	0	0	0	2	1	0	0	0	0	0	1	0	0	0	0	0	0	1	0	0	0	0	0	0	0	0	0	0	0	0	0	0	0	0	0	0	0	0	0	0	0	0	0	1	0	0	0	0	0	0	0	0	1	0	0	0	0	0	0	0	0	0	0	0	0	0	0	0	0	0	0	0	0	0	0	0	0	0	0	0	0	0	0	0	0	0	0	0	0	0	0	0	0	0	0	0	0	0	0	0	0	0	0	0	0	0	0	0	0	0	0	0	0	0	0
70	65	12	13	13	65	36	21	4	11	1	14	36	5	3	11	3	7	1	0	0	3	0	2	1	2	1	0	0	1	1	0	2	1	0	0	3	0	1	0	0	2	3	2	0	0	0	0	4	0	0	1	0	1	0	0	1	1	0	0	0	1	2	0	0	0	0	1	0	0	0	1	0	0	1	0	1	1	0	1	0	1	0	1	0	0	0	2	0	1	0	1	0	0	0	0	0	1	0	0	0	0	0	0	1	0	0	0	0	0	0	0	0	0	0	0	0	1	0	1	0	0	0	0	0	0	0	0	0	0	0	1	1	0	0	0	0	0	1	1	0	0	0	0	0	0	0
10	9	0	0	1	5	2	3	0	0	0	0	3	1	1	1	0	0	0	0	0	0	0	0	0	0	0	0	0	0	0	0	0	0	0	0	0	0	0	0	0	0	0	0	0	0	0	0	0	1	0	0	0	0	0	0	0	0	0	0	0	0	0	0	0	0	0	0	0	0	0	0	0	0	0	0	0	0	0	0	0	0	0	0	0	0	0	0	0	0	0	0	0	0	0	0	0	0	0	0	0	0	0	0	0	0	0	0	0	0	0	0	0	0	0	0	0	0	0	0	0	0	0	0	0	0	0	0	0	0	0	0	0	0	0	0	0	0	0	0	0	0	0	0	0	0	0
4	7	2	1	1	7	2	3	0	0	0	2	2	0	2	0	1	0	0	0	0	0	0	0	0	0	0	0	0	0	0	0	0	0	0	0	0	0	1	0	0	0	0	0	0	0	0	1	0	0	0	0	0	0	0	0	0	0	0	0	0	0	0	0	0	0	0	0	0	0	0	0	0	0	0	0	0	0	0	0	0	1	0	0	0	0	1	0	0	1	0	0	0	0	0	0	0	0	0	0	0	0	0	0	0	0	0	0	0	1	0	0	0	0	0	0	0	0	0	0	0	0	0	0	0	0	0	0	0	0	0	0	0	0	0	0	0	0	0	0	0	0	0	0	0	0	0
285	308	28	49	66	216	76	82	20	34	1	36	105	18	13	46	25	20	1	4	6	10	1	8	0	5	4	0	0	1	3	1	3	4	3	18	4	1	0	0	0	2	7	3	2	1	4	6	7	3	1	2	0	4	0	1	0	0	0	4	6	1	2	1	0	0	2	1	0	0	7	2	0	1	0	0	0	0	0	2	0	3	0	2	0	0	0	0	0	4	0	2	0	1	1	1	0	0	2	1	0	0	0	0	0	0	0	0	0	0	0	1	0	2	0	0	1	2	4	3	0	2	1	0	0	1	0	0	0	0	0	1	2	1	1	0	0	0	0	1	0	1	0	0	1	0	0
25	19	1	4	5	16	7	8	0	4	0	3	9	0	0	2	2	3	1	0	0	1	0	0	0	1	0	1	0	0	1	0	0	0	0	1	1	0	0	0	0	0	0	1	0	0	0	0	1	0	0	0	0	0	0	0	0	0	0	0	0	0	0	0	0	0	0	0	0	0	0	0	0	0	0	0	0	0	0	0	0	1	1	0	0	0	0	1	0	0	0	0	0	1	0	0	0	0	0	0	0	0	0	0	0	0	0	0	0	0	1	0	0	0	0	0	0	0	0	0	0	0	0	0	0	0	0	0	0	0	0	0	0	0	0	0	0	0	0	0	0	0	0	0	0	0	0
77	77	7	14	14	56	19	15	5	4	0	13	31	2	3	11	4	6	1	1	2	5	2	2	1	3	3	1	2	1	2	1	1	1	0	5	1	0	0	0	0	1	4	0	1	0	0	4	2	1	0	0	1	1	0	0	1	1	0	1	1	1	1	0	0	0	0	1	0	0	0	1	0	0	0	0	0	0	0	1	0	0	0	0	0	0	0	1	0	0	0	0	0	0	0	0	0	0	0	0	0	0	1	0	0	0	0	0	1	0	0	0	0	0	0	0	0	0	1	1	0	0	0	0	0	0	0	0	0	0	0	1	0	0	0	0	0	0	0	0	0	0	0	0	1	0	0
75	66	7	10	13	52	20	14	2	4	0	10	31	4	2	21	6	9	1	0	2	5	0	1	1	4	1	0	1	3	1	1	3	2	0	4	2	0	1	0	0	0	1	0	1	0	2	0	1	0	0	0	0	0	0	0	1	0	0	0	0	0	1	0	0	0	0	2	0	0	1	2	0	0	0	0	0	0	0	1	2	0	1	2	0	0	1	1	0	1	0	0	0	0	0	0	0	0	0	0	0	0	0	0	0	0	0	0	1	0	0	0	0	1	0	0	0	1	0	0	0	0	0	0	0	0	1	0	0	0	0	0	0	1	0	0	0	0	0	0	0	0	0	0	0	0	0
21	21	0	7	6	19	7	4	0	2	0	4	8	2	1	7	3	1	0	0	0	0	0	2	0	0	0	0	0	1	0	0	0	0	0	1	1	0	0	0	0	0	1	1	1	0	0	0	1	0	0	0	0	1	0	0	1	0	0	0	0	0	0	0	0	0	0	0	0	0	0	0	0	0	0	0	0	0	0	0	0	0	0	0	0	0	0	0	0	0	0	1	0	1	0	0	0	0	0	0	0	0	0	0	0	0	0	0	0	1	0	0	0	1	0	0	0	0	0	0	0	0	0	0	0	0	0	0	0	0	0	0	0	0	0	0	0	0	0	0	0	0	0	0	0	0	0
34	24	5	6	9	23	11	8	3	1	0	2	15	2	3	6	2	3	0	0	0	2	0	0	1	0	0	0	0	0	0	0	0	0	0	2	1	0	0	0	0	0	2	1	0	0	0	0	0	0	0	0	0	0	0	0	0	0	0	0	0	0	0	0	0	0	0	0	0	0	0	0	0	0	0	0	1	0	0	0	0	1	1	0	0	0	0	0	0	0	0	0	0	0	0	0	0	0	0	0	0	0	0	0	0	0	0	0	0	0	1	0	0	0	0	0	0	0	1	0	0	1	0	0	0	0	0	0	0	0	0	0	0	0	0	0	0	0	0	0	0	0	0	0	0	0	0
45	67	3	9	6	43	10	17	4	11	0	7	19	1	2	6	6	9	0	2	1	2	0	1	0	1	1	0	1	1	1	1	2	1	0	4	2	0	1	0	0	0	1	0	0	0	1	0	2	1	1	0	0	0	0	1	0	1	0	0	1	0	0	0	1	0	0	0	0	0	0	0	0	0	0	0	0	0	0	0	0	0	1	1	2	0	0	0	0	1	0	1	0	0	0	1	0	0	0	1	0	0	0	0	0	0	0	0	0	0	0	0	0	1	0	0	1	0	0	0	0	0	0	0	0	0	0	0	0	0	0	0	0	0	0	0	0	0	0	0	1	0	0	0	0	0	0
14	12	2	0	1	11	6	8	2	0	0	0	6	0	0	4	1	1	0	0	0	1	0	1	0	1	0	0	0	1	0	0	1	1	0	2	0	0	0	0	0	0	1	0	0	0	0	0	0	0	0	0	0	0	0	0	0	0	0	0	0	0	0	0	0	0	0	0	0	0	0	0	0	0	0	0	0	0	0	0	0	0	1	0	0	0	0	0	0	0	0	0	0	0	0	0	0	0	0	0	0	0	0	0	0	0	0	0	0	0	0	0	0	0	0	0	0	0	0	0	0	0	0	0	0	0	0	0	0	0	0	0	0	0	0	0	0	0	0	0	0	0	0	0	0	0	0
14	13	1	4	2	6	3	4	2	0	0	2	10	0	1	8	0	0	0	0	0	1	0	1	0	1	1	0	0	1	0	0	0	1	0	0	0	0	0	0	0	0	1	0	0	0	0	0	1	0	0	0	0	0	0	0	0	0	0	0	1	0	0	0	0	0	0	0	0	0	0	0	0	0	0	0	0	0	0	0	0	0	0	0	1	0	0	1	0	0	0	0	0	0	0	0	0	1	0	0	0	0	0	0	0	0	0	0	1	0	0	1	0	0	0	0	0	0	0	0	0	0	0	0	0	0	1	0	0	0	0	0	0	0	0	0	0	0	0	0	0	0	0	0	0	0	0
17	11	3	3	3	13	7	5	0	4	0	0	4	1	1	2	2	3	0	0	0	0	0	0	0	0	0	0	1	0	0	0	1	0	0	1	0	0	0	0	0	0	1	0	0	0	0	0	0	1	0	0	0	1	0	0	1	0	0	0	0	0	0	0	0	0	0	0	0	0	0	0	0	0	0	0	0	0	0	0	0	0	0	0	0	0	0	1	0	0	0	0	0	0	0	0	0	0	0	0	0	0	0	0	0	0	0	0	0	1	0	0	0	0	0	0	0	0	0	0	0	0	0	0	0	0	0	0	0	0	0	0	0	0	0	0	0	0	0	0	0	0	0	0	0	0	0
4	5	1	0	2	5	2	2	0	2	0	2	0	2	0	1	1	0	0	0	0	1	0	0	0	0	0	0	0	0	0	0	0	0	0	1	0	0	0	0	0	0	1	0	0	0	0	0	0	0	0	0	0	0	0	0	0	0	0	0	0	0	0	0	0	0	0	0	0	0	0	0	0	0	0	0	0	0	0	0	0	0	0	0	0	0	0	0	0	0	0	0	0	0	0	0	0	0	0	0	0	0	0	0	0	0	0	0	0	0	0	0	0	0	0	0	0	0	0	0	0	0	0	0	0	0	0	0	0	0	0	0	0	0	0	0	0	0	0	0	0	0	0	0	0	0	0
13	18	2	5	1	22	5	4	1	2	0	1	12	0	0	4	1	0	0	0	0	0	0	1	0	1	2	0	0	0	1	0	0	0	0	2	0	0	0	0	0	0	0	0	0	0	0	0	0	0	0	0	0	0	0	0	0	0	0	0	0	1	0	0	0	0	1	0	0	1	0	0	0	0	0	0	0	0	0	0	0	1	0	0	0	0	0	0	0	0	0	0	0	0	0	0	0	0	0	0	0	0	0	0	0	0	0	0	0	0	0	0	0	0	0	0	0	0	0	0	0	0	0	0	0	0	0	0	0	0	0	0	0	0	0	0	0	0	0	1	0	0	0	0	0	0	0
6	5	1	0	3	6	1	2	0	0	0	3	1	0	0	0	0	0	0	0	0	0	0	0	0	0	0	0	0	0	0	0	0	0	0	0	0	0	0	0	0	0	1	0	0	0	0	0	0	0	0	0	0	0	0	0	0	0	0	0	0	0	0	0	0	0	0	0	0	0	0	0	0	0	0	0	0	0	0	0	0	0	0	0	0	0	0	0	0	0	0	0	0	0	0	0	0	0	0	0	0	0	0	0	0	0	0	0	0	0	0	0	0	0	0	0	0	0	0	0	0	0	0	0	0	0	0	0	0	0	0	0	0	0	0	0	0	0	0	0	0	0	0	0	0	0	0
59	51	5	20	18	55	23	25	3	11	1	9	24	1	6	13	7	9	0	0	2	1	0	0	1	1	1	2	0	1	0	0	1	0	0	3	2	0	1	0	0	0	4	0	0	1	0	1	2	3	0	0	0	1	0	0	0	0	0	1	1	0	0	0	0	0	0	0	0	0	1	0	0	0	0	0	0	0	0	1	1	1	0	1	0	0	0	0	0	3	0	0	0	0	0	0	0	0	0	0	0	0	0	0	0	0	0	0	0	0	0	0	0	0	0	0	0	0	0	0	0	0	0	0	0	0	0	0	0	0	0	0	0	0	0	0	0	0	0	0	0	1	0	0	0	0	0
4	11	0	0	1	8	0	1	0	1	0	1	4	0	0	0	1	1	0	0	0	0	0	1	0	0	1	0	0	0	0	0	0	0	0	0	0	0	0	0	0	0	0	0	0	0	0	0	1	0	0	0	0	0	0	0	0	0	0	0	0	0	0	0	0	0	0	0	0	0	0	0	0	0	0	0	0	0	0	0	0	1	0	0	0	0	0	0	0	0	0	0	0	0	0	0	0	0	0	0	0	0	0	0	0	0	0	0	0	0	0	0	0	0	0	0	0	1	0	0	0	0	0	0	0	0	0	0	0	0	0	0	0	0	0	0	0	0	1	0	0	0	0	0	0	0	0
11	14	2	2	3	11	6	2	2	0	0	2	10	1	0	1	2	0	0	0	1	2	0	0	0	0	0	0	0	0	0	0	0	0	0	1	1	0	0	0	0	1	0	0	0	0	0	1	0	0	0	0	0	0	0	0	0	0	0	0	0	0	0	0	0	0	0	0	0	1	0	1	0	0	0	0	0	0	0	0	0	1	0	1	1	0	0	0	0	0	1	0	0	0	0	1	0	1	0	0	0	0	0	0	0	0	0	0	0	0	0	0	0	0	0	0	0	0	1	0	0	0	0	0	0	0	0	0	0	0	0	0	0	0	0	0	0	0	0	0	0	0	0	0	0	0	0
57	66	2	8	14	51	8	16	4	6	1	12	26	5	2	11	6	4	0	0	1	1	0	1	0	3	2	0	1	0	2	0	4	1	1	1	1	0	0	0	0	1	3	2	0	0	1	0	0	0	0	0	0	3	0	0	0	1	0	0	0	2	0	0	0	0	0	0	0	0	0	0	0	0	0	0	0	0	0	0	0	0	1	0	0	0	0	0	0	0	0	0	0	0	0	0	0	0	0	0	0	0	0	0	0	0	0	0	0	0	0	0	0	0	0	0	2	0	0	0	1	0	0	0	0	0	0	0	0	0	0	0	0	1	0	0	0	0	0	0	0	0	0	0	0	0	0
7	7	0	0	2	8	0	0	0	0	0	3	4	0	1	1	0	0	0	0	1	0	0	1	0	0	0	0	0	0	0	0	0	1	0	0	0	0	0	0	0	0	0	0	1	0	0	0	1	0	0	0	0	0	0	0	0	0	0	0	0	0	0	0	0	0	0	0	0	0	0	0	0	0	0	0	0	0	0	0	0	0	0	0	0	0	0	0	0	0	0	0	0	0	0	0	0	0	0	1	0	0	0	0	0	0	0	0	0	0	0	0	0	0	0	0	0	0	0	0	0	0	0	0	0	0	0	0	0	0	0	0	0	0	0	0	0	0	0	0	0	0	0	0	0	0	0
18	23	1	8	2	20	7	7	0	2	0	1	10	2	0	5	1	4	0	0	1	1	0	0	0	1	0	0	0	1	0	0	0	0	0	0	2	0	0	0	0	0	0	1	0	0	2	0	1	0	0	0	0	0	0	0	0	0	0	0	0	0	0	0	1	0	0	0	0	0	0	0	0	0	0	0	0	0	0	0	0	1	0	1	0	0	0	0	0	0	0	0	0	0	0	0	0	0	0	0	0	0	0	0	0	0	0	0	0	0	0	0	0	0	0	0	1	0	0	0	0	0	0	0	0	0	0	0	0	0	0	0	0	0	0	0	0	0	0	0	0	0	0	0	0	0	0
4	3	0	2	0	2	1	0	1	2	0	1	0	1	0	1	0	0	0	0	0	3	1	0	0	1	0	0	0	0	0	0	0	0	0	1	0	0	0	0	0	0	0	0	0	0	0	0	0	0	0	0	0	0	0	0	0	0	0	0	0	1	0	0	0	0	0	0	0	0	0	0	0	0	0	0	0	0	0	0	0	0	0	0	0	0	0	0	0	0	0	0	0	0	0	0	0	0	0	0	0	0	0	0	0	0	0	0	0	0	0	0	0	0	0	0	0	0	0	0	0	0	0	0	0	0	0	0	0	0	0	0	0	1	0	0	0	0	0	0	0	0	0	0	0	0	0
4	5	1	0	3	4	1	3	1	1	0	1	1	0	0	0	0	1	0	0	0	0	0	0	0	0	0	0	0	0	0	0	0	0	0	0	0	0	0	0	0	0	0	0	0	0	0	1	0	0	0	0	0	0	0	0	0	0	0	0	0	0	0	0	0	0	0	0	0	0	0	0	0	0	0	0	0	0	0	0	0	0	0	0	0	0	0	0	0	0	0	0	0	0	0	0	0	0	0	0	0	0	0	0	0	0	0	0	0	0	0	0	0	0	0	0	0	0	0	0	0	0	0	0	0	0	0	0	0	0	0	0	0	0	0	0	0	0	0	0	0	0	0	0	0	0	0
18	18	2	4	1	15	7	2	3	1	0	5	8	1	1	7	2	1	0	0	0	0	0	0	0	0	0	0	0	0	0	0	0	0	0	0	0	0	0	0	0	0	1	0	0	0	0	0	0	0	0	0	0	0	0	0	0	0	0	0	0	1	0	1	0	0	0	0	0	0	0	0	0	0	0	0	0	0	0	0	0	0	0	0	0	0	0	0	0	0	0	0	0	0	0	0	0	0	0	0	0	0	0	0	0	0	0	0	0	0	0	0	0	0	0	0	0	0	0	0	0	1	0	0	0	0	0	0	0	0	0	0	0	0	0	0	0	0	1	0	0	0	0	0	0	0	0
3	2	3	1	0	2	0	2	1	0	0	0	1	0	1	1	0	0	0	0	0	0	0	0	0	0	0	0	0	0	0	0	0	0	0	0	0	0	0	0	0	0	0	0	0	0	0	0	0	0	0	0	0	0	0	0	0	0	0	0	0	0	0	0	0	0	0	0	0	0	0	0	0	0	0	0	0	0	0	0	0	0	0	0	0	0	0	0	0	0	0	0	0	0	0	0	0	0	0	0	0	0	0	0	0	0	0	0	0	0	0	0	0	0	0	0	0	0	0	0	0	0	0	0	0	0	0	0	0	0	0	0	0	0	0	0	0	0	0	0	0	0	0	0	0	0	0
1	2	0	0	0	0	0	1	0	0	0	0	0	0	0	0	0	0	0	0	0	0	0	0	0	0	0	0	0	0	0	0	0	0	0	0	0	0	0	0	0	0	0	0	0	0	0	0	0	0	0	0	0	0	0	0	0	0	0	0	0	0	0	0	0	0	0	1	0	0	0	0	0	0	0	0	0	0	0	0	0	0	0	0	0	0	0	0	0	0	0	0	0	0	0	0	0	0	0	0	0	0	0	0	0	0	0	0	0	0	0	0	0	0	0	0	0	0	0	0	0	0	0	0	0	0	0	0	0	0	0	0	0	0	0	0	0	0	0	0	0	0	0	0	0	0	0
27	41	0	2	4	25	10	6	0	3	1	5	19	2	1	7	1	3	0	0	0	3	0	0	0	0	0	0	0	0	0	0	0	1	0	2	1	0	0	0	0	0	1	3	0	0	0	1	3	0	0	0	0	0	0	0	0	0	0	0	2	0	1	0	0	0	0	0	0	0	0	0	0	0	0	0	0	0	0	0	0	0	0	0	0	0	0	0	0	0	0	0	0	0	0	0	0	0	0	0	0	0	0	0	0	0	0	0	0	0	0	0	0	0	0	0	0	0	0	1	1	0	0	0	0	0	0	0	0	0	0	0	0	0	0	0	0	0	0	0	0	0	0	0	0	0	0
60	68	2	6	20	38	28	10	1	5	0	6	29	2	1	9	4	2	1	1	0	2	0	0	0	0	0	0	1	0	0	0	1	0	0	6	0	0	0	0	0	0	1	0	0	0	1	0	1	0	1	0	0	2	0	0	0	1	0	0	1	0	0	0	0	0	0	1	0	0	0	0	0	0	0	0	0	0	0	0	0	1	0	2	0	0	0	1	0	0	1	0	0	0	0	0	0	0	0	0	0	0	0	0	0	0	0	0	0	0	0	1	0	0	0	0	1	0	0	0	0	1	0	0	0	0	0	0	0	0	0	0	0	0	0	0	0	0	0	0	0	0	0	0	0	0	0
8	9	0	2	3	7	2	2	0	1	0	1	3	2	1	0	3	2	0	0	0	0	0	0	1	0	0	0	0	0	0	0	0	0	0	0	0	0	0	0	0	0	0	1	0	0	0	0	1	0	0	0	0	0	0	0	0	0	0	0	0	0	0	0	0	0	0	0	0	0	0	0	0	0	0	0	0	0	0	0	0	0	0	0	0	0	0	0	0	0	0	0	0	0	0	0	0	0	0	0	1	0	0	0	0	0	0	0	0	0	0	0	0	0	0	0	0	0	0	0	0	0	0	0	0	0	0	0	0	0	0	0	0	0	0	0	0	0	0	0	0	0	0	0	0	0	0
2	4	0	0	1	4	4	2	0	0	0	0	3	0	0	1	0	1	0	0	0	0	0	0	0	0	0	0	0	0	0	0	0	0	0	0	1	0	0	0	0	0	0	0	0	0	0	0	0	0	0	0	0	0	0	0	0	0	0	0	0	0	0	0	0	0	0	0	0	0	0	0	0	0	0	0	0	0	0	0	0	0	0	0	1	0	0	0	0	0	0	0	0	0	0	0	0	0	0	0	0	0	0	0	0	0	0	0	0	0	0	0	0	0	0	0	0	0	0	0	0	0	0	0	0	0	0	0	0	0	0	0	0	0	0	0	0	0	0	0	0	0	0	0	0	0	0
14	9	0	4	1	12	4	1	0	2	0	1	5	2	0	0	0	1	0	0	0	0	0	1	0	0	0	0	0	0	0	0	0	0	0	0	0	0	0	0	0	0	0	0	0	0	0	0	0	0	0	0	0	0	0	0	0	0	0	0	0	0	0	0	0	0	0	0	0	0	0	0	0	0	0	0	0	0	0	0	0	0	0	0	0	0	0	0	0	0	0	0	0	0	0	1	0	0	0	0	0	0	0	0	0	0	0	0	0	0	0	1	0	0	0	0	0	0	0	0	0	0	0	0	0	1	0	0	0	0	0	0	0	0	0	0	0	0	0	0	0	0	0	0	0	0	0
11	12	1	3	1	10	4	6	0	1	0	0	8	0	1	5	0	1	0	0	0	0	0	0	0	1	1	0	0	0	0	0	0	0	0	0	0	0	1	0	0	0	2	0	0	0	0	0	0	0	0	0	0	1	0	0	0	0	0	0	0	0	0	0	0	0	0	0	0	0	0	0	0	0	0	0	0	0	0	0	0	0	0	0	0	0	0	0	0	0	1	0	0	0	0	0	0	0	0	1	0	0	0	0	0	0	0	0	0	0	0	0	0	0	0	0	0	0	0	0	0	0	0	0	0	0	0	0	0	0	0	0	0	0	0	0	0	0	0	0	0	0	0	0	0	0	0
9	6	2	1	1	11	5	6	0	1	0	1	1	0	0	3	0	1	0	0	0	0	0	0	0	0	0	0	1	0	1	0	0	0	0	1	0	0	0	0	0	0	0	1	1	0	0	0	0	0	0	0	0	0	0	0	0	0	0	0	1	0	0	0	0	0	0	0	0	0	0	0	0	0	1	0	0	0	0	2	0	0	0	0	0	0	0	0	0	0	0	0	0	0	0	0	0	0	0	0	0	0	0	0	0	0	0	0	0	0	0	0	0	0	0	0	0	0	0	0	0	0	0	0	0	0	0	0	0	0	0	0	0	0	0	0	0	0	0	0	0	0	0	0	0	0	0
11	13	2	4	4	14	5	1	0	0	0	4	6	0	1	4	0	3	0	0	0	2	0	0	0	0	0	0	0	0	0	0	0	1	0	0	0	0	0	0	0	0	2	0	0	0	0	0	0	0	0	0	0	1	0	0	0	0	0	0	0	0	0	0	0	0	0	0	0	0	0	0	0	0	0	0	0	0	0	0	0	0	0	1	0	0	0	0	0	0	0	0	0	0	0	0	0	0	0	0	0	0	1	0	0	0	0	0	0	0	0	0	0	0	0	0	0	0	0	0	0	1	0	0	0	0	0	0	0	0	0	0	0	0	0	0	0	0	0	0	0	0	0	0	0	0	0
10	11	0	1	2	13	3	3	0	1	0	2	3	0	0	2	0	0	0	0	0	0	0	1	0	0	0	0	0	0	0	0	0	0	0	1	0	0	0	0	0	1	0	0	0	0	0	0	0	0	0	0	0	0	0	0	0	0	0	0	0	0	0	0	0	0	0	0	0	0	0	0	0	0	0	0	0	0	0	0	0	1	0	0	0	0	0	0	0	0	0	0	0	0	0	0	0	0	0	0	0	0	0	0	0	0	0	0	0	0	0	0	0	0	0	0	0	0	0	0	1	0	0	0	0	0	0	0	0	0	0	0	0	0	0	0	0	0	0	0	0	0	0	0	0	0	0
19	19	1	5	6	15	3	6	0	2	0	1	11	1	0	5	1	0	0	0	0	1	0	0	0	0	0	0	0	1	0	0	0	0	0	3	0	0	0	0	0	0	0	0	1	0	0	0	1	0	0	0	0	0	0	0	0	0	0	1	0	0	0	0	0	0	0	0	0	0	0	0	0	0	0	0	0	0	0	0	0	0	0	0	0	0	0	0	0	2	0	1	0	0	0	0	0	0	1	0	0	0	0	0	0	0	0	0	0	0	0	1	0	0	0	0	0	0	0	0	0	0	0	0	0	0	0	0	0	0	0	0	0	0	0	0	0	0	0	0	0	0	0	0	0	0	0
0	0	0	0	0	0	1	0	0	0	0	0	1	0	0	0	0	0	0	0	0	0	0	0	0	0	0	0	0	0	0	0	0	0	0	0	1	0	0	0	0	0	0	0	0	0	0	0	0	0	0	0	0	0	0	0	0	0	0	0	0	0	0	0	0	0	0	0	0	0	0	0	0	0	0	0	0	0	0	0	0	0	0	0	0	0	0	0	0	0	0	0	0	0	0	0	0	0	0	0	0	0	0	0	0	0	0	0	0	0	0	0	0	0	0	0	0	0	0	0	0	0	0	0	0	0	0	0	0	0	0	0	0	0	0	0	0	0	0	0	0	0	0	0	0	0	0
14	11	2	5	2	5	6	5	0	0	0	2	3	1	2	4	0	1	0	0	0	0	0	1	0	0	1	0	0	0	0	0	0	0	0	0	0	0	0	0	0	0	0	0	0	0	0	0	1	0	0	0	0	0	0	0	0	1	0	0	0	0	0	1	0	0	0	0	0	0	0	0	0	0	0	0	0	0	0	0	0	1	0	0	0	0	0	1	0	2	0	0	0	0	0	0	0	1	0	0	0	0	0	1	0	0	0	0	0	0	0	0	0	0	0	0	0	0	0	0	0	0	0	0	0	0	0	0	0	0	0	0	0	0	0	0	0	0	0	0	0	0	0	0	0	0	0
21	17	1	1	4	14	4	2	1	1	0	1	7	0	2	11	0	3	0	0	0	2	0	1	0	0	0	0	0	1	0	1	0	0	1	0	0	0	0	0	0	0	0	1	0	0	0	0	0	0	0	0	0	0	0	1	0	1	0	1	0	0	1	1	0	0	0	0	0	0	0	0	0	0	1	0	0	0	0	0	0	1	0	0	0	0	0	0	0	1	0	0	0	0	0	0	0	0	0	0	0	0	0	0	0	0	0	1	0	0	0	0	0	0	0	0	0	0	0	0	0	0	0	0	0	0	0	0	0	0	0	0	0	0	0	0	0	0	0	0	0	0	0	0	0	0	0
7	8	2	0	0	7	6	2	0	1	0	1	2	1	0	2	1	3	0	1	0	0	0	0	0	0	0	0	0	0	0	0	0	0	0	1	0	0	0	0	0	0	0	2	0	0	0	0	1	0	0	0	0	0	0	0	0	0	0	0	0	0	0	0	0	0	0	0	0	0	0	0	0	0	0	0	0	0	0	0	0	1	0	0	0	0	0	0	0	0	0	0	0	0	0	0	0	0	0	0	0	0	0	0	0	0	0	0	0	0	0	0	0	0	0	0	0	0	0	0	0	0	0	0	0	0	0	0	0	0	0	0	0	0	0	0	0	0	0	0	0	0	0	0	0	0	0
59	86	7	10	17	57	22	17	3	3	0	9	29	7	4	9	3	5	0	1	3	3	1	1	0	2	1	0	1	0	2	0	0	1	0	4	3	0	0	0	0	0	2	0	0	0	1	1	2	0	0	1	0	0	0	0	0	2	0	0	0	0	0	0	0	0	0	0	0	0	0	0	0	0	0	0	0	1	0	0	0	2	0	0	1	0	1	1	0	1	1	0	0	0	0	1	0	1	0	0	1	0	0	0	0	0	0	0	0	0	0	0	0	0	0	0	0	0	0	0	0	1	0	0	0	0	0	0	0	0	0	0	0	0	0	0	0	0	0	0	0	0	1	0	0	0	0
5	3	0	1	1	2	0	3	0	0	0	0	2	0	0	2	1	0	0	0	0	0	0	0	0	0	0	0	0	0	0	0	0	1	0	0	0	0	0	0	0	0	1	0	0	0	0	0	0	0	1	0	0	0	0	0	0	0	0	1	0	0	0	0	0	0	0	0	0	0	0	0	0	0	0	0	0	0	0	0	0	0	0	0	0	0	0	0	0	0	0	0	0	0	0	0	0	0	0	0	0	0	0	0	0	0	0	0	0	0	0	0	0	0	0	0	0	0	0	1	0	0	0	0	0	0	0	0	0	0	0	0	0	0	0	0	0	0	0	0	0	0	0	0	0	0	0
8	8	0	0	2	5	3	3	0	1	0	1	1	1	0	1	0	1	0	0	0	0	0	0	0	0	0	0	0	0	0	0	0	0	0	0	0	0	0	0	0	0	0	0	0	0	0	1	1	0	0	0	0	0	0	0	0	0	0	0	0	0	0	0	0	0	0	0	0	0	0	0	0	0	0	0	0	0	0	0	0	0	0	0	0	0	0	0	0	0	0	0	0	0	0	0	0	1	0	0	0	0	0	0	0	0	0	0	0	0	0	0	0	0	0	0	0	0	0	0	0	0	0	0	0	0	0	0	0	0	0	0	0	0	0	0	0	0	0	0	0	0	0	0	0	0	0
0	0	0	0	1	0	0	0	0	0	0	0	1	0	0	0	1	0	0	0	0	0	0	0	0	0	0	0	0	0	0	0	0	0	0	0	0	0	0	0	0	0	0	0	0	0	0	0	0	0	0	0	0	0	0	0	0	0	0	0	0	0	0	0	0	0	0	0	0	0	0	0	0	0	0	0	0	0	0	0	0	0	0	0	0	0	0	0	0	0	0	0	0	0	0	0	0	0	0	0	0	0	0	0	0	0	0	0	0	0	0	0	0	0	0	0	0	0	0	0	0	0	0	0	0	0	0	0	0	0	0	0	0	0	0	0	0	0	0	0	0	0	0	0	0	0	0
10	10	1	3	4	7	5	1	1	0	0	1	5	1	0	4	0	1	0	0	0	0	0	0	0	0	0	0	0	0	0	0	0	0	0	0	2	0	0	0	0	0	0	0	0	0	0	1	0	0	0	0	0	0	0	0	0	0	0	0	0	0	0	0	0	0	0	0	0	0	0	0	0	0	0	0	0	0	0	0	0	0	0	0	0	0	0	0	0	0	0	0	0	0	0	0	0	0	0	0	0	0	0	0	0	0	0	0	0	0	0	0	0	0	0	0	0	1	0	0	0	0	0	0	0	0	0	0	0	0	0	0	0	0	0	0	0	0	0	0	0	0	0	0	0	0	0
10	9	1	4	2	11	3	3	1	0	0	2	6	1	0	3	1	5	0	0	0	3	0	0	0	0	0	0	0	0	1	0	1	1	0	0	0	0	0	0	0	0	1	0	0	0	0	0	0	1	0	0	0	0	0	0	0	0	0	0	1	0	0	0	0	0	0	0	0	0	0	0	0	0	0	0	0	0	0	0	0	1	0	0	0	0	1	0	0	0	0	0	0	0	0	0	0	0	0	0	0	0	0	0	0	0	0	0	0	0	0	0	0	0	0	0	0	0	0	0	0	0	0	0	0	0	0	0	0	0	0	0	0	0	0	0	1	0	0	0	0	0	0	0	0	0	0
16	20	0	5	3	13	7	3	2	0	0	4	7	1	1	1	0	1	0	1	0	2	0	0	0	0	1	0	0	0	0	0	1	0	0	0	0	0	0	0	0	0	0	0	0	0	0	1	0	0	0	0	0	2	0	0	0	0	0	0	2	2	1	0	0	0	0	0	0	0	0	0	0	0	0	0	0	0	0	0	0	0	0	0	0	0	1	0	0	0	0	1	0	0	0	0	0	0	0	0	0	0	1	0	0	0	0	0	0	0	0	1	0	0	0	0	0	1	0	0	0	0	0	0	0	0	0	0	0	0	0	0	0	0	0	0	0	0	0	0	0	0	0	0	0	0	0
7	6	0	2	0	4	2	0	0	0	0	0	1	1	2	1	2	0	0	0	0	0	0	0	0	0	0	0	0	0	0	0	0	0	0	0	0	0	0	0	0	0	0	0	0	0	0	0	0	0	0	0	0	0	0	0	0	0	0	0	0	0	0	0	0	0	0	0	0	0	0	0	0	0	0	0	0	0	0	0	0	0	0	0	0	0	0	0	0	0	0	0	0	0	0	0	0	0	0	0	0	0	0	0	0	0	0	0	0	0	0	0	0	0	0	0	0	0	0	0	0	0	0	0	0	0	0	0	0	0	0	0	0	0	0	0	0	0	0	0	0	0	0	0	0	0	0
43	48	4	6	6	34	14	8	0	4	0	5	14	3	4	10	1	6	0	0	1	2	1	1	0	0	0	1	0	0	1	0	0	0	0	4	0	0	0	1	1	1	1	0	0	0	0	1	1	2	0	0	0	0	2	0	0	1	0	0	0	0	0	0	0	0	0	0	0	0	2	0	1	0	0	0	0	0	0	0	0	0	0	0	0	0	0	0	0	0	0	0	0	0	0	0	0	0	0	1	0	0	1	0	0	0	0	0	2	0	0	0	0	0	0	0	1	1	0	0	0	0	0	0	0	0	0	0	0	0	0	0	0	0	0	0	0	0	0	0	0	0	0	0	0	0	0
33	31	1	3	8	14	8	5	2	5	0	3	9	1	1	3	1	2	0	0	0	0	0	0	0	1	0	0	0	1	0	0	1	0	0	3	0	0	0	0	0	1	1	0	0	0	0	0	1	0	0	0	0	0	0	0	0	0	0	0	1	0	0	0	0	0	0	1	0	0	0	0	0	0	0	1	0	0	0	0	0	0	0	0	0	0	0	0	0	0	0	1	0	0	0	0	0	1	0	0	0	0	0	0	0	0	0	0	0	0	0	0	0	0	0	0	0	0	0	0	0	0	0	0	0	0	0	0	0	0	0	0	0	0	0	0	0	0	1	0	0	0	0	0	0	0	0
0	0	0	1	0	0	0	0	0	0	0	0	1	0	0	2	0	0	0	0	0	0	0	0	0	0	0	0	0	0	0	0	0	0	0	0	0	0	0	0	0	0	0	0	0	0	0	0	0	0	0	0	0	0	0	0	0	0	0	0	0	0	0	0	0	0	0	0	0	0	0	0	0	0	0	0	0	0	0	0	0	0	1	0	0	0	0	0	0	0	0	0	0	0	0	0	0	0	0	0	0	0	0	0	0	0	0	0	0	0	1	0	0	0	0	0	0	0	0	0	0	0	0	0	0	0	0	0	0	0	0	0	0	0	0	0	0	0	0	0	0	0	0	0	0	0	0
9	12	1	2	2	9	1	2	0	0	0	1	2	0	0	2	0	0	0	0	0	1	0	0	0	0	2	0	0	1	0	0	0	0	0	0	1	0	0	0	0	0	1	0	1	0	0	0	0	0	0	0	0	0	0	0	0	0	0	0	0	1	0	0	0	0	0	0	0	0	0	0	0	0	0	0	0	0	0	0	0	1	0	0	0	0	0	0	0	0	0	0	0	0	0	0	0	0	0	0	0	0	0	0	0	0	0	0	0	0	0	0	0	0	0	0	0	0	0	0	0	0	0	0	0	0	0	0	0	0	0	0	0	0	0	0	0	0	0	0	0	0	0	0	0	0	0
8	5	0	1	1	3	0	3	0	2	0	1	3	0	0	0	0	0	1	0	0	1	0	0	0	0	0	0	0	0	0	0	0	0	0	1	0	0	0	0	0	0	1	0	0	0	0	0	1	0	0	0	0	0	0	0	0	0	0	1	0	0	0	0	0	0	0	0	0	0	1	0	0	0	0	0	0	0	1	0	1	0	0	0	0	0	0	0	0	0	0	0	0	0	0	0	0	1	0	0	0	0	0	0	0	0	0	0	0	0	0	0	0	0	0	0	0	0	0	1	0	0	0	0	0	0	0	0	0	0	0	0	0	0	0	0	0	0	0	1	0	0	0	0	0	0	0
21	15	2	3	0	15	7	3	1	1	0	1	5	0	1	3	2	1	0	0	0	2	0	1	0	1	0	0	0	0	0	0	0	1	0	0	0	0	0	0	0	0	0	0	0	0	0	0	0	0	0	0	0	0	0	0	0	0	0	0	0	0	0	0	0	0	0	0	0	0	0	0	0	0	0	0	0	0	0	0	0	0	0	0	0	0	0	0	0	0	0	0	0	0	0	0	0	0	0	0	0	0	0	0	1	0	0	0	0	0	0	0	0	0	0	0	0	0	0	0	0	0	0	0	0	0	0	0	0	0	0	0	0	0	0	0	0	0	0	0	0	0	0	0	0	0	0
1	0	0	1	0	0	0	0	0	0	0	0	0	0	0	0	0	0	0	0	0	0	0	0	0	0	0	0	0	0	0	0	0	0	0	0	0	0	0	0	0	0	0	0	0	0	0	0	0	0	0	0	0	0	0	0	0	0	0	0	0	0	0	0	0	0	0	0	0	0	0	0	0	0	0	0	0	0	0	0	0	0	0	0	0	0	0	0	0	0	0	0	0	0	0	0	0	0	0	0	0	0	0	0	0	0	0	0	0	0	0	0	0	0	0	0	0	0	0	0	0	0	0	0	0	0	0	0	0	0	0	0	0	0	0	0	0	0	0	0	0	0	0	0	0	0	0
1	2	0	1	0	1	0	0	0	0	0	0	0	0	1	0	0	0	0	0	0	0	0	0	0	0	0	0	0	0	0	0	0	0	0	0	0	0	0	0	0	0	0	0	0	0	0	0	0	0	0	0	0	0	0	0	0	0	0	0	0	0	0	0	0	0	0	0	0	0	0	0	0	0	0	0	0	0	0	0	0	0	0	0	0	0	0	0	0	0	0	0	0	0	0	0	0	0	0	0	0	0	0	0	0	0	0	0	0	0	0	0	0	0	0	0	0	0	0	0	0	0	0	0	0	0	0	0	0	0	0	0	0	0	0	0	0	0	0	0	0	0	0	0	0	0	0
1	2	0	0	0	0	0	1	0	0	0	0	0	0	0	0	0	0	0	0	0	0	0	0	0	0	0	0	0	0	0	0	0	0	0	0	0	0	0	0	0	0	0	0	0	0	0	0	0	0	0	0	0	0	0	0	0	0	0	0	0	0	0	0	0	0	0	0	0	0	0	0	0	0	0	0	0	0	0	0	0	0	0	0	0	0	0	0	0	0	0	0	0	0	0	0	0	0	0	0	0	0	0	0	0	0	0	0	0	0	0	0	0	0	0	0	0	0	0	0	0	0	0	0	0	0	0	0	0	0	0	0	0	0	0	0	0	0	0	0	0	0	0	0	0	0	0
26	24	0	5	5	13	8	5	1	3	0	3	8	0	3	2	3	2	0	0	0	2	0	1	0	0	0	0	0	1	1	0	0	0	0	0	0	0	0	0	0	0	0	0	0	0	0	1	1	0	0	0	0	0	1	0	0	0	0	0	0	1	0	0	0	0	0	1	0	1	0	0	0	0	0	0	0	0	0	0	0	1	0	0	0	0	0	0	0	0	0	0	0	0	0	0	0	0	0	0	0	0	0	0	0	0	0	0	0	0	0	0	0	0	0	0	0	0	0	0	0	0	0	0	0	0	0	0	0	0	0	0	0	0	0	0	0	0	0	0	0	0	0	0	0	0	0
36	34	1	4	5	23	7	6	2	3	0	6	14	0	1	13	2	2	0	0	0	2	0	0	1	1	1	0	0	1	1	0	0	0	0	1	0	0	0	0	0	0	1	0	0	0	0	0	0	1	0	0	0	1	0	0	0	0	0	0	2	0	0	0	0	0	0	0	0	0	1	0	0	0	0	0	0	0	0	0	0	0	1	0	0	0	1	0	0	0	0	0	0	0	0	0	0	0	0	0	0	0	0	0	0	0	0	0	0	0	0	0	0	0	0	0	0	0	0	0	0	0	0	0	0	0	0	0	0	0	0	0	0	0	0	0	0	0	0	0	0	0	0	0	0	0	0
14	21	2	2	4	18	5	4	2	0	0	4	9	0	1	3	1	1	0	0	0	0	0	0	0	0	0	0	0	0	0	0	0	0	0	0	0	0	0	0	0	2	1	0	0	0	0	0	0	0	0	0	0	0	0	0	0	0	0	0	0	0	0	0	0	0	0	0	0	1	0	0	0	0	0	0	0	0	0	0	0	0	0	0	0	0	0	0	0	0	0	0	0	0	0	0	0	1	0	0	0	0	0	0	0	0	0	0	0	0	0	0	0	0	0	0	0	0	0	0	0	1	0	0	0	0	0	0	0	0	0	0	0	0	0	0	0	0	0	0	0	0	0	0	0	0	0
13	16	2	0	2	11	5	2	0	3	0	2	15	2	1	5	0	0	1	0	0	0	0	1	1	1	0	0	0	0	0	0	0	1	0	1	0	0	0	1	0	0	0	0	0	0	0	0	0	1	1	0	0	0	0	0	0	0	0	0	0	0	0	0	0	0	0	0	0	0	0	1	0	0	0	0	0	0	0	1	0	0	0	0	0	0	0	0	0	0	0	0	0	0	0	0	0	0	0	0	0	0	0	0	0	0	0	0	0	0	0	0	0	0	0	0	0	0	0	0	0	0	1	0	0	0	0	0	0	0	0	0	0	0	0	0	0	0	0	0	0	0	0	0	0	0	0
28	20	2	4	4	18	5	7	2	2	0	3	7	0	0	7	1	1	0	0	0	1	0	0	0	0	0	0	0	1	0	0	0	1	0	1	0	0	0	0	1	0	0	0	0	0	0	2	2	0	0	0	0	0	0	1	1	0	0	1	1	0	2	0	0	0	0	0	0	0	0	0	0	0	0	0	0	0	0	0	0	0	0	0	0	0	0	0	0	0	0	0	0	0	0	0	0	0	0	0	0	0	0	0	0	0	0	0	0	0	0	0	0	0	0	0	1	0	0	0	0	1	0	0	0	0	0	0	0	0	0	0	0	0	0	0	0	0	0	0	0	0	0	0	0	0	0
23	26	2	3	3	17	11	8	1	1	0	1	12	0	1	6	2	3	1	0	3	3	0	0	0	2	1	0	1	0	3	0	0	0	0	0	1	0	0	0	0	0	2	0	0	0	0	1	0	0	0	0	0	0	1	0	0	0	0	0	0	0	0	0	0	0	0	0	0	0	0	0	0	0	0	0	0	0	0	0	0	0	0	0	0	0	0	0	0	0	0	0	0	1	0	0	1	0	0	0	0	0	0	0	0	0	0	0	0	0	0	0	0	0	0	0	0	0	0	0	0	1	0	0	0	0	0	0	0	0	0	0	0	0	0	0	0	0	0	0	0	0	0	0	0	0	0
12	2	0	0	1	7	0	2	0	0	0	1	0	0	0	1	0	0	0	0	1	0	0	1	0	0	0	0	0	0	0	0	0	0	0	0	0	0	0	0	0	0	0	0	0	0	0	1	0	0	0	0	0	0	0	0	0	0	0	0	0	0	0	0	0	0	0	0	0	0	0	0	0	0	0	0	0	0	0	0	0	0	0	0	0	0	0	0	0	0	0	0	0	0	0	0	0	0	0	0	0	0	0	0	0	0	0	0	0	0	0	0	0	1	0	0	0	0	0	0	0	0	0	0	0	0	0	0	0	0	0	0	0	0	0	0	0	0	0	0	0	0	0	0	0	0	0
6	5	0	0	1	3	3	3	0	2	0	0	1	0	0	1	0	1	0	0	0	0	0	0	0	0	0	1	0	0	0	0	0	0	0	0	1	0	0	0	0	0	2	0	0	0	0	0	0	0	0	0	0	0	0	0	0	0	0	0	0	0	0	0	0	0	0	0	0	0	0	0	0	0	0	0	0	0	0	0	0	0	0	0	0	0	0	0	0	0	0	0	0	0	0	0	0	0	0	0	0	0	0	0	0	0	0	0	0	0	0	0	0	0	0	0	0	1	0	0	0	0	0	0	0	0	0	0	1	0	0	0	0	0	0	0	0	0	0	0	0	0	0	0	0	0	0
1	0	0	0	0	3	1	1	0	0	0	0	0	0	0	0	0	0	0	1	0	0	0	0	0	0	0	0	0	0	0	0	0	0	0	0	0	0	0	0	0	0	0	0	0	0	0	1	0	0	0	0	0	0	0	0	0	0	0	0	0	0	0	0	0	0	0	0	0	0	0	0	0	0	0	0	0	0	0	0	0	0	0	0	0	0	0	0	0	0	0	0	0	0	0	0	0	0	0	0	0	0	0	0	0	0	0	0	0	0	0	0	0	0	0	0	0	0	0	0	0	0	0	0	0	0	0	0	0	0	0	0	0	0	0	0	0	0	0	0	0	0	0	0	0	0	0
10	13	2	2	3	4	2	1	0	1	0	0	1	0	0	0	0	1	0	0	0	0	0	0	0	0	0	0	0	0	0	0	0	0	0	1	0	0	0	0	0	0	0	1	0	0	0	0	0	0	0	0	0	0	0	0	0	0	0	0	0	0	0	0	0	0	0	0	0	0	0	0	0	0	0	0	0	0	1	0	0	0	0	0	0	0	0	0	0	0	0	0	0	1	0	0	0	0	0	0	0	0	0	0	0	0	0	0	0	0	0	0	0	0	0	0	0	0	0	0	0	0	0	0	0	0	0	0	0	0	0	0	0	0	1	0	0	0	0	0	0	0	0	0	0	0	0
23	19	1	6	6	18	7	5	0	2	0	7	10	1	1	6	0	2	0	0	0	2	0	1	0	0	1	0	0	3	0	0	0	0	0	2	1	0	0	0	0	0	2	0	0	0	0	0	0	0	0	0	0	0	0	0	1	0	0	0	0	0	0	0	0	0	0	0	0	1	0	0	0	0	0	0	0	0	0	0	0	0	0	0	0	0	0	0	0	0	0	0	0	0	0	0	0	0	0	0	0	0	0	0	0	0	0	0	0	0	0	0	0	0	0	0	0	0	0	0	0	0	0	0	0	0	0	0	0	0	0	0	0	0	0	0	0	0	0	0	0	1	0	0	0	0	0
91	90	8	15	13	64	25	25	7	14	0	6	29	4	2	9	5	9	1	0	1	3	0	1	2	2	0	1	1	0	0	0	3	0	0	6	0	0	0	0	0	2	1	1	0	0	0	0	1	0	0	1	1	0	1	0	0	0	0	1	1	0	0	0	0	0	0	0	0	0	1	0	0	0	1	0	1	0	0	0	0	0	0	0	0	0	0	1	1	1	0	0	1	1	0	0	0	0	0	0	0	0	0	1	0	0	0	0	0	0	0	0	0	0	0	0	0	0	3	1	0	0	0	0	0	0	0	0	0	0	0	0	0	0	0	0	0	0	1	0	0	0	1	0	0	0	0
13	17	1	5	3	11	12	3	0	0	0	3	7	0	0	1	0	1	1	0	0	1	0	1	0	0	0	0	0	0	1	0	0	1	0	0	0	0	0	0	0	0	0	0	0	0	0	2	0	0	0	0	0	1	0	0	0	0	0	0	0	0	1	0	0	0	0	0	0	0	0	0	0	0	0	0	0	0	0	2	0	2	0	0	0	0	0	0	0	0	0	0	0	0	0	0	0	0	0	0	0	0	0	0	0	0	0	0	0	0	0	0	0	0	0	0	0	0	0	0	0	0	0	0	0	0	0	0	0	0	0	0	0	0	0	0	0	0	0	0	0	0	0	0	0	0	0
6	7	2	1	2	3	5	1	0	0	0	2	0	0	0	2	0	0	0	0	0	0	0	0	0	0	0	0	0	0	0	0	0	0	0	0	0	0	0	0	0	0	0	1	0	0	0	0	0	0	0	0	0	0	0	0	0	0	0	0	0	0	0	0	0	0	0	0	0	0	0	0	0	0	0	0	0	0	0	0	0	0	0	0	0	0	0	0	0	0	0	0	0	0	0	0	0	0	0	0	0	0	0	0	0	0	0	0	0	0	0	0	0	0	0	0	0	0	0	0	0	0	0	0	0	0	0	0	0	0	0	0	0	0	0	0	0	0	0	0	0	0	0	0	0	0	0
18	25	2	2	3	18	6	3	1	3	0	2	8	3	0	6	1	1	0	0	0	1	0	0	0	0	0	0	0	1	0	0	1	0	0	0	2	0	0	0	0	0	0	2	0	0	0	0	0	0	0	0	0	0	0	0	0	1	0	0	0	0	0	0	0	0	0	0	0	0	0	0	0	0	0	1	0	0	0	0	1	0	0	0	0	0	0	1	0	1	0	0	0	0	0	0	0	0	0	0	0	0	0	0	0	0	0	0	0	0	0	0	0	0	0	0	0	0	0	0	0	0	0	0	0	0	0	0	0	0	0	0	0	0	0	0	0	0	0	0	0	0	0	0	0	0	0
2	0	2	0	0	2	0	2	1	0	0	1	1	1	0	0	0	0	0	0	0	0	0	0	0	0	0	0	0	0	1	0	0	0	0	0	0	0	0	0	0	0	0	0	0	0	0	0	0	0	0	0	0	0	0	0	0	0	0	0	0	0	0	0	0	0	0	0	0	0	0	0	0	0	0	0	0	0	0	0	0	0	0	0	0	0	0	0	0	0	0	0	0	0	0	0	0	0	0	0	0	0	0	0	0	0	0	0	0	0	0	0	0	0	0	0	0	0	0	0	0	0	0	0	0	0	0	0	0	0	0	0	0	0	0	0	0	0	0	0	0	0	0	0	0	0	0
8	5	1	0	0	5	1	6	0	0	0	0	2	0	0	2	0	1	0	1	0	0	0	1	0	0	0	0	0	0	0	0	0	0	0	0	0	0	0	0	0	0	0	0	0	0	0	0	0	0	0	0	0	0	0	0	1	0	0	0	0	0	0	0	0	0	0	0	0	0	0	0	0	0	0	0	0	0	0	0	0	0	0	0	0	0	0	0	0	0	0	0	0	0	0	0	0	0	0	0	0	0	0	0	0	0	0	0	0	0	0	0	0	0	0	0	0	0	0	0	0	0	0	0	0	0	0	0	0	0	0	0	0	0	0	0	0	0	0	0	0	0	0	0	0	0	0
34	27	4	3	2	18	4	7	2	3	0	3	9	0	3	4	5	3	1	0	1	1	0	0	0	0	1	1	1	0	1	1	0	1	0	0	0	0	0	0	0	0	1	1	0	0	0	0	1	0	0	0	0	0	0	0	0	0	0	0	0	0	0	0	0	0	0	0	0	0	0	0	0	0	0	0	0	0	0	0	0	1	0	0	0	0	0	0	0	0	0	0	0	0	0	0	0	0	0	0	0	0	0	0	0	0	0	0	0	1	0	0	0	0	0	0	0	0	0	0	0	0	0	0	0	0	0	0	0	0	0	0	0	0	0	0	0	0	0	1	0	0	0	0	0	0	0
6	9	0	0	1	5	1	1	0	1	0	1	2	1	0	1	0	2	1	0	0	0	0	0	0	0	0	0	0	0	0	0	0	0	0	0	0	0	0	0	0	0	0	0	1	0	0	0	0	0	0	0	0	0	0	0	0	0	0	0	0	0	0	0	0	0	0	0	0	0	0	0	0	0	0	0	0	0	1	0	0	0	0	0	0	0	0	0	0	0	0	0	0	0	0	0	0	1	0	0	0	0	0	0	0	0	0	0	0	0	0	0	0	0	0	0	0	0	0	0	0	0	0	0	0	0	0	0	0	0	0	0	0	0	0	0	0	0	0	0	0	0	0	0	0	0	0
8	6	1	0	3	10	2	3	0	0	0	1	0	0	0	1	0	0	0	0	0	1	0	0	0	0	0	1	0	0	1	0	0	0	1	0	0	0	0	0	0	0	0	0	0	0	0	0	0	0	0	0	0	0	0	0	0	0	0	0	0	0	0	0	0	0	0	0	0	0	0	0	0	0	0	0	0	0	0	1	0	0	0	0	0	0	0	0	0	0	0	0	0	0	0	0	0	0	0	0	0	0	0	0	0	0	0	0	0	0	0	0	0	0	0	0	0	0	0	0	0	0	0	0	0	0	0	0	0	0	0	0	0	0	0	0	0	0	0	0	0	0	0	0	0	0	0
13	20	1	2	4	11	7	6	0	1	0	3	9	2	0	3	2	1	0	0	0	2	0	1	0	1	0	0	0	2	0	0	0	0	0	1	0	0	0	0	0	0	1	0	0	0	0	1	0	0	0	0	0	0	0	0	0	0	0	0	1	0	0	0	0	0	0	0	0	0	0	0	0	0	0	0	1	0	0	0	0	1	0	0	0	0	0	0	0	0	0	0	0	0	0	0	0	0	0	0	0	0	0	0	0	0	0	0	0	0	0	0	0	0	0	0	0	0	0	0	0	0	0	0	0	0	0	0	0	0	0	0	0	0	0	0	0	0	0	0	0	0	0	0	0	0	0
7	14	1	2	2	9	4	2	1	1	0	5	3	0	1	2	0	0	0	0	0	1	0	0	0	1	0	0	0	0	0	0	0	0	0	2	0	0	0	0	0	0	0	0	0	0	0	0	0	1	1	0	0	0	0	0	0	0	0	0	0	0	0	0	0	0	0	0	0	0	0	0	0	0	0	0	0	0	0	0	0	1	0	0	0	0	0	0	0	0	0	0	1	0	0	0	0	0	0	0	0	0	1	0	0	0	0	0	0	0	1	0	0	0	0	0	1	0	0	0	0	0	0	0	0	0	0	0	0	0	0	0	0	0	0	0	0	0	0	0	0	0	0	0	0	0	0
42	45	3	6	14	40	18	13	2	6	0	7	19	3	2	7	2	2	0	0	0	1	0	3	0	0	0	0	0	0	1	0	2	2	0	2	0	2	1	0	0	0	3	0	0	0	0	3	0	0	0	1	1	0	0	0	0	0	0	0	0	0	0	0	0	0	0	0	0	0	0	0	0	0	0	0	0	0	2	0	0	0	0	0	0	0	1	0	0	0	0	0	0	0	0	0	0	0	0	0	0	0	0	0	0	0	0	1	0	0	0	0	0	0	0	0	0	0	0	1	0	0	1	0	0	0	0	0	0	0	0	0	0	0	0	0	0	0	0	0	0	0	0	0	0	0	0
26	23	3	3	9	12	10	10	1	6	0	3	8	3	2	6	2	2	0	0	1	2	0	0	0	1	2	0	0	0	0	0	0	0	0	0	2	0	0	0	0	2	1	0	0	1	0	1	0	0	0	0	0	0	0	1	0	0	0	0	0	0	0	0	0	0	0	0	0	0	0	0	0	0	0	0	0	0	0	0	0	1	1	0	0	0	0	0	0	0	0	1	0	0	0	1	0	0	0	0	0	0	0	0	1	0	0	0	0	0	0	0	0	0	0	0	0	0	1	0	0	2	0	0	0	0	0	0	0	0	0	0	0	0	0	0	0	0	0	0	0	0	0	0	0	0	0
7	7	0	3	2	6	1	2	0	0	0	3	3	1	1	2	2	1	1	0	0	0	0	0	0	0	0	0	0	0	0	0	0	0	0	0	0	0	0	0	0	0	0	0	0	0	0	0	0	0	0	0	0	0	0	0	0	0	0	0	0	0	0	0	0	0	0	0	0	0	0	0	0	0	0	0	0	0	0	0	0	0	0	0	0	0	0	0	0	0	0	0	0	0	0	0	0	0	0	0	0	0	0	0	0	0	0	0	0	0	0	0	0	0	0	0	0	0	0	0	0	0	0	0	0	0	0	0	0	0	0	0	0	0	0	0	0	0	0	0	0	0	0	0	0	0	0
38	38	2	6	10	29	12	9	1	6	0	6	9	2	5	3	1	6	0	2	2	3	1	2	0	1	1	1	0	0	1	0	2	0	0	1	1	0	0	0	0	2	5	0	0	0	0	0	0	1	1	1	1	0	2	0	0	0	0	0	0	0	0	0	0	1	1	0	0	0	1	1	0	0	0	0	0	1	0	1	0	1	0	1	1	0	0	0	0	0	0	0	0	0	0	1	0	0	0	2	0	0	0	0	0	0	0	0	0	0	0	0	0	1	0	0	1	0	0	0	0	1	0	0	0	0	0	0	0	0	0	0	0	0	0	0	0	0	2	0	0	0	0	0	0	0	0
3	1	0	0	0	0	0	0	0	1	0	0	0	0	0	0	0	0	0	0	0	0	0	0	0	0	0	0	0	0	0	0	0	0	0	0	0	0	0	0	0	0	0	0	0	0	0	0	0	0	0	0	0	0	0	0	0	0	0	0	0	0	0	0	0	0	0	0	0	0	0	0	0	0	0	0	0	0	0	0	0	0	0	0	0	0	0	0	0	0	0	0	0	0	0	0	0	0	0	0	0	0	0	0	0	0	0	0	0	0	0	0	0	0	0	0	0	0	0	0	0	0	0	0	0	0	0	0	0	0	0	0	0	0	0	0	0	0	0	0	0	0	0	0	0	0	0
7	13	0	2	2	5	1	0	1	0	0	0	1	1	0	1	0	0	0	0	0	0	0	0	0	0	0	0	0	0	1	0	0	0	0	1	0	0	0	0	0	0	0	0	0	0	0	1	1	0	0	0	0	0	0	0	0	0	0	1	0	0	0	0	0	0	0	0	0	0	2	0	0	0	0	0	0	0	0	0	0	1	0	0	0	0	0	0	0	0	0	0	0	0	0	0	0	0	0	0	0	0	0	0	0	0	0	0	0	0	0	0	0	0	0	0	0	0	0	0	0	0	0	0	0	0	0	0	0	0	0	0	0	0	0	0	0	0	0	0	0	0	0	0	0	0	0
5	5	2	0	1	4	0	0	0	0	0	0	1	0	0	2	0	0	0	0	0	0	0	0	0	0	0	0	0	0	1	0	0	0	0	1	1	0	0	0	0	0	0	0	0	0	1	0	0	0	0	0	0	0	0	0	0	0	0	0	1	0	0	0	0	0	0	0	0	0	0	0	0	0	0	0	0	0	0	0	0	0	0	0	0	0	0	0	0	0	0	0	0	0	0	0	0	0	0	0	0	0	0	0	0	0	0	0	0	0	0	0	0	0	0	0	0	0	0	0	0	0	0	0	0	0	0	0	0	0	0	0	0	0	0	0	0	0	0	0	0	0	0	0	0	0	0
5	7	0	1	0	3	3	4	1	0	0	1	5	0	0	3	0	0	0	0	0	1	0	0	0	1	0	0	0	0	0	0	0	0	0	1	0	0	0	0	0	0	0	0	0	0	0	0	1	0	0	0	0	0	0	0	0	0	0	0	0	0	0	0	0	0	0	0	0	0	0	0	0	0	0	0	0	0	0	0	0	0	0	0	0	0	0	0	0	0	0	0	0	0	0	0	0	0	0	0	0	0	0	0	0	0	0	0	0	0	0	0	0	0	0	0	0	0	0	0	0	0	0	0	0	0	0	0	0	0	0	0	0	1	0	0	0	0	0	0	0	0	0	0	0	0	0
12	9	4	1	2	7	2	2	2	1	0	1	3	0	0	1	0	0	0	0	1	1	0	0	0	0	0	0	0	0	0	0	0	0	0	1	0	0	0	0	0	0	0	0	0	0	0	0	0	0	0	0	0	0	0	0	0	0	0	1	0	1	0	0	0	0	0	0	0	0	0	0	0	0	0	0	0	0	0	0	0	0	0	0	0	0	0	0	0	0	0	0	0	0	0	1	0	0	0	0	0	0	0	0	0	0	0	0	0	0	0	0	0	0	0	0	0	1	0	0	0	0	0	0	0	0	0	0	0	0	0	0	0	0	0	0	0	0	0	0	0	0	0	0	0	0	0
9	5	0	0	1	3	1	2	2	0	0	1	3	0	0	1	0	1	0	0	0	0	0	0	0	0	0	0	0	0	0	0	0	0	0	0	0	0	0	0	0	0	0	0	0	0	0	0	0	0	0	0	0	0	0	0	0	0	0	0	0	0	0	0	0	0	0	0	0	0	0	0	0	0	0	0	0	0	0	0	0	0	0	0	0	0	0	0	0	0	0	0	0	0	0	0	0	0	0	0	0	0	0	0	0	0	0	0	0	0	0	0	0	0	0	0	0	0	0	0	0	0	0	0	0	0	0	0	0	0	0	0	0	0	0	0	0	0	0	0	0	0	0	0	0	0	0
0	2	0	0	0	0	0	0	0	0	0	0	0	0	0	0	0	0	0	0	0	0	0	0	0	0	0	0	0	0	0	0	0	0	0	0	0	0	0	0	0	0	0	0	0	0	0	0	0	0	0	0	0	0	0	0	0	0	0	0	0	0	0	0	0	0	0	0	0	0	0	0	0	0	0	0	0	0	0	0	0	0	0	0	0	0	0	0	0	0	0	0	0	0	0	0	0	0	0	0	0	0	0	0	0	0	0	0	0	0	0	0	0	0	0	0	0	0	0	0	0	0	0	0	0	0	0	0	0	0	0	0	0	0	0	0	0	0	0	0	0	0	0	0	0	0	0
