17833	4016	4952	3682	3278	538	6416	9338	3072	6647	740	461	139	94	770	1256	2920	165	175	24	687	459	586	9	310	228	152	193	32	18	335	6	645	46	273	421	165	336	96	85	45	19	124	20	55	328	59	19	225	0	19	8	22	35	390	214	205	16	128	68	250	78	16	100	330	38	39	19	4	64	31	13	65	10	74	177	26	17	24	189	16	7	12	87	35	36	11	143	63	59	8	5	105	15	24	5	4	7	8	10	8	51	3	31	50	178	27	66	13	30	59	1	11	15	5	3	6	10	23	11	34	6	1	5	0	5	14	14	24	1	20	4	12	5	20	25	66	42	76	62	6	16	45	8	1	7	21	3	5	13	38	46	10	2	28	52	16	7	3	9	51	13	4	7	2	17	12	22	15	1	28	4	6	2	7
5710	1311	1582	1206	1052	153	2072	3074	1037	2207	276	143	30	29	240	416	937	39	50	7	219	157	176	5	114	93	59	72	7	7	102	0	198	17	84	138	56	111	32	35	16	7	42	10	22	104	16	10	79	0	6	1	12	8	130	86	70	1	27	18	84	25	6	44	117	18	8	3	1	15	6	5	32	4	17	73	4	9	10	70	7	1	3	30	9	13	3	28	20	11	1	3	26	2	10	1	0	0	2	10	3	18	2	9	10	59	8	19	4	15	15	0	1	3	5	2	5	4	7	4	7	2	0	0	1	1	5	7	7	0	2	0	1	4	2	8	19	17	24	9	1	5	15	5	0	4	5	2	1	1	9	14	3	2	6	21	5	3	2	6	10	3	1	6	2	8	3	5	6	0	3	1	6	0	3
1479	339	427	290	303	43	541	758	268	573	50	31	7	7	73	115	229	13	17	2	50	39	35	0	29	23	15	18	2	0	27	0	50	3	20	32	15	20	11	8	5	3	10	0	6	20	3	1	26	0	1	0	3	4	33	20	20	1	9	5	21	5	1	6	26	2	4	4	1	5	4	4	11	1	6	15	3	1	0	9	1	0	0	9	0	3	2	10	3	3	0	1	6	1	2	0	1	1	0	0	2	5	0	1	4	19	1	3	0	3	6	0	0	3	2	0	0	1	1	1	2	0	0	0	0	0	3	1	4	0	3	0	0	1	2	3	8	2	7	7	0	2	4	1	1	0	1	0	0	0	4	1	1	0	1	3	1	1	0	0	3	1	0	0	1	1	1	2	0	0	1	0	0	0	0
3783	876	996	755	739	128	1376	1971	688	1436	171	108	26	26	153	283	678	24	46	3	151	91	119	0	62	55	39	46	9	3	52	0	141	9	52	83	32	78	24	20	8	2	25	7	13	85	13	2	51	0	6	1	6	10	96	34	48	1	37	15	59	14	5	19	64	4	7	2	1	15	4	4	22	6	17	45	5	7	2	44	5	2	0	18	3	12	1	26	15	10	2	4	29	3	4	1	1	1	1	3	0	14	1	3	10	45	3	13	7	5	14	0	3	2	2	2	1	3	4	0	4	1	0	0	0	0	1	4	6	0	2	4	3	1	6	4	9	16	22	9	1	6	10	0	2	2	2	1	0	2	4	9	0	1	6	6	4	0	0	1	9	1	1	2	1	2	0	1	0	0	4	1	3	0	2
1683	360	423	344	309	58	592	907	326	649	62	34	11	12	58	111	281	13	14	2	65	42	57	1	30	21	11	20	0	0	30	2	59	4	30	53	16	20	12	8	2	0	15	2	6	30	8	1	24	0	2	0	2	5	29	19	13	1	6	2	14	15	1	10	29	2	1	3	1	4	3	1	11	0	4	16	2	3	2	20	3	0	0	14	1	4	1	9	5	6	1	0	10	1	1	1	0	1	0	3	2	4	0	2	5	13	1	8	5	3	3	0	0	1	1	0	0	0	5	2	4	0	0	1	0	0	2	2	1	0	2	1	2	0	2	3	9	5	5	9	2	1	10	1	1	1	3	0	3	1	3	6	3	0	3	2	0	1	1	1	6	2	0	1	1	1	1	0	2	0	2	0	2	0	1
2477	583	684	578	509	79	942	1408	440	941	116	65	12	24	114	189	442	19	37	4	90	76	79	1	40	35	17	20	4	2	45	0	87	7	46	61	29	53	8	13	5	2	19	4	13	48	9	3	37	1	3	0	3	2	52	35	30	4	20	13	36	14	3	17	50	10	6	2	2	8	5	0	15	4	10	32	3	4	3	26	3	0	1	13	4	2	4	17	8	4	1	1	11	3	5	0	0	1	2	3	1	8	0	2	7	29	2	11	8	9	9	0	3	5	1	0	0	2	2	0	3	1	0	0	0	3	0	1	6	0	4	1	2	1	2	5	6	5	9	14	0	0	5	1	2	2	4	2	1	2	5	6	1	0	3	8	5	0	0	4	7	1	0	2	0	6	2	1	4	1	4	0	0	0	1
880	213	227	194	172	29	324	467	185	374	43	22	7	3	43	61	144	8	9	0	33	21	33	0	20	12	7	6	1	3	15	0	34	3	14	21	10	13	6	6	3	1	5	2	4	20	1	1	10	0	0	0	0	1	15	10	7	2	5	6	10	6	2	7	19	4	2	0	0	1	4	0	6	0	2	14	2	1	0	7	0	0	1	3	1	0	0	3	1	6	1	0	6	1	3	0	0	0	0	1	0	2	0	2	3	17	0	4	4	4	3	0	2	0	0	0	0	0	1	0	1	0	0	0	0	0	1	1	0	0	0	0	1	0	0	0	5	1	3	3	1	0	3	0	0	0	2	1	0	0	1	1	1	0	2	4	3	0	0	0	1	1	0	2	0	3	4	0	0	0	4	0	0	0	0
5815	1339	1502	1190	1060	157	2032	3106	1049	2257	243	165	43	38	254	392	904	44	51	6	240	126	183	3	89	78	53	52	3	8	111	2	220	16	83	126	62	116	35	30	11	3	41	8	25	89	21	4	61	0	8	0	8	10	137	70	79	10	37	25	69	24	7	30	117	14	13	5	3	20	14	4	25	2	14	63	3	8	9	55	4	2	1	23	22	13	4	51	15	14	4	2	29	9	11	0	0	5	1	4	5	14	1	7	8	57	10	24	6	13	15	0	2	6	7	0	3	1	5	3	9	0	1	2	0	1	5	4	7	0	4	1	4	1	8	2	20	16	30	17	1	5	21	3	2	2	3	2	3	2	11	13	1	2	11	7	0	1	0	3	17	6	4	4	3	3	2	2	7	1	6	2	4	0	1
4142	933	1036	807	773	118	1373	2163	660	1529	202	90	22	16	160	278	670	36	65	5	140	108	123	2	76	68	31	41	4	4	67	2	167	13	56	118	42	67	16	20	10	7	32	4	22	79	10	2	60	0	9	1	2	12	101	55	50	11	11	9	51	23	4	15	98	10	7	3	1	12	3	3	11	4	12	40	3	12	3	42	7	4	4	17	6	5	2	22	14	18	1	1	24	5	6	2	3	2	1	1	4	14	0	5	5	50	5	17	5	6	6	0	1	1	3	0	1	3	1	1	5	1	1	2	1	1	6	1	3	0	1	1	2	4	5	4	16	10	16	6	4	3	14	0	1	1	6	0	1	2	7	11	0	0	3	4	4	1	1	1	12	5	0	2	4	2	0	1	4	1	1	0	3	0	0
6688	1437	1772	1344	1208	196	2382	3417	1172	2582	285	170	57	36	318	470	1023	52	55	8	240	179	205	2	105	96	61	68	8	2	117	1	245	19	104	169	66	114	28	33	20	8	49	6	17	110	15	3	83	0	13	4	9	8	145	85	105	11	51	28	94	30	4	38	130	17	13	7	1	26	13	7	31	5	27	63	4	11	10	69	6	4	2	40	17	13	3	58	25	19	1	3	38	9	11	3	2	5	3	3	7	17	2	7	18	63	12	37	9	11	20	0	3	1	3	1	4	1	4	5	14	1	0	3	0	0	2	5	4	0	4	1	6	0	7	8	27	17	23	24	4	0	25	1	4	3	10	1	2	4	12	9	4	1	14	19	10	0	0	3	12	3	1	5	2	10	1	3	6	3	5	1	1	1	2
2394	522	625	466	445	58	839	1255	398	928	108	50	18	10	98	154	363	17	21	1	90	40	73	0	37	36	20	33	2	4	34	0	75	5	29	64	32	41	9	8	4	1	18	0	10	38	7	2	36	0	10	3	3	3	46	31	27	3	12	4	30	17	1	12	58	3	8	4	1	8	4	5	7	2	9	25	2	5	4	24	3	2	0	6	3	2	1	10	7	7	1	0	20	0	3	0	0	2	0	1	3	6	2	4	2	16	7	8	1	4	8	0	2	3	4	1	0	4	1	1	4	1	0	2	1	0	2	3	2	0	1	0	2	0	1	0	13	2	13	8	1	2	9	2	1	0	1	1	0	0	2	2	1	2	3	6	3	0	0	0	5	4	0	0	0	7	1	2	1	0	2	0	2	0	1
1534	352	421	323	292	49	591	817	299	530	65	39	12	11	69	129	241	14	24	2	55	40	53	0	28	29	18	17	1	1	26	0	65	3	25	38	8	24	5	7	4	2	13	3	4	35	8	1	20	0	1	2	2	1	35	21	22	0	10	3	22	6	0	9	23	3	1	1	0	6	4	1	8	2	2	19	2	5	1	14	1	0	0	9	3	3	1	9	7	1	0	0	7	1	2	2	0	1	1	1	1	3	1	2	3	18	5	12	0	6	2	0	0	0	2	0	0	1	3	1	3	1	0	3	0	0	1	2	1	0	2	0	0	0	1	0	8	3	7	5	0	3	5	0	0	0	4	0	3	0	3	4	1	0	2	3	2	0	0	3	3	1	0	1	0	0	0	0	0	0	1	0	0	0	1
440	82	102	80	66	12	152	225	64	146	9	12	1	1	18	32	65	4	2	0	13	13	11	0	9	5	6	5	0	0	9	0	13	0	5	8	4	9	1	4	1	0	3	0	1	7	0	0	2	0	0	0	0	1	8	7	3	1	6	2	6	0	0	3	8	1	1	0	0	1	1	1	2	0	1	3	0	0	1	2	0	0	0	1	1	1	1	2	1	2	0	0	1	0	1	0	0	0	0	0	0	1	0	0	3	5	0	1	0	0	2	0	0	0	0	1	0	0	0	0	0	0	0	0	0	0	0	0	0	0	0	2	0	0	0	0	0	1	1	2	0	0	2	0	1	0	1	0	0	0	1	0	0	1	0	3	0	0	0	0	1	0	0	0	0	2	0	0	0	1	1	0	0	0	0
193	41	58	36	50	4	55	99	37	65	9	3	1	0	8	10	36	2	1	1	2	2	3	1	2	2	4	4	0	0	6	0	6	0	3	6	2	4	2	0	0	0	0	0	1	1	1	1	3	0	1	0	0	0	1	4	3	0	3	2	3	0	0	0	6	1	0	0	0	1	0	0	0	0	1	2	0	0	1	0	0	0	0	0	1	0	0	1	2	0	0	0	0	0	0	0	0	0	0	0	0	0	0	0	2	1	1	0	0	2	0	0	0	0	1	0	0	0	0	1	0	0	0	0	0	0	0	0	0	0	0	0	0	0	0	0	1	1	1	0	0	0	0	0	0	0	0	0	0	0	0	0	0	0	0	2	0	0	0	0	0	0	0	0	0	1	0	0	0	1	0	0	0	0	0
1461	336	385	295	273	38	514	768	277	566	63	33	8	7	56	114	254	6	20	3	69	41	39	0	23	26	11	11	4	0	18	0	52	4	16	28	22	26	10	7	4	3	9	6	3	33	6	1	20	0	5	0	0	4	32	18	19	2	9	3	22	7	2	5	26	1	4	0	0	4	3	0	3	2	6	12	2	4	1	16	1	0	1	4	5	6	3	9	2	5	0	0	9	1	4	0	0	3	1	4	1	3	0	3	2	19	2	5	0	2	3	0	1	2	0	1	1	0	2	1	1	0	0	0	0	0	1	1	3	0	0	0	2	0	2	0	4	5	12	5	0	2	5	0	1	0	0	0	0	0	1	1	1	0	3	3	0	0	0	0	4	1	0	4	0	1	0	1	4	0	0	0	0	0	0
350	76	99	65	62	13	123	188	76	139	13	7	3	1	16	18	61	1	6	1	18	6	7	0	5	2	5	4	0	1	5	0	11	1	2	7	4	5	1	3	1	0	4	1	1	9	0	0	4	0	0	0	1	1	6	5	6	1	2	1	4	1	2	3	9	0	0	0	1	0	0	0	1	1	1	5	0	0	0	5	1	0	1	1	1	1	0	1	0	0	1	0	3	0	1	0	0	0	1	0	0	1	0	2	0	2	0	3	0	0	1	1	1	0	0	1	0	0	0	0	0	1	0	0	0	0	2	0	0	0	0	0	0	0	1	1	0	2	3	1	0	0	1	0	0	0	0	0	0	0	3	0	0	0	1	0	0	0	0	0	0	0	1	0	0	1	0	0	0	0	0	0	0	0	0
1842	416	460	354	347	53	613	969	312	742	90	50	13	12	83	140	321	18	22	2	62	57	48	1	29	30	17	19	4	1	31	1	73	5	32	44	15	42	7	9	2	1	13	2	9	35	10	0	20	0	4	0	4	4	55	23	26	2	11	12	29	10	1	11	35	5	2	2	1	8	4	2	11	1	2	20	1	4	2	19	3	0	0	10	4	1	0	14	9	6	0	0	10	0	0	0	0	0	0	2	1	5	0	2	4	23	1	7	1	2	2	0	2	0	0	0	1	0	0	0	3	0	0	1	0	0	2	2	1	1	0	0	0	0	1	0	4	3	10	5	1	3	3	0	1	0	1	0	2	1	4	3	0	1	2	5	0	0	1	2	3	4	0	1	0	1	0	0	4	0	6	0	2	0	0
985	226	257	186	175	19	362	481	199	370	43	27	6	5	35	75	145	10	12	1	39	26	28	0	22	9	9	12	0	2	17	1	42	2	25	32	6	24	6	4	0	2	13	2	2	18	1	0	16	0	2	0	1	3	17	13	16	2	7	4	13	5	4	7	19	1	2	1	0	2	2	0	3	2	4	10	1	4	1	13	0	0	0	5	2	3	1	6	3	5	0	0	2	0	1	1	1	1	0	0	0	3	1	2	4	7	2	2	1	0	3	0	1	0	0	0	0	1	1	1	2	0	0	0	0	0	0	0	0	0	0	0	0	0	0	1	1	3	3	2	2	1	3	0	0	1	0	1	2	0	2	0	1	0	0	2	0	0	0	0	1	0	0	1	0	1	0	2	1	0	2	0	2	0	1
1286	287	380	247	213	38	427	655	210	506	52	23	5	6	62	90	199	8	14	0	50	28	40	0	21	15	14	13	3	1	20	0	51	3	15	23	11	25	10	6	3	1	7	2	2	27	3	4	22	0	3	0	1	3	33	18	20	1	9	2	15	6	1	6	31	4	4	2	0	3	5	1	6	1	3	12	0	2	0	8	0	0	1	6	1	2	0	20	4	3	1	0	10	1	2	0	0	0	0	0	0	2	1	2	4	12	1	4	2	5	3	0	1	1	1	0	1	2	2	0	2	0	1	0	0	0	1	2	0	0	0	1	0	0	1	1	5	2	5	4	0	0	8	1	1	1	0	0	0	1	1	4	1	0	1	6	3	0	1	2	4	2	0	0	1	1	0	1	1	0	1	0	1	0	0
1576	381	445	310	322	37	557	850	281	604	53	38	16	8	65	111	244	16	12	2	70	49	61	1	20	23	15	21	0	0	27	0	67	3	18	52	15	27	16	11	3	0	13	1	4	30	8	0	22	0	2	1	1	3	37	20	21	1	5	4	24	9	2	7	30	6	5	3	1	6	4	0	9	2	6	20	2	4	1	10	0	0	0	10	4	3	1	11	2	7	0	1	5	1	1	1	0	1	3	2	1	6	0	0	4	15	5	5	2	1	3	0	2	0	1	0	2	1	2	0	4	0	0	0	0	2	2	1	0	0	1	0	1	1	1	2	4	3	6	10	0	1	7	3	0	1	1	2	0	0	3	2	2	0	4	4	1	0	0	0	4	2	0	0	0	2	1	2	3	0	2	0	1	0	1
258	44	52	46	41	7	103	145	45	91	12	10	0	0	8	16	29	1	3	0	10	2	10	0	4	1	2	3	0	0	3	0	7	1	6	2	2	5	0	1	0	1	1	0	0	6	0	1	3	0	1	0	0	0	8	6	6	0	0	1	2	1	0	5	5	1	0	0	0	3	0	0	2	0	0	2	0	0	0	1	0	0	0	0	0	2	0	5	0	0	0	0	2	0	1	0	0	0	0	0	1	0	0	0	2	3	1	0	2	0	1	0	0	0	0	0	0	0	1	0	0	0	0	0	0	0	0	0	0	0	1	0	1	0	1	0	0	0	1	2	0	1	1	0	0	0	1	0	0	0	0	0	1	0	0	1	0	0	0	0	0	0	0	0	0	0	0	1	0	0	0	0	0	0	0
55	20	13	10	10	2	30	32	6	21	2	1	2	0	4	8	15	0	2	0	0	4	2	0	1	1	1	0	0	1	0	0	2	0	0	2	0	0	0	1	0	0	0	0	0	1	0	1	1	0	2	0	0	0	2	0	1	1	0	0	0	0	1	0	1	1	0	0	0	0	0	0	0	0	0	1	0	0	0	0	0	0	0	0	0	0	0	1	0	1	0	0	0	0	0	0	0	0	0	0	0	0	0	0	0	0	0	0	0	0	0	0	0	0	0	0	0	0	0	0	0	0	0	0	0	0	0	0	0	0	0	0	0	0	0	1	0	0	0	0	0	0	0	0	0	0	0	0	0	0	0	0	0	0	0	0	0	0	0	0	0	0	0	0	0	0	1	0	0	0	0	0	0	0	0
1420	312	361	285	276	46	509	709	253	498	61	49	8	10	52	105	221	7	11	0	58	36	35	3	22	14	7	14	5	0	15	1	56	2	28	26	17	25	3	7	6	1	13	1	6	26	5	0	24	0	2	0	5	2	23	16	15	2	6	6	18	11	0	6	29	2	0	2	0	3	2	1	9	2	3	18	3	1	1	15	2	0	0	8	4	4	0	13	2	5	0	0	8	2	5	1	0	0	1	3	1	5	0	2	0	21	3	5	1	4	5	0	0	2	1	0	0	2	1	1	2	0	0	0	0	0	3	1	4	0	1	1	0	0	1	2	5	4	9	9	1	0	6	2	0	0	1	0	0	2	1	7	0	1	2	2	1	0	0	0	3	0	0	1	0	1	1	0	3	1	3	0	3	0	1
2573	593	708	487	458	84	824	1329	478	905	119	55	13	21	115	186	435	22	37	3	99	46	70	0	40	32	20	24	3	3	47	0	94	6	36	66	28	49	12	14	6	4	14	5	8	39	7	1	38	0	6	1	5	4	56	21	25	3	15	12	37	16	4	19	38	8	6	2	2	4	5	1	14	1	13	25	1	5	4	27	3	0	2	14	1	1	4	27	9	8	2	2	15	2	5	0	1	2	0	2	2	7	0	2	6	33	6	8	4	4	10	1	1	1	0	2	2	2	1	1	4	0	0	1	0	1	2	4	8	0	3	0	1	0	0	2	7	8	15	6	1	3	10	0	0	3	0	0	1	1	4	6	2	0	8	4	4	0	0	0	9	5	1	3	0	5	1	3	3	0	2	0	0	0	0
2326	547	619	487	455	57	785	1267	383	853	95	68	23	9	113	160	375	19	20	1	87	49	76	0	44	24	15	31	5	1	39	0	70	7	31	55	26	42	10	14	2	4	11	4	12	46	6	1	30	0	1	1	2	8	55	35	35	5	19	16	28	9	1	16	49	7	2	1	2	10	3	0	8	2	15	25	3	0	2	23	2	1	2	12	4	3	1	18	6	10	1	3	14	1	1	0	0	1	0	1	0	9	0	1	7	31	5	6	2	4	5	0	0	2	1	0	0	1	2	1	3	0	0	0	0	0	3	2	7	0	2	0	2	0	2	3	8	2	14	8	0	3	5	0	2	1	2	1	2	0	3	6	0	0	4	5	2	0	0	0	3	2	1	1	1	3	1	4	5	0	0	0	3	0	1
2637	606	708	531	492	84	936	1338	478	1029	138	51	16	14	111	180	404	22	34	3	98	71	76	2	48	38	21	36	8	3	43	0	99	2	45	69	19	52	18	9	6	2	24	3	11	56	5	1	32	0	5	1	4	9	59	30	23	3	18	7	35	14	2	19	42	4	3	2	1	7	3	3	9	4	11	33	2	3	3	29	5	3	3	15	5	5	2	14	7	8	0	0	17	1	1	1	0	0	0	0	1	5	0	5	7	25	5	11	6	3	12	0	3	1	1	0	3	2	3	3	2	2	0	0	0	0	1	1	5	0	4	0	1	2	2	0	11	3	15	5	2	2	9	1	1	0	1	3	3	1	9	5	0	0	3	1	1	3	0	1	11	2	1	5	0	2	0	1	1	0	3	0	1	0	2
58	14	20	17	13	5	21	28	13	16	4	1	0	0	1	8	7	0	1	0	2	3	2	0	1	0	0	0	0	0	3	0	2	0	0	1	0	1	0	0	0	0	0	0	0	1	1	0	2	0	0	0	0	1	2	2	1	0	1	0	0	0	0	0	1	0	0	0	0	0	0	0	0	0	0	2	0	0	0	1	0	0	0	0	0	1	0	0	0	1	0	0	0	0	0	0	0	0	0	0	0	0	0	0	0	0	0	0	0	0	1	0	0	1	0	0	0	0	0	0	0	0	0	0	0	0	0	0	0	0	0	0	0	0	0	0	0	0	0	0	0	0	1	0	0	0	0	0	0	0	0	0	0	0	0	0	0	0	0	0	0	0	0	0	0	0	0	0	0	0	0	0	0	0	0
55	12	14	9	9	1	10	17	9	18	0	0	2	0	2	4	9	0	0	0	2	0	1	0	0	0	1	0	0	0	1	0	4	0	0	0	1	0	0	0	0	0	1	0	2	0	0	0	3	0	0	0	0	0	0	0	0	0	0	0	1	0	0	1	0	0	0	0	0	0	0	0	0	0	0	1	0	0	0	0	0	0	0	0	0	0	0	1	0	0	0	0	0	0	0	0	0	0	0	0	0	0	0	0	0	2	0	0	0	0	0	0	0	0	0	0	0	0	0	0	0	0	0	0	0	0	0	0	0	0	0	0	0	0	0	0	0	0	0	0	0	0	0	1	0	0	0	0	0	0	0	0	0	0	0	0	0	0	0	0	0	0	0	1	0	0	0	0	0	0	0	0	0	0	0
917	179	243	185	166	33	359	433	149	304	42	20	7	5	43	63	126	9	11	1	35	12	25	0	9	13	8	10	0	0	17	0	24	0	18	23	7	19	2	0	0	0	6	0	4	15	2	1	15	0	0	0	1	1	25	15	14	2	5	3	13	8	1	5	20	3	5	3	0	1	2	0	4	1	3	8	4	0	2	7	1	0	0	3	1	3	0	5	5	3	0	0	2	1	0	0	0	0	0	1	0	2	0	0	1	13	3	2	0	0	4	0	0	0	1	0	0	1	0	1	1	0	0	0	0	1	0	2	2	0	0	0	0	0	1	0	2	0	3	3	0	0	1	0	0	0	0	0	2	0	2	1	0	0	2	1	0	0	0	0	3	0	0	1	0	0	0	0	0	0	1	0	0	0	0
369	86	83	84	85	11	121	160	51	139	12	8	4	1	15	42	56	4	2	1	10	11	14	0	4	5	2	5	1	1	4	0	11	2	9	7	7	8	1	4	1	0	1	0	1	6	1	1	2	0	0	0	0	2	6	0	4	0	4	0	2	3	0	3	9	2	0	0	0	0	0	0	0	0	2	3	2	2	1	1	0	1	0	0	0	1	1	2	1	0	0	0	2	0	1	0	0	0	0	0	0	0	0	1	1	4	0	1	0	0	2	0	0	0	0	0	0	1	1	0	0	0	0	1	0	0	0	1	0	0	0	0	0	0	0	0	0	0	7	3	0	0	0	1	0	1	0	0	0	1	0	1	0	0	1	0	1	0	0	0	1	0	0	1	0	1	1	0	0	0	2	0	0	0	0
188	43	46	38	39	7	58	84	28	72	7	8	0	0	5	14	27	2	0	0	5	4	4	0	5	1	1	0	1	0	4	0	8	1	5	5	2	2	0	1	0	0	0	0	0	5	0	0	2	0	1	0	1	1	7	1	0	0	1	1	2	1	0	0	2	2	0	2	0	0	1	0	0	0	0	1	0	0	1	1	0	0	0	1	0	0	0	2	1	0	0	0	2	0	0	0	0	1	0	0	1	0	0	0	0	2	1	0	0	1	0	0	1	0	0	0	0	0	0	0	0	0	0	0	0	0	0	0	2	0	0	0	0	0	0	0	1	1	0	0	0	0	0	0	0	0	1	0	0	0	0	0	0	0	0	0	1	0	0	1	0	1	0	0	0	0	0	0	0	1	0	0	0	0	0
61	20	27	17	17	1	31	43	17	30	4	7	3	0	3	1	11	2	0	0	11	1	3	0	1	1	2	0	0	0	0	0	1	0	1	0	2	2	0	1	1	0	1	0	1	5	0	1	2	0	0	0	0	1	1	0	3	0	1	0	2	0	0	0	1	0	0	0	0	0	1	1	0	0	0	0	0	0	0	3	0	0	0	0	0	0	0	1	0	0	0	0	0	0	0	0	0	0	0	1	0	0	0	0	0	0	0	1	1	0	0	0	0	0	0	0	0	0	0	0	0	0	0	0	0	0	0	0	0	0	0	0	0	1	0	0	0	0	0	0	0	1	1	0	0	0	0	0	0	0	0	0	0	0	0	0	0	0	0	0	0	0	0	0	0	1	0	0	0	0	0	0	0	0	0
276	49	65	55	47	5	93	141	47	105	14	9	1	0	11	12	52	1	4	0	4	10	4	0	5	5	1	3	0	1	3	0	11	1	5	10	5	5	1	1	0	0	1	0	1	9	0	1	2	0	0	0	1	0	7	4	3	2	1	0	2	3	2	1	7	0	0	0	0	3	0	0	1	1	0	5	0	0	0	2	0	0	0	2	1	0	0	0	1	1	0	0	1	1	0	0	0	0	0	0	0	1	0	1	0	2	0	2	1	0	0	0	0	0	1	0	0	0	1	0	0	0	0	0	0	0	0	0	1	0	0	0	0	0	1	2	1	0	1	1	0	0	2	1	0	0	0	0	0	0	0	0	0	0	1	1	0	0	0	0	1	0	0	0	0	0	1	1	0	0	0	0	0	0	0
605	132	169	115	112	21	217	293	106	200	24	10	2	2	24	47	99	5	5	0	15	15	17	0	12	12	4	3	1	0	9	0	28	3	14	24	5	5	0	3	0	2	4	0	1	7	1	1	8	0	1	0	0	2	11	8	6	0	1	1	4	4	2	4	17	2	0	0	0	1	2	0	0	1	3	5	1	1	2	6	0	0	0	2	4	0	0	1	1	1	0	0	5	0	0	0	0	1	0	1	0	4	0	0	1	8	0	1	1	0	5	0	0	1	0	0	0	0	1	0	0	0	0	0	0	0	0	1	0	0	0	0	0	0	3	0	0	3	1	1	0	1	2	0	0	0	0	0	1	0	3	0	0	0	1	1	0	0	0	1	5	1	0	0	0	1	0	0	2	0	2	0	0	0	0
40	8	8	20	7	0	20	29	10	14	1	0	0	0	3	1	6	0	0	0	2	2	1	0	1	0	2	0	0	0	0	0	3	0	1	1	0	0	1	0	0	0	0	0	0	1	0	0	0	0	0	0	0	0	2	2	1	0	0	1	0	0	0	0	0	0	0	0	0	0	0	0	1	0	0	2	0	0	0	1	1	0	0	0	0	0	0	1	0	0	0	0	0	0	0	0	1	0	0	0	0	0	0	0	0	0	0	0	0	0	0	0	0	0	0	0	0	0	0	0	0	0	0	0	0	0	0	0	0	0	0	0	0	0	0	0	0	0	0	0	0	0	0	0	0	0	0	0	0	0	0	0	0	0	0	0	0	0	0	0	0	0	0	0	0	0	0	0	0	0	0	0	0	0	0
321	66	88	71	53	5	109	169	43	110	10	5	0	2	20	24	51	1	3	0	16	8	14	0	3	2	3	6	0	0	6	0	15	2	6	4	4	2	1	0	0	0	6	0	0	6	0	0	4	0	0	0	0	0	6	5	6	1	5	2	6	0	0	2	8	0	0	1	0	1	1	2	1	0	1	5	1	0	1	7	1	0	0	0	1	1	0	3	1	0	0	0	0	0	0	0	1	0	0	0	0	1	0	1	0	6	0	1	0	1	0	0	0	0	0	0	0	0	0	0	0	0	0	1	0	0	1	1	0	0	0	0	1	0	0	0	1	0	0	1	0	0	1	0	0	0	0	0	0	1	1	0	0	0	0	1	0	0	0	0	0	0	0	0	0	0	0	0	0	0	0	0	1	0	0
173	35	50	48	33	2	49	71	26	63	7	6	1	0	7	18	33	2	3	0	5	4	3	0	0	1	1	4	0	0	2	0	6	0	5	6	2	1	0	0	0	0	0	0	0	3	0	0	4	0	0	0	0	0	6	4	1	0	2	0	2	2	0	2	2	0	0	0	0	0	1	0	1	0	3	1	0	1	0	3	0	0	0	2	0	0	0	1	0	2	0	0	1	0	0	0	0	0	1	0	0	0	0	0	2	0	0	0	0	2	1	0	1	0	0	0	0	0	0	0	0	0	0	0	0	0	0	0	1	0	0	0	1	0	0	0	0	0	0	0	0	0	0	0	0	0	0	0	0	0	1	1	0	0	1	0	0	0	0	0	0	0	0	0	0	0	0	0	0	0	0	0	0	0	0
247	50	73	45	55	9	77	115	37	81	14	7	1	1	9	24	54	2	4	0	15	7	10	1	3	3	0	3	0	0	7	0	14	0	6	2	3	8	1	0	0	1	0	1	1	7	2	0	3	0	1	0	0	1	6	4	2	1	0	2	3	3	1	2	5	1	0	1	0	1	0	0	1	0	0	4	0	2	0	5	0	0	0	1	0	0	0	1	1	1	0	0	1	0	1	0	0	0	0	0	0	1	0	0	1	4	0	1	0	1	0	0	1	0	1	0	0	0	0	0	1	0	0	0	0	0	0	0	1	0	0	0	0	1	0	0	0	1	1	0	0	1	0	0	0	0	0	0	0	0	1	0	0	0	0	1	0	0	0	0	2	0	0	0	0	0	0	0	0	1	0	0	0	0	1
121	27	39	24	23	3	42	68	30	50	5	6	0	0	7	10	16	1	0	0	5	3	4	1	2	0	1	3	0	0	6	0	6	1	1	3	1	2	1	1	0	0	3	0	3	3	2	0	2	0	1	0	0	1	4	4	0	0	1	0	1	0	0	2	5	0	1	0	0	1	0	0	1	0	0	1	1	0	0	0	0	0	0	0	0	0	2	1	0	0	0	0	1	0	1	0	0	0	0	0	0	0	0	0	0	3	0	0	0	0	1	0	0	0	0	0	0	1	1	0	0	0	0	0	0	0	0	0	1	0	0	0	0	0	0	0	0	0	1	0	0	0	0	0	0	0	0	0	0	0	1	0	0	0	0	0	0	0	0	0	1	0	0	0	0	0	0	0	0	0	0	0	1	0	0
39	9	7	9	4	0	12	15	4	12	2	1	1	0	4	4	7	0	0	0	2	1	0	0	1	2	1	0	0	0	0	0	1	0	0	1	0	0	0	0	0	0	0	0	0	1	0	0	0	0	0	0	0	0	0	0	0	0	0	0	0	0	0	1	0	0	0	0	0	0	0	0	0	0	0	1	0	0	0	1	0	0	0	0	0	0	0	0	0	1	0	0	0	0	0	0	0	1	0	0	0	0	0	0	0	0	0	0	0	0	0	0	0	0	0	0	0	0	0	0	1	0	0	0	0	0	0	0	0	0	0	0	0	0	0	0	1	1	1	0	0	0	0	0	0	0	0	0	0	0	0	0	0	1	0	0	0	0	0	0	0	0	0	0	0	0	0	0	0	0	0	0	0	0	0
410	82	125	76	63	15	159	211	78	158	15	10	2	6	16	35	72	3	2	0	10	15	11	0	3	5	5	3	1	1	4	0	9	0	5	11	10	10	4	1	1	1	3	1	4	5	1	0	6	0	0	0	0	2	8	5	6	0	3	0	6	0	0	2	15	1	2	0	0	0	1	1	2	0	1	3	0	0	1	2	0	0	0	3	1	0	1	1	1	1	0	0	2	0	0	0	0	0	0	0	0	0	0	0	1	6	0	1	0	0	0	0	0	0	0	0	0	0	1	1	2	0	0	0	0	0	1	3	1	0	0	0	0	1	0	1	2	1	1	1	1	1	2	0	0	0	0	0	0	0	2	0	0	0	0	3	0	1	0	0	1	0	0	0	0	1	0	0	2	0	0	0	0	0	0
291	63	95	58	50	12	109	140	49	143	12	6	2	1	9	13	60	5	1	0	10	5	7	0	4	6	2	3	1	0	8	0	15	0	5	8	3	4	2	6	0	0	2	0	0	7	1	0	5	0	1	0	0	0	7	1	4	0	3	2	5	2	0	2	11	1	1	1	0	3	2	0	2	2	1	4	0	0	0	2	1	0	0	4	0	0	1	3	2	1	0	1	3	0	0	0	0	0	0	0	1	0	1	2	0	5	0	2	0	1	2	0	1	0	0	0	0	0	0	0	0	0	0	0	0	0	0	0	0	0	0	0	0	0	0	0	0	0	0	2	0	1	1	0	0	0	0	0	0	0	0	0	0	0	0	0	0	0	0	1	1	0	0	0	0	0	0	1	0	1	1	0	0	0	0
58	9	15	15	9	0	19	34	9	17	3	4	0	2	0	3	9	0	1	1	0	1	4	0	0	1	1	2	0	0	2	0	3	0	0	1	1	0	1	0	0	0	1	0	0	2	0	0	0	0	0	0	0	0	1	0	3	1	2	0	0	0	0	1	0	0	0	0	0	1	0	0	1	0	0	1	0	0	0	0	0	0	0	0	0	0	0	1	0	0	0	0	0	0	0	0	0	0	0	0	0	0	0	1	0	0	0	0	0	0	0	0	0	0	0	0	0	0	0	0	0	0	0	0	0	0	0	0	0	0	0	0	0	0	0	0	0	0	0	0	0	0	0	0	0	0	0	0	0	0	0	0	0	0	0	0	0	0	0	0	0	0	0	0	0	0	0	0	0	0	0	0	0	0	0
125	25	23	39	19	4	33	60	19	46	6	3	1	1	13	9	19	0	0	0	4	2	2	0	2	3	1	2	0	0	1	0	3	0	4	2	1	2	1	0	0	1	2	0	1	1	1	0	1	0	0	0	0	0	1	1	1	0	1	0	1	1	0	1	2	1	1	0	0	0	0	0	0	0	0	2	0	0	0	1	1	0	1	1	1	0	0	2	0	0	0	0	1	0	0	0	0	0	0	0	0	0	0	3	0	1	0	0	0	1	0	0	0	0	0	0	0	1	0	0	0	0	0	0	0	0	0	1	0	0	0	0	0	0	0	1	1	0	0	1	1	0	0	0	0	0	0	0	0	0	0	0	0	0	1	0	0	0	0	0	0	0	0	0	0	0	0	0	0	0	0	0	1	0	0
371	95	110	74	78	19	128	194	65	129	15	7	2	4	17	25	70	7	8	0	20	12	17	0	4	7	3	1	2	0	7	0	24	0	4	8	3	6	1	0	3	1	1	1	0	4	4	0	4	0	0	0	0	1	7	1	2	0	2	0	3	4	1	0	8	1	1	0	0	0	1	0	1	1	1	5	0	1	0	2	0	0	0	2	0	2	0	0	2	3	0	0	4	0	1	0	0	2	0	0	1	2	0	3	2	5	2	0	1	0	4	0	0	0	0	0	0	0	0	1	0	0	0	0	0	0	0	0	0	0	0	0	1	0	0	1	3	2	0	2	0	0	0	1	0	0	0	0	1	2	1	0	0	0	0	0	1	0	0	0	2	0	0	0	0	0	1	1	0	0	2	0	0	0	0
54	10	10	11	6	2	23	31	8	18	6	2	1	0	1	3	5	0	0	0	2	2	1	0	3	0	2	0	0	0	0	0	1	0	3	1	1	1	0	0	0	0	0	0	0	1	0	0	1	0	0	0	0	0	1	0	1	0	0	0	1	1	0	0	0	2	0	0	0	0	0	0	0	0	0	1	0	0	0	0	0	0	0	1	0	0	0	0	1	0	0	0	1	1	0	0	0	0	0	0	0	0	0	0	0	0	0	1	0	1	0	0	0	0	0	0	0	0	1	0	0	0	0	0	0	0	0	0	0	0	0	0	0	0	2	0	1	0	0	0	0	0	1	0	0	0	0	0	0	0	0	0	0	0	0	0	0	0	0	0	0	0	0	0	0	0	0	0	0	0	0	0	0	0	0
42	9	7	9	4	1	12	21	5	23	2	3	0	0	2	3	8	0	1	0	3	0	0	0	0	2	1	1	0	0	0	0	0	0	2	2	0	1	0	0	0	0	0	0	0	0	0	0	0	0	0	0	0	0	0	1	0	0	0	0	0	0	0	1	0	0	0	0	0	0	1	0	0	0	0	1	0	0	0	1	0	0	0	0	0	0	0	0	0	0	0	0	0	0	0	0	0	1	0	0	0	0	0	0	0	0	0	0	0	0	0	0	0	0	0	0	0	0	0	0	0	0	0	0	0	0	0	0	0	0	0	0	0	0	0	0	1	0	0	0	0	0	0	0	0	0	0	1	0	0	0	0	0	0	0	0	0	0	0	0	0	0	0	0	0	0	0	0	0	0	0	0	1	0	0
72	14	22	19	14	3	23	33	11	27	3	0	0	0	4	7	16	0	0	0	3	3	1	0	0	0	0	1	0	0	4	0	2	1	2	1	0	0	0	0	0	0	1	0	0	2	0	0	0	0	0	0	0	1	2	2	0	2	1	0	2	0	0	0	1	0	0	0	0	0	0	0	2	0	0	1	0	0	0	1	0	0	0	0	1	0	0	1	1	0	0	0	1	0	0	0	0	0	0	0	0	0	0	2	1	0	0	1	0	0	0	0	0	0	0	0	0	0	0	0	1	0	0	0	0	0	0	0	0	0	0	0	0	0	0	0	0	0	0	1	0	1	1	0	0	0	0	0	0	0	0	0	0	0	0	1	0	0	0	0	1	0	0	0	0	0	0	0	0	0	0	0	0	0	0
11	2	1	1	3	0	2	2	2	1	1	0	0	0	0	0	1	0	0	0	0	0	0	0	0	0	0	1	0	0	2	0	0	1	1	2	0	0	0	0	0	0	1	0	0	1	0	0	0	0	0	0	0	0	0	0	0	0	0	0	0	0	0	0	1	0	0	0	0	0	0	0	0	0	0	0	0	0	0	1	0	0	0	0	0	0	0	0	0	0	0	0	0	0	0	0	0	0	0	0	0	0	0	0	0	0	0	0	0	0	0	0	0	0	0	0	0	0	0	0	0	0	0	0	0	0	0	0	0	0	0	0	0	0	0	0	0	0	0	0	0	0	0	0	0	0	0	0	0	0	0	0	0	0	0	0	0	0	0	0	0	0	0	0	0	0	0	0	0	0	0	0	0	0	0
144	32	42	29	23	3	58	78	30	67	9	4	1	1	5	9	17	2	1	0	8	1	6	0	2	1	2	0	0	0	3	0	4	0	1	5	3	2	0	0	0	0	0	0	1	1	0	1	1	0	0	0	0	1	3	1	2	0	1	2	2	1	0	5	1	0	1	0	0	0	0	1	2	0	1	1	0	0	0	2	1	0	0	1	1	1	0	0	0	0	0	0	0	0	0	0	0	1	0	0	1	1	0	0	1	3	0	1	0	0	1	0	0	0	0	0	0	0	1	0	0	0	0	0	0	0	1	0	0	0	1	0	0	0	0	0	0	1	2	1	0	0	1	0	0	0	0	0	0	1	0	0	0	0	0	0	0	0	0	0	0	0	0	0	1	0	0	0	0	0	0	0	0	0	0
47	10	8	6	9	0	8	18	7	17	1	2	0	0	1	5	7	0	0	0	0	0	1	0	0	1	0	2	0	0	0	0	2	0	1	1	3	0	0	0	0	0	0	0	0	1	0	0	0	0	0	0	0	0	0	0	1	0	0	0	0	0	0	0	2	0	0	0	0	0	0	0	0	0	0	0	0	0	0	0	0	0	0	0	0	0	0	1	0	0	0	0	0	0	0	0	0	0	0	0	0	0	0	0	0	0	0	0	0	0	1	0	0	0	0	0	0	0	0	0	0	0	0	0	0	0	0	0	0	0	0	0	0	0	0	0	0	0	0	0	1	0	0	0	0	0	0	0	0	0	0	0	0	0	0	0	1	0	0	0	0	0	0	0	0	0	0	0	0	0	0	0	0	0	0
27	8	12	8	6	1	16	16	2	13	0	1	0	0	1	1	4	0	1	0	1	2	0	0	2	0	1	0	0	0	1	0	0	0	0	0	1	2	0	2	0	0	0	0	1	1	0	0	0	0	0	0	0	0	2	0	0	0	0	0	1	0	0	0	0	0	0	0	0	0	0	0	0	0	0	0	0	0	0	0	0	0	0	0	0	0	0	0	0	0	0	0	1	0	0	0	0	0	0	0	0	0	0	0	0	0	0	0	0	0	0	0	0	0	0	0	0	0	0	0	0	0	0	0	0	0	0	0	0	0	0	0	0	0	0	0	0	0	0	0	0	0	1	0	0	0	0	0	0	0	0	0	0	0	0	0	0	0	0	0	0	0	0	0	0	0	0	0	0	0	0	0	0	0	0
98	14	24	18	17	5	24	51	11	32	8	0	1	2	4	3	15	1	0	0	3	1	1	0	1	1	0	0	0	0	2	0	2	1	1	0	2	3	1	0	0	0	0	1	0	3	0	0	1	0	0	0	0	0	1	2	0	0	0	0	1	0	0	1	3	0	0	0	0	0	1	0	1	0	0	0	0	0	1	0	0	0	0	2	0	2	1	0	0	2	0	0	0	0	0	0	0	0	0	0	0	0	0	0	2	0	0	0	0	0	0	0	0	0	0	0	0	0	0	0	0	0	0	0	0	0	0	0	0	0	0	0	0	0	0	0	1	1	1	0	0	1	2	1	0	1	0	0	0	0	0	0	0	0	0	0	0	0	0	0	0	0	0	0	0	0	0	0	0	0	1	0	0	0	0
214	55	53	42	37	13	81	132	49	92	5	4	0	2	15	16	27	0	3	0	8	12	12	0	5	1	0	2	0	0	11	0	3	1	3	8	2	4	2	0	0	0	1	1	1	6	2	0	2	0	0	1	0	0	8	2	1	0	4	1	2	1	1	0	6	0	0	0	0	0	0	0	1	0	1	1	1	1	1	1	0	0	0	2	1	0	0	2	0	2	0	0	3	0	0	0	0	0	0	0	0	0	0	1	1	3	0	1	1	0	0	0	0	0	0	0	0	0	0	0	2	0	0	0	0	0	0	0	0	0	0	0	1	0	0	0	0	2	1	1	0	0	1	0	0	0	1	0	0	0	0	0	0	0	0	0	2	0	0	0	1	0	0	0	0	1	0	0	1	0	1	0	0	0	0
208	56	52	38	33	6	93	112	37	79	12	6	1	1	10	14	35	3	1	0	8	5	7	0	6	1	2	4	1	0	1	0	9	0	5	6	2	6	1	2	0	1	1	0	0	6	0	0	1	0	2	0	0	0	2	2	3	0	2	1	2	1	1	2	8	0	2	0	0	0	0	0	1	0	2	4	2	0	1	1	0	0	0	1	0	1	0	6	0	0	0	0	0	0	0	0	0	0	0	1	0	0	0	0	1	4	0	1	0	0	2	0	0	0	0	0	0	0	0	0	1	0	0	0	0	0	0	0	1	0	0	0	0	0	0	0	1	0	1	0	0	0	0	0	0	0	0	0	0	0	0	0	0	0	0	1	0	0	0	0	0	0	0	0	0	0	0	0	0	0	0	0	0	0	0
185	40	46	38	42	5	62	93	30	65	8	6	1	1	4	10	24	1	1	0	7	3	7	0	4	3	0	3	0	0	3	0	2	0	1	4	1	6	0	0	3	0	2	0	1	1	0	0	6	0	1	0	0	1	3	3	2	0	2	0	3	0	0	0	3	0	0	0	0	0	0	0	3	0	0	7	0	0	1	3	0	0	0	0	0	0	1	2	2	0	0	0	1	1	1	0	0	0	0	1	0	1	0	0	1	1	0	0	0	0	2	0	0	0	0	0	0	0	0	1	0	0	0	0	0	0	0	0	0	0	0	0	0	0	0	1	0	0	0	2	0	0	0	0	1	0	0	0	0	0	0	1	0	0	1	0	0	0	0	0	0	0	0	0	0	0	0	0	1	0	0	0	0	0	0
198	46	51	40	39	5	74	107	38	74	13	1	0	0	8	14	32	0	2	1	6	9	10	0	2	0	2	2	0	0	5	0	6	2	6	5	5	5	3	0	1	0	1	0	1	3	0	0	0	0	0	0	0	2	5	2	3	0	1	0	4	0	0	1	4	0	2	0	0	1	1	0	1	0	1	2	0	1	0	2	1	0	0	0	0	0	0	1	0	0	0	0	1	0	0	0	0	0	0	0	0	0	0	0	0	1	0	3	0	0	0	0	0	0	0	0	0	0	0	0	1	0	0	0	0	0	0	0	0	0	1	0	0	0	0	0	0	2	0	3	0	0	2	0	0	0	0	0	0	0	0	1	0	0	0	0	1	0	0	0	2	0	0	0	0	0	0	1	2	0	1	0	0	0	0
47	9	12	16	8	2	16	31	8	24	3	4	0	0	2	3	9	0	0	0	1	0	1	0	1	1	1	1	1	0	1	0	1	0	0	1	0	3	0	0	0	0	1	0	0	2	0	0	1	0	0	0	0	0	2	1	0	0	0	0	2	0	0	1	1	0	0	0	0	0	0	0	0	0	0	0	0	0	0	0	0	0	0	0	0	1	0	0	0	1	0	0	2	0	1	0	0	0	0	0	0	0	0	0	0	0	0	0	0	0	0	0	1	0	0	0	0	0	0	0	0	0	0	0	0	0	0	1	0	0	0	0	0	0	0	0	0	0	0	0	0	0	0	0	0	0	0	0	0	0	0	0	0	0	0	0	0	0	0	0	0	0	0	0	0	0	0	0	0	0	0	0	0	0	0
260	57	72	50	49	9	106	140	45	92	16	7	1	1	19	21	44	4	4	0	11	5	4	0	1	5	1	2	0	0	3	0	11	1	5	7	1	4	0	0	0	0	4	2	2	3	1	1	4	0	0	0	0	1	3	5	0	0	1	1	2	1	0	0	8	0	1	0	0	0	0	0	1	0	1	2	0	0	0	4	0	0	0	2	0	0	0	1	2	1	1	1	0	0	0	0	0	0	0	1	0	2	0	1	1	2	1	1	1	1	0	0	0	0	0	0	1	0	0	0	0	0	0	0	0	0	0	1	0	0	0	0	0	0	0	0	2	1	2	1	0	0	1	0	0	0	1	0	0	0	0	0	0	0	2	0	0	0	0	0	1	0	0	0	0	0	0	0	0	0	1	0	0	0	0
112	15	34	18	19	2	37	59	25	41	5	3	0	1	4	10	22	2	0	0	7	3	5	0	2	1	0	1	1	1	1	0	5	0	0	3	0	1	1	0	0	0	0	0	0	1	2	0	1	0	0	0	0	0	5	1	1	0	0	0	0	0	0	2	3	0	1	0	0	0	0	0	0	0	0	2	0	0	1	2	0	1	0	0	0	0	0	1	1	0	0	0	1	0	0	0	0	0	0	0	0	1	0	2	1	1	0	0	0	1	0	0	0	0	0	0	0	0	0	0	1	0	0	0	0	1	0	0	0	0	0	0	0	0	0	0	1	0	1	0	0	0	0	0	0	0	0	0	0	0	0	1	0	0	0	0	0	0	0	0	2	0	0	0	0	0	0	0	0	0	0	0	0	0	0
33	5	8	4	3	2	10	11	4	12	1	0	0	0	0	3	5	0	1	0	2	1	0	0	0	0	0	1	0	0	1	0	3	0	0	0	0	0	1	0	0	0	0	1	1	1	0	0	1	0	0	0	0	0	0	0	0	0	0	0	1	0	0	1	0	0	0	0	0	0	0	0	0	0	0	0	0	0	0	0	0	0	0	1	0	0	0	0	0	0	0	0	0	0	0	0	0	0	0	0	0	0	0	0	0	0	0	1	0	0	0	0	0	0	0	0	0	0	0	0	0	0	0	0	0	0	0	0	0	0	1	0	1	0	0	0	0	1	1	0	0	0	0	0	0	0	0	0	0	0	0	0	0	0	0	0	0	0	0	0	1	0	0	0	0	0	0	0	0	0	0	0	0	0	0
51	5	11	8	8	1	23	23	14	7	1	1	0	0	3	3	6	0	1	0	2	1	3	0	2	1	2	0	0	0	1	0	0	0	0	1	1	1	0	0	1	0	0	0	1	1	1	0	1	0	0	0	0	0	1	0	0	0	0	0	0	0	0	1	0	2	0	0	0	0	0	0	0	0	0	1	0	0	0	1	0	0	0	0	0	0	1	0	0	0	0	0	0	0	0	0	0	0	0	0	0	0	0	0	0	1	1	0	0	0	0	0	0	0	0	0	0	0	0	0	0	0	0	0	0	0	0	0	0	0	0	0	0	0	0	0	0	0	0	0	0	0	0	0	0	0	0	0	0	0	0	0	0	0	0	0	0	0	0	0	0	0	0	0	0	0	0	0	0	0	1	0	0	0	0
1	0	0	1	0	0	2	1	0	0	0	0	0	0	0	0	0	0	0	0	0	0	0	0	0	0	0	0	0	0	0	0	0	0	1	0	1	0	0	0	0	0	0	0	0	0	0	0	0	0	0	0	0	0	0	0	0	0	0	0	0	0	0	0	0	0	0	0	0	0	0	0	0	0	0	0	0	0	0	0	0	0	0	0	0	0	0	0	0	0	0	0	0	0	0	0	0	0	0	0	0	0	0	0	0	0	0	0	0	0	0	0	0	0	0	0	0	0	0	0	0	0	0	0	0	0	0	0	0	0	0	0	0	0	0	0	0	0	0	0	0	0	0	0	0	0	0	0	0	0	0	0	0	0	0	0	0	0	0	0	0	0	0	0	0	0	0	0	0	0	0	0	0	0	0
11	1	5	2	5	0	1	7	5	6	1	0	0	0	0	3	2	0	0	0	1	0	0	0	0	1	0	0	0	0	1	0	0	0	0	1	0	0	0	1	0	0	0	0	0	1	0	0	0	0	0	0	0	0	1	0	0	0	0	0	0	1	0	0	0	0	0	0	0	0	0	0	0	0	0	0	0	0	0	0	0	0	0	0	0	0	0	0	0	0	0	0	0	0	1	0	0	0	0	0	0	0	0	0	0	0	0	0	0	0	0	0	0	0	0	0	0	0	0	0	0	0	0	0	0	0	0	0	0	0	1	0	0	0	0	0	0	0	0	0	0	0	0	0	0	0	0	0	0	0	0	0	0	0	0	0	0	0	0	0	0	0	0	0	0	0	0	0	0	0	0	0	0	0	0
263	57	76	41	48	5	102	124	42	100	10	3	2	4	10	17	51	3	3	0	5	8	6	0	3	3	1	2	0	0	5	0	7	1	2	2	2	1	0	1	0	0	1	0	0	4	2	0	4	0	0	0	0	1	6	3	3	0	2	2	2	1	0	2	6	1	2	0	0	2	0	2	2	0	0	4	0	0	1	2	0	0	0	0	1	0	0	1	0	0	0	0	2	1	2	0	0	0	0	1	0	0	0	0	0	3	0	2	0	2	0	0	0	0	0	0	0	0	0	0	0	0	0	0	0	0	1	0	0	0	0	0	0	0	0	0	1	0	2	0	1	0	0	0	0	0	0	0	1	0	0	0	0	0	0	2	0	0	0	0	1	1	0	0	1	0	0	0	0	0	0	0	1	0	0
82	14	23	20	14	5	25	42	16	34	3	1	0	0	5	6	10	1	1	0	3	1	3	0	4	1	2	0	0	0	2	0	4	0	4	0	0	1	1	0	0	0	1	0	0	2	0	0	0	0	0	1	0	1	0	0	0	0	2	0	0	0	0	0	0	0	1	0	0	0	0	0	0	0	0	0	0	0	0	0	0	0	0	2	0	0	0	0	0	1	0	0	0	0	0	0	0	0	0	0	0	0	0	0	0	2	0	0	0	0	0	0	0	0	0	0	0	0	0	1	0	0	0	0	0	0	1	0	0	0	0	0	0	0	0	0	0	0	1	0	0	0	0	0	0	0	0	0	0	0	0	0	0	0	0	0	0	0	0	0	0	0	0	0	0	0	0	0	1	0	0	0	0	0	0
38	10	11	2	8	1	12	25	7	20	2	1	0	0	1	4	7	1	1	0	1	0	0	0	0	0	0	0	0	0	2	0	0	0	1	1	0	0	0	0	0	0	0	0	0	2	0	0	0	0	0	0	0	0	1	0	1	0	0	0	1	1	0	0	0	0	0	0	0	0	0	0	0	0	1	0	0	0	0	0	0	0	0	0	0	0	0	1	0	0	0	0	0	0	0	0	0	0	0	0	0	0	0	0	0	0	0	1	0	0	0	0	0	0	0	0	0	0	0	0	0	0	0	1	0	0	0	0	0	0	0	0	0	0	0	0	0	0	0	0	0	0	0	0	0	0	0	0	0	0	0	0	0	0	0	0	0	0	0	0	0	0	0	0	0	0	1	0	0	0	1	0	0	1	0
6	0	0	0	0	0	0	2	1	1	0	0	0	0	0	0	0	0	0	0	0	0	0	0	0	0	0	0	0	0	0	0	0	0	0	0	0	0	0	0	0	0	0	0	0	0	0	0	0	0	0	0	0	0	0	0	0	0	0	0	0	0	0	0	0	0	0	0	0	0	0	0	0	0	0	0	0	0	0	0	0	0	0	0	0	0	0	0	0	0	0	0	0	0	0	0	0	0	0	0	0	0	0	0	0	0	0	0	0	0	0	0	0	0	0	0	0	0	0	0	0	0	0	0	0	0	0	0	0	0	0	0	0	0	0	0	0	0	0	0	0	0	0	0	0	0	0	0	0	0	0	0	0	0	0	0	0	0	0	0	0	0	0	0	0	0	0	0	0	0	0	0	0	0	0
64	9	19	9	7	2	17	13	6	15	3	0	1	0	3	1	8	0	0	0	1	0	2	0	2	2	1	0	0	0	1	0	2	0	0	4	0	0	0	0	0	0	0	0	0	1	0	0	0	0	0	0	0	0	0	1	1	0	0	0	1	0	0	1	1	0	0	1	0	0	1	0	0	0	0	1	0	0	0	0	0	0	0	0	0	0	2	0	0	0	0	0	1	0	0	0	0	0	0	0	0	0	0	0	0	0	0	0	0	0	0	0	0	0	0	0	0	1	0	0	1	0	0	0	0	0	0	0	0	0	0	0	0	0	0	0	0	0	0	1	0	0	1	0	0	0	0	0	0	1	0	0	0	0	0	0	0	0	0	0	0	1	0	0	0	0	0	0	0	0	0	0	0	0	0
20	3	4	4	2	2	8	10	1	13	1	0	0	0	0	1	4	0	0	0	1	0	3	0	0	0	0	0	0	0	0	0	1	0	0	0	0	0	0	0	0	0	0	0	0	0	0	0	0	0	0	0	0	0	2	0	0	0	0	0	2	0	0	0	0	0	0	0	0	0	0	0	0	0	0	0	0	1	0	0	0	0	0	0	0	0	0	0	0	0	0	0	0	0	0	0	0	0	0	0	0	0	0	0	0	0	0	0	0	0	0	0	0	0	0	0	0	0	0	0	0	0	0	0	0	0	0	0	0	0	0	0	0	1	0	0	0	0	0	0	0	0	0	0	0	0	0	0	0	0	0	0	0	0	0	0	0	0	0	0	0	0	0	0	0	0	0	0	0	0	0	0	0	0	0
29	6	9	6	7	2	19	18	7	13	1	1	0	0	2	3	7	0	0	0	1	1	0	0	0	0	0	0	0	0	2	0	0	0	1	0	0	0	0	0	0	0	0	0	0	1	0	0	1	0	0	0	0	0	0	0	0	1	0	0	0	0	0	1	1	0	0	0	0	0	0	0	1	0	0	1	0	0	0	0	0	0	0	0	0	0	1	0	0	0	0	0	0	0	0	0	0	0	0	0	0	0	0	0	0	0	0	0	0	0	0	0	0	0	0	0	0	0	0	0	0	0	0	0	0	0	0	0	0	0	0	0	0	0	0	0	0	0	0	0	0	0	1	0	0	0	0	0	0	0	0	0	0	0	0	0	0	0	0	0	0	0	0	0	0	0	0	0	0	0	0	0	0	0	0
61	14	14	10	23	3	12	26	9	21	4	0	0	0	4	4	10	1	0	0	3	2	0	0	0	0	0	1	0	0	0	0	1	0	2	2	0	0	1	1	1	0	0	0	1	0	0	0	0	0	0	0	0	0	2	2	0	0	0	1	1	0	0	0	0	0	0	0	0	0	0	1	0	0	0	0	0	0	0	1	0	0	0	0	0	0	0	0	0	0	0	0	0	0	0	0	0	0	0	0	0	1	0	0	0	0	0	0	0	0	0	0	0	0	0	0	0	0	0	1	0	0	0	0	0	0	2	0	1	0	0	0	0	0	0	0	0	0	0	0	0	0	0	0	0	0	0	0	0	0	0	0	0	0	0	0	0	0	0	1	0	0	0	0	0	0	0	0	0	0	0	0	0	0	0
10	3	4	4	4	0	4	6	4	6	1	0	0	0	0	4	4	0	0	0	0	2	0	0	0	0	0	1	0	0	1	0	1	0	0	1	0	0	1	0	0	0	0	0	0	0	0	0	0	0	0	0	0	0	0	0	0	0	0	0	0	0	0	0	0	0	0	0	0	0	0	0	0	0	1	0	0	0	0	0	0	0	0	0	0	0	0	0	0	0	0	0	1	0	0	0	0	0	0	0	0	0	0	0	0	0	0	0	0	0	0	0	0	0	0	0	0	0	0	0	0	0	0	0	0	0	0	0	0	0	0	0	0	0	0	0	0	0	0	0	0	0	0	0	0	0	0	0	0	0	0	0	0	0	0	0	0	0	0	0	0	0	0	0	0	0	0	0	0	0	0	0	0	0	0
21	9	1	7	5	1	10	6	1	9	2	1	0	0	1	1	3	0	1	0	0	0	0	0	0	1	0	0	0	0	0	0	0	0	0	0	0	0	0	0	0	0	0	0	0	1	0	0	0	0	0	0	0	0	0	0	0	0	0	0	0	0	0	0	0	0	0	0	0	0	0	0	0	0	0	0	0	0	0	0	0	0	0	0	0	0	0	0	0	0	0	0	0	0	0	0	0	0	0	0	0	0	0	0	0	0	0	0	0	0	0	0	0	0	0	0	0	0	0	0	0	0	0	0	0	0	0	0	0	0	0	0	0	0	0	0	0	0	0	0	0	0	0	0	0	0	0	0	0	0	0	1	0	0	0	0	0	0	0	0	0	0	0	0	0	0	0	0	0	0	0	0	0	0	0
50	7	14	7	9	1	13	10	4	14	2	3	0	0	2	3	10	0	0	0	2	0	1	0	1	2	1	1	0	0	0	0	1	1	0	1	0	0	0	1	0	0	0	0	0	0	0	0	0	0	0	0	0	0	0	1	0	0	1	0	0	1	0	0	2	0	0	0	0	0	0	0	0	0	0	0	0	0	0	0	0	0	0	1	0	0	0	1	0	1	0	0	0	0	0	0	0	0	0	0	0	0	0	0	0	0	0	0	0	0	0	0	0	0	0	0	0	0	0	0	0	0	0	0	0	0	0	0	0	0	0	0	0	0	0	0	0	0	0	0	0	0	0	0	0	0	0	0	0	0	0	0	0	0	0	0	0	0	0	0	1	0	0	0	0	0	0	0	0	0	0	0	0	0	0
15	4	5	5	4	1	8	7	3	7	1	0	0	0	0	2	0	0	0	0	0	0	2	0	0	0	0	0	0	0	0	0	0	0	0	0	0	0	0	1	0	0	0	0	0	0	0	0	0	0	0	0	0	0	1	1	0	0	0	0	0	0	0	0	0	0	0	0	0	0	0	0	0	0	0	1	0	0	0	1	0	0	0	0	0	1	0	0	0	0	0	0	0	0	0	0	0	0	0	0	0	0	0	0	0	0	1	0	0	0	0	0	0	0	0	0	0	0	0	0	0	0	0	0	0	0	0	0	0	0	0	0	0	0	0	0	0	0	0	0	0	0	0	0	0	0	0	0	0	0	0	1	0	0	0	0	0	0	0	0	0	0	0	0	0	0	0	0	0	0	0	0	0	0	0
81	14	23	16	11	2	32	35	17	28	3	4	0	0	4	8	13	0	1	0	3	1	2	0	0	1	0	1	0	0	4	0	2	0	0	2	0	0	0	0	0	0	1	0	0	0	3	0	1	0	0	0	0	0	1	1	0	0	1	0	0	0	0	0	1	0	0	1	0	0	0	0	1	0	0	0	0	0	0	1	0	0	0	1	0	0	0	0	0	0	0	0	0	0	0	0	0	0	0	0	0	0	0	1	0	0	1	0	1	0	0	0	0	0	0	0	0	0	0	0	0	0	0	0	0	0	0	1	1	0	0	0	0	0	0	0	0	0	0	0	0	0	0	0	0	0	0	0	0	0	0	0	0	0	0	0	0	0	0	0	0	0	0	0	0	0	0	0	0	0	0	0	0	0	0
60	10	18	10	11	2	23	29	9	26	1	1	0	0	1	3	6	0	0	0	6	1	0	0	0	0	1	1	0	0	1	0	6	0	0	0	2	4	0	1	1	0	2	0	0	1	0	0	0	0	0	0	0	1	1	0	0	0	0	0	1	0	0	0	1	0	0	0	0	0	1	0	2	0	0	0	0	0	0	1	0	0	0	0	0	0	0	0	0	0	0	0	1	0	0	0	0	0	0	0	0	0	0	0	0	1	0	0	0	0	1	0	0	0	0	0	0	0	0	0	1	0	0	0	0	0	0	0	0	0	0	0	0	0	0	0	0	0	0	0	0	0	0	0	0	0	0	0	0	0	0	0	0	0	0	0	0	0	0	0	0	0	0	0	0	0	0	0	0	0	0	0	0	0	0
84	20	28	21	21	1	27	44	18	21	1	2	0	0	2	10	12	0	0	1	3	0	6	0	2	0	1	0	0	1	1	0	4	1	1	0	1	2	0	0	0	0	0	0	1	1	0	0	0	0	0	0	0	0	0	2	1	0	1	0	4	0	0	0	0	0	0	0	0	0	0	1	0	0	1	1	0	0	0	1	0	0	0	0	0	0	0	2	0	0	0	0	1	0	1	0	0	0	0	1	0	0	0	1	0	0	0	0	0	1	0	0	0	1	0	0	0	0	1	0	0	0	0	0	0	0	0	0	0	0	0	0	0	0	0	0	1	0	0	1	0	0	0	0	0	0	0	0	0	0	0	0	0	0	0	0	0	0	0	0	0	0	0	0	0	0	0	0	0	0	0	0	0	0	0
42	8	9	6	10	0	6	15	9	13	4	1	0	0	4	2	4	0	0	0	4	4	0	0	2	1	0	1	0	0	2	0	0	0	0	1	2	0	0	0	0	0	1	0	0	1	0	0	1	0	0	0	0	0	1	1	0	0	0	0	2	0	0	0	1	0	0	0	0	0	1	0	0	0	1	0	0	0	0	0	0	0	0	0	1	0	0	1	0	0	0	0	0	0	0	0	0	0	0	0	0	0	0	0	0	1	0	0	0	1	0	0	0	0	0	0	0	0	0	0	0	0	0	0	0	0	0	0	0	0	0	0	0	0	0	0	0	0	0	0	0	0	0	0	0	0	1	0	0	0	1	0	0	0	0	0	0	0	0	0	1	0	0	0	0	0	0	0	0	0	0	0	0	0	0
16	4	8	6	2	1	8	7	7	9	2	0	0	0	3	1	5	0	1	0	1	1	0	0	0	0	0	1	0	0	0	0	1	1	0	0	0	0	0	0	0	0	0	0	0	1	0	0	0	0	0	0	0	0	0	0	0	0	0	0	1	0	0	0	1	0	0	1	0	0	0	0	0	0	0	1	0	0	0	0	0	0	0	0	1	0	0	0	0	0	0	0	0	0	0	0	0	0	0	0	0	0	0	0	0	0	0	1	0	0	0	0	0	0	0	0	0	0	0	0	0	0	0	0	0	0	0	0	0	0	0	0	0	0	0	0	0	0	0	0	0	0	0	0	0	0	0	0	0	0	0	0	0	0	0	0	0	0	0	0	0	0	0	0	0	0	0	0	0	0	0	0	0	0	0
1	1	2	0	2	0	5	1	2	1	1	0	0	0	0	0	1	0	0	0	0	1	0	0	0	1	0	0	0	0	0	0	2	0	0	1	0	0	0	0	0	0	0	0	0	0	0	0	0	0	0	0	0	0	0	0	0	0	0	0	0	0	0	0	1	0	0	0	0	0	0	0	0	0	0	1	0	0	0	0	0	0	0	0	0	0	0	0	0	0	0	0	0	0	0	0	0	0	0	0	0	0	0	0	0	0	0	0	0	0	0	0	0	0	0	0	0	0	0	0	0	0	0	0	0	0	0	0	0	0	0	0	0	0	0	0	0	0	0	0	0	0	0	0	0	0	0	0	0	0	0	0	0	0	0	0	0	0	0	0	0	0	0	0	0	0	0	0	0	0	0	0	0	0	0
46	8	16	5	5	0	11	14	2	14	0	2	0	0	1	4	8	0	0	0	3	0	2	0	0	1	1	0	0	0	0	0	1	0	0	1	2	1	0	0	1	0	0	0	0	0	0	0	0	0	0	0	0	0	1	1	0	0	0	1	0	0	0	2	0	0	0	0	0	0	0	0	0	1	1	1	0	0	0	1	0	0	0	0	0	0	0	0	0	0	0	0	1	0	0	0	0	0	0	0	0	0	0	0	0	0	0	0	0	0	0	0	0	0	0	0	0	0	0	0	0	0	0	0	0	0	0	0	0	0	0	0	0	0	0	0	0	0	0	0	0	0	0	0	0	0	0	0	0	0	0	0	0	0	0	0	0	0	0	0	0	0	0	0	0	0	0	0	0	0	0	0	0	0	0
14	3	1	4	1	0	5	9	0	2	0	0	0	0	2	2	2	0	0	0	0	0	1	0	0	0	0	1	0	0	1	0	0	0	0	0	0	0	0	0	0	0	1	0	0	1	0	1	1	0	0	0	0	0	0	1	0	0	0	1	1	0	0	0	0	1	0	0	0	0	0	0	0	0	0	0	0	0	0	0	0	0	0	0	0	0	0	0	0	0	0	0	0	0	0	0	0	0	0	0	0	0	0	0	0	1	0	0	0	0	0	0	0	0	0	0	0	0	0	0	0	0	0	0	0	0	0	0	0	0	0	0	0	0	0	0	0	0	0	0	0	0	0	0	0	0	0	0	0	0	0	0	0	0	0	0	1	0	0	0	0	0	0	0	0	0	0	0	0	0	0	0	0	0	0
6	1	1	1	0	0	1	3	4	4	0	0	0	0	0	0	0	0	0	0	0	0	0	0	0	0	0	0	0	0	0	0	1	0	0	0	0	0	0	0	0	0	0	0	0	0	0	0	0	0	0	0	0	0	0	1	1	0	0	0	0	0	0	0	0	0	0	0	0	0	0	0	0	0	0	0	0	0	0	0	0	0	0	0	0	0	0	0	0	0	0	0	0	0	0	0	0	0	0	0	0	0	0	0	0	0	0	0	0	0	0	0	0	0	0	0	0	0	0	0	0	0	0	0	0	0	0	0	0	0	0	0	0	0	0	0	0	0	0	0	0	1	0	0	0	0	0	0	0	0	0	0	0	0	0	0	0	0	0	0	0	0	0	0	0	0	0	0	0	0	0	0	0	0	0
57	13	12	11	9	3	13	36	10	23	0	2	0	1	5	7	14	0	0	0	2	3	5	0	1	0	0	0	0	0	2	0	5	0	2	2	1	1	0	2	0	0	1	1	0	4	0	0	1	0	0	0	0	1	1	0	1	0	1	1	2	0	0	0	1	0	0	0	0	0	1	0	0	0	0	0	0	0	0	0	0	0	0	0	0	0	0	0	1	0	0	0	2	0	0	0	0	0	0	0	0	0	0	0	0	1	0	0	0	0	0	0	0	0	1	0	0	0	0	0	1	0	0	0	0	0	0	0	0	0	0	0	0	0	0	0	0	0	0	0	0	0	0	0	0	0	0	0	0	0	0	0	0	0	0	0	0	0	0	0	0	0	0	0	0	1	0	0	0	0	1	0	0	0	0
25	11	2	6	2	1	8	13	7	3	2	0	1	0	0	2	3	0	0	0	1	0	1	0	0	0	0	0	0	0	1	0	1	0	0	0	0	1	0	0	0	0	0	0	0	1	0	0	1	0	0	0	0	0	0	0	0	0	0	0	1	0	0	0	0	0	0	0	0	0	0	0	0	0	0	0	0	0	0	0	0	0	0	0	0	0	0	0	0	0	0	0	0	0	0	0	0	0	0	0	0	0	0	0	0	1	0	0	0	0	0	0	0	1	0	0	0	0	0	0	0	0	0	0	0	0	0	0	0	0	0	0	0	0	0	0	1	0	0	0	0	0	0	0	0	0	0	0	0	0	0	0	0	0	0	0	0	0	0	0	0	0	0	0	0	0	0	0	0	0	0	0	0	0	0
46	11	12	10	13	1	23	29	9	21	3	2	1	1	4	1	7	1	1	0	3	0	4	0	2	1	0	1	1	0	0	0	4	0	1	1	0	2	0	0	0	0	1	0	0	0	1	0	2	0	0	0	0	0	2	0	1	0	1	0	2	0	0	1	1	0	0	0	0	0	0	0	0	0	0	2	0	0	0	1	0	0	0	1	0	0	0	1	0	0	0	0	0	0	0	0	0	0	0	0	0	0	0	0	0	0	0	0	0	0	0	0	0	1	0	0	0	0	0	0	0	0	0	0	0	0	0	0	0	0	0	0	0	0	0	0	0	0	0	0	0	0	0	0	0	0	1	0	0	0	0	0	0	0	1	1	0	0	0	0	1	0	0	0	0	0	0	0	0	0	0	0	0	0	0
61	16	18	17	11	5	21	34	10	29	4	1	0	0	3	7	12	2	2	0	2	2	0	0	1	0	0	3	0	0	2	0	5	0	2	2	1	2	0	0	0	0	1	0	1	1	1	0	0	0	0	0	0	0	1	1	1	0	0	0	2	0	0	0	3	0	0	0	1	0	0	0	0	0	0	1	0	0	0	0	0	0	0	0	0	1	0	0	0	0	0	0	0	0	1	0	0	0	0	0	1	0	0	0	0	0	0	0	0	0	0	0	0	0	0	0	0	0	0	0	0	0	0	0	0	0	0	0	0	0	0	0	0	0	1	0	0	0	0	0	0	0	0	0	0	0	0	0	0	1	1	0	0	0	0	0	0	0	0	0	1	0	0	0	0	0	0	0	0	0	0	0	0	0	0
38	10	11	13	12	0	14	22	8	10	1	3	0	0	2	4	7	0	0	0	0	2	7	0	1	0	0	1	0	0	0	0	0	0	1	1	0	0	1	0	0	0	0	0	0	2	0	0	1	0	0	0	0	0	0	0	0	0	0	0	0	0	0	0	1	0	0	0	0	2	0	0	0	0	1	0	0	0	0	0	0	0	0	0	0	0	0	0	0	0	0	0	0	0	0	0	0	0	0	0	0	0	0	0	0	0	0	0	0	0	0	0	0	0	0	0	0	0	0	0	0	0	0	0	0	0	0	0	1	0	0	0	0	0	0	0	0	0	0	0	0	0	1	0	0	0	0	0	0	0	0	0	0	0	0	0	0	0	0	0	0	0	0	0	0	0	0	0	0	0	0	0	0	0	0
14	2	0	3	3	0	2	3	1	9	1	0	0	0	3	2	2	0	1	0	0	1	0	0	0	0	0	0	0	0	0	0	2	0	0	0	0	0	0	0	0	0	0	0	0	1	0	0	0	0	0	0	0	0	0	0	0	0	0	0	0	0	0	0	2	0	0	0	0	0	0	0	0	0	0	0	0	0	0	0	0	0	0	0	0	0	0	0	0	0	0	0	0	0	0	0	0	0	0	0	0	0	0	0	0	0	0	0	0	0	0	0	0	0	0	0	0	0	0	0	0	0	0	0	0	0	0	0	0	0	0	0	0	0	0	0	0	0	0	0	0	0	0	0	0	0	0	0	0	0	0	0	0	0	0	0	0	0	0	0	0	0	0	0	0	0	0	0	0	0	0	0	0	0	0
66	14	20	13	9	2	24	21	13	23	2	1	2	0	2	4	8	0	1	0	4	2	2	1	1	3	1	1	0	0	1	0	1	0	1	4	1	1	0	0	0	2	0	0	0	1	0	0	1	0	0	0	0	0	0	0	0	0	2	0	1	0	0	1	2	1	0	0	0	0	0	1	1	0	0	0	0	0	0	1	0	0	0	0	0	0	0	1	0	0	0	0	0	0	0	0	0	0	0	0	1	0	0	0	0	0	0	0	0	0	0	0	0	0	0	0	0	1	0	0	1	0	0	0	0	0	0	0	0	0	0	0	0	0	0	0	0	0	0	1	0	0	0	0	0	0	0	0	0	0	0	0	0	0	0	0	0	0	0	0	0	0	0	0	0	0	0	0	0	0	0	0	0	0	0
39	6	10	7	8	1	12	18	3	10	2	0	1	0	0	2	5	0	0	0	0	0	2	0	0	2	0	0	0	0	1	0	4	0	0	0	0	0	0	0	1	0	1	0	0	1	0	0	0	0	0	0	0	1	0	2	0	0	1	0	1	0	0	1	1	0	0	0	0	1	0	0	0	0	0	0	0	0	0	0	0	0	0	0	0	0	0	1	0	0	0	0	0	0	0	0	0	0	0	0	0	0	0	0	0	0	0	0	0	0	0	0	0	0	0	0	0	0	0	0	0	0	0	0	0	0	0	0	0	0	0	0	0	0	0	0	0	0	0	1	0	0	0	0	0	0	1	0	0	0	0	0	0	0	0	0	0	0	0	0	0	0	0	0	0	0	0	0	0	0	0	0	0	0	0
22	7	5	5	2	3	6	21	4	5	0	0	0	0	2	2	3	0	0	0	1	1	0	0	0	0	0	0	0	0	0	0	1	0	0	0	0	0	0	0	0	0	0	0	0	1	0	0	0	0	0	0	0	0	1	0	0	0	0	0	0	0	0	0	1	0	0	0	0	1	1	1	0	0	1	1	0	0	0	0	0	0	0	0	0	0	0	1	0	0	0	0	0	0	1	0	0	0	0	0	0	0	0	0	0	0	0	0	0	0	0	0	0	0	0	0	0	0	0	0	0	0	0	0	0	0	0	0	0	0	0	0	0	0	0	0	0	0	0	0	0	0	0	0	0	0	0	0	0	0	0	0	0	0	0	0	0	0	0	0	0	0	0	0	0	0	0	0	1	0	0	0	0	0	0
22	2	4	4	8	0	9	9	1	15	1	0	0	0	1	0	3	0	0	0	3	0	2	0	0	0	1	0	0	0	0	0	0	1	0	2	1	0	0	0	0	0	0	0	0	0	0	0	0	0	0	0	0	0	1	0	0	1	0	0	1	0	0	0	1	0	0	0	0	0	0	0	0	0	0	0	0	0	0	1	0	0	0	0	0	0	0	0	0	0	0	0	0	0	0	0	0	0	0	0	0	0	0	0	0	0	0	0	0	0	0	0	0	0	0	0	0	0	0	0	0	0	0	0	0	0	0	0	0	0	0	0	0	0	0	0	0	0	0	0	0	0	0	0	0	0	0	0	0	0	0	0	0	0	0	0	0	0	0	0	0	0	0	0	0	0	0	0	0	0	0	0	0	0	0
15	5	6	6	5	2	8	10	4	6	0	2	0	0	2	0	1	0	0	0	0	0	0	0	2	0	0	0	0	0	0	0	0	0	0	1	0	1	0	0	0	0	0	0	0	0	0	0	0	0	0	0	0	0	0	0	0	0	0	0	0	0	0	0	0	0	0	0	0	0	1	0	0	0	0	0	0	0	0	0	0	0	0	0	0	0	0	0	0	0	0	0	0	0	0	0	0	0	0	0	0	0	0	0	0	1	0	0	0	0	0	0	0	0	0	0	0	0	0	0	0	0	0	0	0	0	0	0	0	0	0	0	0	0	0	0	0	0	0	0	0	0	0	0	0	0	0	0	0	0	0	0	0	0	0	0	0	0	0	0	0	0	0	0	0	0	0	0	0	0	0	0	0	0	0
1	1	1	1	0	0	0	1	0	0	0	0	0	0	0	0	0	0	0	0	1	0	0	0	0	0	0	0	0	0	0	0	0	0	0	0	0	0	0	0	0	0	0	0	0	0	0	0	1	0	0	0	0	0	0	0	1	0	0	0	0	0	0	0	0	0	0	0	0	0	0	0	0	0	0	0	0	0	0	0	0	0	0	0	0	0	0	0	0	0	0	0	0	0	0	0	0	0	0	0	0	0	0	0	0	0	0	0	0	0	0	0	0	0	0	0	0	0	0	0	0	0	0	0	0	0	0	0	0	0	0	0	0	0	0	0	0	1	0	0	0	0	0	0	0	0	0	0	0	0	0	0	0	0	0	0	0	0	0	0	0	0	0	0	0	0	0	0	0	0	0	0	0	0	0
121	30	30	28	20	4	44	70	28	47	4	3	0	0	5	13	20	2	3	0	6	6	4	1	3	2	1	2	1	0	2	0	6	0	1	3	0	0	0	2	0	0	0	0	0	1	0	0	1	0	0	0	0	0	3	3	1	0	0	2	0	1	0	1	1	0	0	0	0	0	0	0	0	0	1	2	0	0	0	3	0	1	0	1	0	0	0	2	0	0	0	1	0	1	0	0	0	0	0	0	0	0	0	0	0	0	0	2	0	0	0	0	0	0	0	0	0	0	0	0	0	0	0	0	0	0	0	0	0	0	0	0	0	0	0	0	0	1	1	0	0	0	1	0	0	0	0	1	0	0	0	0	0	0	0	0	0	0	0	0	0	0	0	0	0	1	0	0	0	0	0	0	0	0	0
30	3	5	6	8	1	8	10	5	10	1	0	0	1	0	4	4	0	0	0	1	0	0	0	0	1	0	0	0	0	0	0	0	0	0	1	0	1	0	0	0	0	0	0	0	1	0	0	0	0	0	0	0	0	1	0	0	0	0	1	1	0	0	0	1	0	0	1	0	0	0	0	0	0	0	0	0	0	0	1	0	0	0	0	0	0	0	0	0	0	0	0	0	0	1	0	0	0	0	0	0	0	0	0	0	1	0	0	0	0	0	0	0	0	0	0	0	0	0	0	0	1	0	0	0	0	0	0	0	0	0	0	0	0	0	0	0	0	0	1	0	0	0	0	0	0	0	1	0	0	0	0	0	0	0	0	0	0	0	0	0	0	0	0	0	0	0	0	0	0	0	0	0	0	0
14	3	3	0	1	0	9	7	0	2	0	0	0	0	0	2	1	0	0	0	1	0	0	0	0	0	0	0	0	0	0	0	0	0	0	0	0	0	0	0	0	0	0	0	0	1	0	0	0	0	0	0	0	0	0	0	1	0	0	0	0	0	0	0	0	0	0	0	0	0	0	0	0	0	0	0	0	0	0	1	0	0	0	0	0	0	0	0	0	0	0	0	0	0	0	0	0	0	0	0	0	0	0	0	0	0	0	0	0	0	0	0	0	0	0	0	0	0	0	0	0	0	0	0	0	0	0	0	0	0	0	0	0	0	0	0	0	0	0	0	0	0	0	0	0	0	0	0	0	0	0	0	0	0	0	0	0	0	0	0	0	0	0	0	0	0	0	0	0	0	0	0	0	0	0
10	2	3	1	0	1	2	5	4	5	0	0	0	0	0	1	1	0	0	0	0	0	1	0	0	0	0	0	0	0	0	0	0	0	0	0	0	0	0	0	0	0	0	0	0	0	0	0	1	0	0	0	0	0	0	1	0	0	0	0	0	0	0	1	0	0	0	0	0	0	0	0	0	0	0	0	0	0	0	0	0	0	0	0	0	0	0	0	0	1	0	0	0	0	0	0	0	0	0	0	0	0	0	0	0	0	0	0	0	0	0	0	0	0	0	0	0	0	0	0	0	0	0	0	0	0	0	0	0	0	1	0	0	0	0	0	0	0	0	0	0	0	0	0	0	0	0	0	0	0	0	0	0	0	0	0	0	0	0	0	0	0	0	0	0	0	0	0	0	0	0	0	0	0	0
1	0	0	0	0	0	1	1	0	0	0	0	0	0	0	0	0	0	0	0	1	0	0	0	0	0	0	0	0	0	0	0	0	0	0	0	0	0	0	0	0	0	0	0	0	0	0	0	0	0	0	0	0	0	0	0	0	0	0	0	1	0	0	0	0	0	0	0	0	0	0	0	0	0	0	0	0	0	0	0	0	0	0	0	0	0	0	0	0	0	0	0	0	0	0	0	0	0	0	0	0	0	0	0	0	0	0	0	0	0	0	0	0	0	0	0	0	0	0	0	0	0	0	0	0	0	0	0	0	0	0	0	0	0	0	0	0	0	0	0	0	0	0	0	0	0	0	0	0	0	0	0	0	0	0	0	0	0	0	0	0	0	0	0	0	0	0	0	0	0	0	0	0	0	0
7	2	3	1	1	1	4	10	3	5	0	3	0	0	1	0	0	0	0	0	0	1	0	0	0	0	0	0	0	0	1	0	1	0	0	0	0	0	0	0	0	0	0	0	0	0	0	0	1	0	0	0	0	0	0	0	0	0	0	2	0	0	0	0	1	0	0	0	0	0	0	0	0	0	0	0	0	0	0	0	0	0	0	0	0	0	0	0	0	0	0	0	0	0	0	0	0	0	0	0	0	0	0	0	0	0	0	0	0	0	0	0	0	0	0	0	0	0	0	0	0	0	0	0	0	0	0	0	0	0	0	0	0	0	0	0	0	0	0	0	0	0	0	0	0	0	0	0	0	0	0	0	0	0	0	0	0	0	0	0	0	0	0	0	0	0	0	0	0	0	0	0	0	0	0
92	25	21	29	19	2	24	50	17	39	4	3	1	0	5	8	14	0	2	1	1	2	8	0	1	1	0	2	0	0	1	0	3	0	3	3	1	1	0	0	0	0	0	0	0	2	1	0	1	0	0	0	0	1	6	1	0	0	0	0	0	0	0	0	1	0	0	0	0	1	0	0	0	0	0	0	1	0	1	1	0	0	0	0	0	0	0	1	0	0	0	1	0	0	0	0	0	0	0	0	0	0	0	0	0	4	0	0	0	1	2	0	1	0	1	0	0	0	0	0	0	0	0	0	0	0	0	0	0	0	0	0	0	0	0	0	0	0	0	1	0	0	0	0	0	0	0	0	0	0	0	0	0	0	0	0	0	0	0	0	0	0	0	0	0	0	1	0	0	0	0	0	0	0	0
32	13	7	9	7	2	13	11	3	12	2	0	0	0	0	2	2	0	0	0	0	1	1	0	2	0	0	0	0	0	0	0	3	0	0	0	0	1	0	0	0	0	0	0	0	1	0	0	0	0	0	0	0	0	1	0	1	0	0	0	0	0	0	0	0	0	0	0	0	0	0	0	1	0	0	0	0	0	0	0	0	0	0	0	0	0	0	0	0	1	0	0	0	0	0	0	0	0	0	0	0	0	0	0	0	0	1	0	0	0	0	0	0	0	0	0	0	0	0	0	0	0	0	0	0	0	0	0	0	0	0	0	0	0	0	0	0	0	0	1	0	0	0	1	0	0	0	0	0	0	0	0	0	0	0	0	0	0	0	0	0	0	0	0	0	0	0	0	0	0	0	0	0	0	0
5	0	1	1	0	1	0	1	0	1	0	0	0	0	0	0	3	0	0	0	0	0	0	0	0	0	0	0	0	0	0	0	0	0	0	0	0	0	0	0	0	0	0	0	0	0	0	0	1	0	0	0	0	0	1	0	0	0	0	0	0	0	0	0	0	0	0	0	0	0	0	0	0	0	0	0	0	0	0	0	0	0	0	0	0	0	0	0	0	0	0	0	0	0	0	0	0	0	0	0	0	0	0	0	0	0	0	0	0	0	0	0	0	0	0	0	0	0	0	0	0	0	0	0	0	0	0	0	0	0	0	0	0	0	0	0	0	0	0	0	0	0	0	0	0	0	0	0	0	0	0	0	0	0	0	0	0	0	0	0	0	0	0	0	0	0	0	0	0	0	0	0	0	0	0
2	1	0	0	0	0	0	2	1	1	0	0	0	0	0	0	0	0	0	0	1	0	0	0	0	0	0	0	0	0	0	0	0	0	0	0	0	0	0	0	0	0	0	0	0	0	0	0	0	0	0	0	0	0	0	0	0	0	0	0	0	0	0	0	0	0	0	0	0	0	0	0	0	0	0	0	0	0	0	0	0	0	0	0	0	0	0	0	0	0	0	0	0	0	0	0	0	0	0	0	0	0	0	0	0	0	0	0	0	0	0	0	0	0	0	0	0	0	0	0	0	0	0	0	0	0	0	0	0	0	0	0	0	0	0	0	0	0	0	0	0	0	0	0	0	0	0	0	0	0	0	0	0	0	0	0	0	0	0	0	0	0	0	0	0	0	0	0	0	0	0	0	0	0	0
13	2	2	3	2	1	6	12	2	5	1	0	0	0	2	1	1	0	1	0	0	1	0	0	0	0	1	0	0	0	1	0	0	0	0	0	0	0	0	0	0	0	0	0	0	0	0	0	0	0	0	0	0	0	1	0	0	0	0	0	1	1	0	0	0	0	0	0	0	0	0	0	0	0	0	0	0	0	0	0	0	0	0	0	0	0	0	0	0	0	0	0	1	0	0	0	0	0	0	0	0	0	1	0	0	0	0	0	0	0	0	0	0	0	0	0	0	0	0	0	0	0	0	0	0	0	0	0	0	0	0	0	0	0	0	0	0	0	0	0	0	0	1	0	0	0	0	0	0	0	0	1	0	0	0	0	0	0	0	0	0	0	0	0	0	0	0	0	0	0	0	0	0	0	0
23	5	10	5	7	1	8	18	5	6	1	0	0	0	2	3	3	0	0	0	0	0	1	0	0	0	0	2	0	0	0	0	2	0	0	1	0	0	1	0	0	0	0	0	0	0	0	0	0	0	0	0	0	0	0	0	0	0	0	0	0	1	0	0	1	0	0	0	0	0	0	0	0	0	0	0	0	0	0	0	0	0	0	0	0	0	0	1	0	0	0	0	0	0	0	0	0	0	0	0	0	0	0	0	0	1	0	0	0	0	1	0	0	0	0	0	0	0	0	0	0	0	0	0	0	0	0	0	0	0	0	0	0	0	0	0	0	0	0	0	0	0	0	0	0	0	0	0	0	0	0	0	0	0	0	0	0	0	0	0	0	0	0	1	0	0	0	0	0	0	0	0	0	0	0
17	4	2	3	2	0	7	9	0	4	0	0	0	0	0	0	0	0	0	0	1	0	1	0	1	0	0	0	0	0	0	0	0	0	0	0	2	0	0	0	0	0	0	0	0	0	0	0	0	0	0	0	0	0	0	0	0	0	0	0	0	0	0	0	1	0	0	0	0	0	0	0	0	0	0	2	0	0	0	0	1	0	0	0	0	0	0	0	0	0	0	0	0	0	0	0	0	0	0	0	0	0	0	0	0	0	0	0	0	0	0	0	0	0	0	0	0	0	0	0	0	0	0	0	0	0	0	0	0	0	0	0	0	0	0	0	0	0	0	0	0	0	0	0	0	0	0	0	0	0	0	0	0	0	0	0	0	0	0	0	0	0	0	0	0	0	0	0	0	0	0	0	0	0	0
17	0	5	1	3	1	3	5	3	1	2	0	0	0	1	1	1	0	0	0	0	0	0	0	0	0	0	0	0	0	0	0	1	0	0	0	1	0	0	0	0	0	0	0	0	1	0	0	0	0	0	0	0	0	0	0	0	0	0	0	0	0	0	0	0	0	0	0	0	0	0	0	0	0	0	0	0	0	0	0	0	0	0	0	0	0	0	1	0	0	0	0	1	0	0	0	0	0	0	0	0	0	0	0	0	0	0	0	0	0	0	0	0	0	0	0	0	0	0	0	0	0	0	0	0	0	0	0	0	0	0	0	0	0	0	0	0	0	0	0	0	0	0	0	0	0	0	0	0	0	0	0	0	0	0	0	0	0	0	0	0	0	0	0	0	0	0	0	0	0	0	0	0	0	0
33	4	11	4	2	0	11	10	4	8	3	0	0	0	1	3	6	0	0	0	0	0	0	0	0	0	1	0	0	0	0	0	0	1	1	0	0	0	0	0	0	0	1	0	0	0	0	0	1	0	0	0	0	0	0	2	0	0	0	0	1	0	0	0	1	0	0	0	0	0	0	0	0	0	0	0	0	0	0	0	0	0	0	0	0	0	0	0	0	0	0	0	0	0	0	0	0	0	0	0	0	1	0	0	0	0	0	0	0	0	0	0	0	0	0	0	0	0	0	0	0	0	0	0	0	0	0	0	0	0	0	0	1	0	0	0	0	0	0	1	0	0	1	0	0	0	0	0	0	0	0	0	0	0	0	0	0	0	0	0	0	0	0	0	0	0	0	0	0	0	0	0	0	0	0
31	12	5	8	4	2	8	10	3	13	0	1	0	0	0	1	3	0	0	0	1	0	1	0	1	0	0	0	0	0	0	0	0	0	0	0	0	0	0	0	0	0	1	0	0	0	0	0	0	0	0	0	0	0	0	0	1	0	0	0	2	0	0	0	0	0	0	0	0	0	0	0	0	0	1	0	0	2	0	0	0	0	0	0	0	0	0	0	0	0	0	0	0	0	0	0	0	0	0	0	0	0	0	0	0	0	0	0	0	0	0	0	0	0	0	0	0	0	0	0	0	0	0	0	0	0	0	0	0	0	0	0	0	0	0	0	0	1	1	0	0	0	0	0	0	0	0	0	0	0	0	0	0	0	0	0	0	0	0	0	0	0	0	0	0	0	1	0	0	0	0	0	0	0	0
4	0	2	1	0	0	0	4	1	2	0	0	0	0	1	0	2	0	0	0	0	0	0	0	0	0	0	0	0	0	0	0	1	0	0	0	0	0	0	0	0	0	0	0	0	0	0	0	0	0	0	0	0	0	0	1	0	0	0	0	0	0	0	1	0	0	0	0	0	0	0	0	0	0	0	0	0	0	0	0	0	0	0	0	0	0	0	0	0	0	0	0	0	0	0	0	0	0	0	0	0	0	0	0	0	0	0	0	0	0	0	0	0	0	0	0	0	0	0	0	0	0	0	0	0	0	0	0	0	0	0	0	0	0	0	0	0	0	0	0	0	0	0	0	0	0	0	0	0	0	0	0	0	0	0	0	0	0	0	0	0	0	0	0	0	0	0	0	0	0	0	0	0	0	0
3	2	0	3	2	0	1	4	0	3	0	0	0	0	0	0	1	0	0	0	0	0	0	0	0	0	0	0	0	0	0	0	0	0	0	1	0	0	0	0	0	0	0	0	0	0	0	0	0	0	0	0	0	0	0	0	0	0	0	0	0	0	0	0	0	0	0	0	0	0	0	0	0	0	0	0	0	0	0	0	0	0	0	0	0	0	0	0	0	0	0	0	0	0	0	0	0	0	0	0	0	0	0	0	0	0	0	0	0	0	0	0	0	0	0	0	0	0	0	0	0	0	0	0	0	0	0	0	0	0	0	0	0	0	0	0	0	0	1	1	0	0	0	0	0	0	0	0	0	0	0	0	0	0	0	0	0	0	0	0	0	0	0	0	0	0	0	0	0	0	0	0	0	0	0
30	4	8	5	2	0	11	13	9	9	1	2	0	0	1	2	2	1	0	0	0	0	1	0	1	0	1	1	1	0	1	0	3	0	0	1	0	0	0	0	0	0	0	0	0	0	0	0	0	0	0	0	0	0	0	1	0	0	0	0	1	0	0	0	0	1	0	1	0	0	0	0	0	0	0	0	0	0	0	1	0	0	0	0	0	0	0	0	0	0	0	0	0	0	0	0	0	0	0	0	0	0	0	0	0	0	0	0	0	1	0	0	0	0	0	0	0	0	0	0	0	0	0	0	0	0	0	0	0	0	0	0	0	0	0	0	0	0	0	0	0	0	0	0	0	0	0	0	0	0	0	0	0	0	0	1	1	0	0	0	0	0	0	0	0	0	0	0	0	0	0	0	0	0	0
22	7	12	4	3	0	4	11	0	8	1	0	1	0	1	4	4	0	0	0	3	1	0	0	0	0	0	0	0	0	0	0	2	0	0	1	0	1	0	0	0	0	0	0	0	0	0	0	0	0	0	0	0	0	0	1	2	0	1	0	0	0	0	0	0	0	0	0	0	0	0	0	0	0	0	0	0	0	0	0	0	0	0	0	0	0	0	0	0	0	0	0	0	0	0	0	0	0	0	1	0	0	0	0	0	0	0	0	0	0	0	0	0	0	0	0	0	0	0	0	0	0	0	0	0	0	0	0	0	0	0	0	0	0	0	0	0	0	0	1	0	0	0	0	0	0	0	0	0	0	0	0	0	0	0	0	0	0	0	0	0	0	0	0	0	0	0	0	0	0	0	0	0	0	0
40	6	12	6	3	1	10	15	6	9	1	2	1	0	1	3	6	1	0	0	1	0	1	0	1	0	0	0	0	0	2	0	1	0	0	0	1	0	0	0	0	0	0	0	0	0	0	0	0	0	0	0	0	0	0	0	0	0	0	0	0	0	0	0	0	0	1	0	0	0	0	0	0	0	0	0	0	0	0	1	0	0	0	0	0	0	0	0	0	0	0	0	0	1	0	0	0	1	0	0	0	0	0	0	0	1	0	0	0	0	1	0	0	0	0	0	0	0	0	0	0	0	0	0	0	0	0	0	0	0	0	0	0	0	0	0	0	0	2	0	0	0	0	0	0	0	0	0	0	0	0	0	0	0	0	0	0	0	0	0	0	0	0	0	0	0	0	0	0	0	0	0	0	0	0
35	5	5	7	5	1	10	11	3	12	1	0	0	0	1	0	5	0	1	0	0	0	0	0	1	0	1	0	0	0	0	0	3	0	0	0	0	0	0	0	0	0	0	0	0	1	0	0	1	0	0	0	0	0	2	1	1	0	0	0	0	0	1	0	1	0	0	0	0	0	0	0	0	0	0	2	0	0	0	0	0	1	0	0	0	0	0	0	0	0	0	0	0	0	0	0	0	0	0	0	0	0	0	0	0	0	0	0	0	0	0	0	0	0	0	0	0	0	0	0	0	0	0	0	0	0	0	0	0	0	0	0	0	0	0	0	1	0	0	1	0	0	0	0	0	0	0	0	0	0	0	0	0	0	0	0	0	0	0	0	0	0	0	0	0	0	0	0	0	0	0	0	0	0	0
46	15	19	15	9	1	20	24	8	17	1	0	0	0	3	3	8	0	0	0	1	2	1	0	2	1	0	0	0	0	0	0	3	0	4	0	0	0	0	1	0	0	0	0	0	2	0	0	1	0	0	0	0	0	0	1	0	0	0	0	2	0	0	1	2	0	0	0	0	0	0	0	0	0	0	0	0	0	0	0	0	0	0	1	0	0	0	0	0	0	0	0	0	0	0	0	0	0	0	0	0	0	0	0	0	1	0	0	1	0	0	0	0	0	0	0	0	0	0	0	0	0	0	0	0	0	0	0	0	0	0	0	0	0	0	0	0	0	0	0	0	0	0	0	0	0	0	0	0	0	0	0	0	0	0	0	0	0	0	0	0	0	0	0	0	0	0	0	0	0	0	0	0	0	0
10	1	9	1	6	0	4	8	3	6	0	1	1	0	2	3	2	0	0	0	0	1	1	0	0	0	0	0	0	0	0	0	0	0	0	1	0	2	0	0	0	0	0	0	0	0	0	0	1	0	0	0	0	0	0	0	0	0	0	0	0	0	0	0	1	0	0	0	0	1	0	0	0	0	0	0	0	0	0	0	0	0	0	0	0	0	0	0	0	1	0	0	0	0	1	0	0	0	0	0	0	0	0	0	0	0	0	0	0	0	0	0	0	0	0	0	0	0	0	0	0	0	0	0	0	0	0	0	0	0	0	0	0	0	0	0	0	0	0	0	0	0	0	0	0	0	0	0	0	0	0	0	0	0	0	1	0	0	0	0	0	0	0	0	0	0	0	0	0	0	0	0	0	0	0
14	5	5	3	0	0	3	4	1	2	2	0	0	0	0	0	3	0	1	0	1	1	0	0	0	0	0	0	0	0	0	0	0	0	0	0	0	0	0	0	0	0	0	0	0	1	0	0	0	0	0	0	0	0	0	0	0	0	0	0	0	0	0	0	0	0	0	0	0	1	0	0	0	0	0	0	0	0	0	0	0	0	0	0	0	0	0	0	0	0	0	0	0	0	0	0	0	0	0	0	0	0	0	0	0	0	0	0	0	0	0	0	0	0	0	0	0	0	0	0	0	0	0	0	0	0	0	0	0	0	0	0	0	0	0	0	0	0	0	0	0	0	0	0	0	0	0	0	0	0	0	0	0	0	0	0	0	0	0	0	0	0	0	0	0	0	0	0	0	0	0	0	0	0	0
8	2	2	3	1	0	3	4	2	2	0	0	0	1	1	0	1	0	0	0	0	1	0	0	0	0	1	0	0	0	0	0	0	0	0	0	0	1	0	0	0	0	0	0	0	0	0	0	0	0	0	0	0	0	0	0	0	0	0	0	0	0	0	0	1	0	0	0	0	0	0	0	0	0	0	0	0	0	0	0	0	0	0	0	0	0	0	0	0	0	0	0	0	0	0	0	0	0	0	0	0	0	0	0	0	0	0	0	0	0	0	0	0	0	0	0	0	0	0	0	0	0	0	0	0	0	0	0	0	0	0	0	0	0	0	0	0	0	0	0	0	0	0	0	0	0	0	0	0	0	0	0	0	0	0	0	0	0	0	0	0	0	0	0	0	0	0	0	0	0	0	0	0	0	0
0	0	0	0	0	0	0	1	0	0	0	0	0	0	0	0	0	0	0	0	0	0	0	0	0	0	0	0	0	0	0	0	0	0	0	0	0	0	0	0	0	0	0	0	0	0	0	0	0	0	0	0	0	0	0	0	0	0	0	0	0	0	0	0	0	0	0	0	0	0	0	0	0	0	0	0	0	0	0	0	0	0	0	0	0	0	0	0	0	0	0	0	0	0	0	0	0	0	0	0	0	0	0	0	0	0	0	0	0	0	0	0	0	0	0	0	0	0	0	0	0	0	0	0	0	0	0	0	0	0	0	0	0	0	0	0	0	0	0	0	0	0	0	0	0	0	0	0	0	0	0	0	0	0	0	0	0	0	0	0	0	0	0	0	0	0	0	0	0	0	0	0	0	0	0
1	0	0	0	0	0	0	0	0	1	0	1	0	0	0	0	0	0	0	0	0	0	0	0	0	0	0	0	0	0	0	0	0	0	0	0	0	0	0	0	0	0	0	0	0	0	0	0	0	0	0	0	0	0	0	0	0	0	0	0	0	0	0	0	0	0	0	0	0	0	0	0	0	0	0	0	0	0	0	0	0	0	0	0	0	0	0	0	0	0	0	0	0	0	0	0	0	0	0	0	0	0	0	0	0	1	0	0	0	0	0	0	0	0	0	0	0	0	0	0	0	0	0	0	0	0	0	0	0	0	0	0	0	0	0	0	0	0	0	0	0	0	0	0	0	0	0	0	0	0	0	0	0	0	0	0	0	0	0	0	0	0	0	0	0	0	0	0	0	0	0	0	0	0	0
19	4	6	8	6	1	9	10	6	6	0	1	1	0	0	1	2	0	0	0	2	0	0	0	0	0	0	0	0	0	0	0	2	0	0	0	0	2	0	0	0	0	1	0	0	0	0	0	0	0	0	0	0	0	0	0	1	0	0	0	1	0	0	0	0	0	0	0	1	0	0	0	0	0	0	1	0	0	0	1	0	0	0	0	0	0	0	0	0	0	0	0	0	0	0	0	0	0	0	0	0	0	0	0	0	1	0	0	0	0	0	0	0	0	0	0	0	0	0	0	0	0	0	0	0	0	0	0	0	0	0	0	0	0	0	0	0	0	0	0	0	0	0	0	0	0	0	0	0	0	0	0	0	0	0	0	0	0	0	0	0	0	0	0	0	0	0	0	0	0	0	0	0	0	0
33	12	12	5	12	0	10	24	7	12	0	0	0	0	3	3	10	0	0	0	2	0	3	0	2	0	1	2	0	0	1	0	1	0	0	1	0	0	1	0	0	0	0	0	0	0	0	0	0	0	0	0	0	0	0	1	1	0	0	1	1	0	0	0	0	0	0	1	0	0	1	0	0	0	0	2	0	0	0	0	0	0	0	0	0	0	0	0	0	1	0	0	0	0	0	0	0	0	0	0	0	0	0	0	0	0	0	0	0	1	0	0	0	0	0	0	0	0	0	0	0	0	0	0	0	0	0	0	0	0	0	0	0	0	0	0	0	0	0	0	0	0	0	0	0	0	0	0	1	0	0	0	1	0	1	0	0	0	0	0	0	0	0	0	0	0	0	0	0	0	1	0	0	0	0
0	0	0	0	0	0	0	1	0	0	1	0	0	0	0	0	0	0	0	0	0	0	0	0	0	0	0	0	0	0	0	0	0	0	0	0	0	0	0	0	0	0	0	0	0	0	0	0	0	0	0	0	0	0	0	0	0	0	0	0	0	0	0	0	0	0	0	0	0	0	0	0	0	0	0	0	0	0	0	0	0	0	0	0	0	0	0	0	0	0	0	0	0	0	0	0	0	0	0	0	0	0	0	0	0	0	0	0	0	0	0	0	0	0	0	0	0	0	0	0	0	0	0	0	0	0	0	0	0	0	0	0	0	0	0	0	0	0	0	0	0	0	0	0	0	0	0	0	0	0	0	0	0	0	0	0	0	0	0	0	0	0	0	0	0	0	0	0	0	0	0	0	0	0	0
2	2	3	0	1	0	0	3	2	5	0	0	0	0	0	1	0	0	0	0	0	1	0	0	0	0	0	0	0	0	0	0	0	0	0	0	0	1	0	0	0	0	0	0	0	0	0	0	0	0	0	0	0	0	0	0	0	0	0	0	0	0	0	0	0	0	0	0	0	0	0	0	0	0	0	0	0	0	0	0	0	0	0	0	0	0	0	0	0	0	0	0	0	0	0	0	0	0	0	0	0	0	0	0	0	0	0	0	0	0	0	0	0	0	0	0	0	0	0	0	0	0	0	0	0	0	0	0	0	0	0	0	0	0	0	0	0	0	0	0	0	0	0	0	0	0	0	0	0	0	0	0	0	0	0	0	0	0	0	0	0	0	0	0	0	0	0	0	0	0	0	0	0	0	0
17	3	0	2	1	0	0	11	2	5	0	1	0	0	0	1	2	0	0	0	0	0	0	0	0	0	0	0	0	0	0	0	0	0	0	0	1	0	0	0	0	0	0	0	0	0	0	0	0	0	0	0	0	0	0	0	0	0	0	1	0	0	0	0	0	0	0	0	0	0	0	0	0	0	0	0	0	0	0	0	0	0	0	0	0	0	0	0	0	0	0	0	0	0	0	0	0	0	0	0	0	0	0	0	0	0	0	0	0	0	0	0	0	0	0	0	0	0	0	0	0	0	0	0	0	0	0	0	0	0	0	0	0	0	0	0	0	0	0	0	0	0	0	0	0	0	0	0	0	0	0	0	0	0	0	0	0	0	0	0	0	0	0	0	0	0	0	0	0	0	0	0	0	0	0
1	0	0	1	0	0	2	2	0	1	0	0	0	0	0	1	0	0	0	0	0	0	0	0	0	0	0	0	0	0	0	0	0	0	0	0	0	0	0	0	0	0	0	0	0	0	0	0	0	0	0	0	0	0	0	0	0	0	0	0	0	0	0	0	0	0	0	0	0	0	0	0	0	0	0	0	0	0	0	1	0	0	0	0	1	0	0	0	0	0	0	0	0	0	0	0	0	0	0	0	0	0	0	0	0	0	0	0	0	0	0	0	0	0	0	0	0	0	0	0	0	0	0	0	0	0	0	0	0	0	0	0	0	0	0	0	0	0	0	0	0	0	0	0	0	0	0	0	0	0	0	0	0	0	0	0	0	0	0	0	0	0	0	0	0	0	0	0	0	0	0	0	0	0	0
6	1	1	0	0	1	2	5	0	2	0	0	0	0	0	1	2	1	0	0	0	0	1	0	0	0	0	0	0	0	0	0	0	0	0	0	0	0	0	0	0	0	0	0	0	0	0	0	0	0	0	0	0	0	1	0	0	0	0	0	0	0	0	0	0	0	0	0	0	0	0	0	1	0	0	0	0	0	0	0	0	0	0	0	0	0	0	0	0	0	0	0	0	0	0	0	0	0	0	0	0	0	0	0	0	0	0	0	0	0	0	0	0	0	0	0	0	0	0	0	0	0	0	0	0	0	0	0	0	0	0	0	0	0	0	0	1	0	0	0	0	0	0	0	0	0	0	0	0	0	0	0	0	0	0	0	0	0	0	0	0	0	0	0	0	0	0	0	0	0	0	0	0	0	0
20	6	4	1	1	1	6	8	1	6	0	0	0	0	0	1	3	0	0	0	1	1	1	0	0	0	0	0	0	0	0	0	2	0	0	0	0	0	0	0	0	0	0	0	0	0	0	0	0	0	0	0	0	0	0	0	0	0	0	0	0	0	0	0	0	0	0	0	0	0	0	0	0	0	0	0	0	0	0	0	0	0	0	1	0	0	0	0	0	0	0	0	0	0	0	0	0	0	0	0	0	0	0	0	0	0	0	0	0	0	2	0	0	0	0	0	0	0	0	0	0	0	0	0	0	0	0	0	0	0	0	1	0	0	0	0	0	0	0	0	0	0	0	0	0	0	0	0	0	0	0	0	0	0	0	0	0	0	0	0	0	0	0	0	0	0	0	0	0	0	0	0	0	0	0
91	21	26	17	19	2	18	58	16	29	3	0	0	0	2	3	17	0	0	0	6	2	3	0	1	0	2	2	0	0	3	0	4	0	1	1	1	1	0	0	0	0	0	1	1	1	0	1	0	0	0	0	0	0	1	1	1	0	2	1	1	2	0	1	3	0	1	0	0	1	0	0	1	0	2	1	0	0	0	2	0	0	0	0	0	0	0	1	0	1	0	0	0	0	0	0	0	0	0	0	0	0	0	0	0	0	0	0	0	0	0	0	1	0	0	0	0	0	0	0	0	0	0	0	0	0	0	0	0	0	0	0	0	0	0	0	0	0	0	1	0	0	1	0	0	0	0	0	0	0	0	0	0	0	0	0	0	0	0	1	0	0	0	0	0	0	0	0	0	0	0	0	0	0	0
7	6	3	6	1	0	6	8	4	7	0	0	0	0	1	1	1	0	1	0	1	0	0	0	1	0	0	1	0	0	1	0	0	0	0	0	0	1	0	0	0	0	0	0	0	0	0	0	0	0	0	0	0	0	0	0	0	0	0	1	0	0	0	0	0	0	0	0	0	0	0	0	0	0	0	0	0	1	0	0	0	0	0	0	0	0	0	0	0	0	0	0	0	0	0	0	0	0	0	0	0	0	0	0	0	0	0	0	0	0	0	0	0	0	0	0	0	0	0	0	0	0	0	0	0	0	0	0	0	0	0	0	0	0	0	0	0	0	0	0	0	0	0	0	0	0	0	0	0	0	0	0	0	0	0	0	0	0	0	0	0	0	0	0	0	0	0	0	0	0	0	0	0	0	0
5	3	1	2	0	0	1	2	1	3	0	0	1	0	0	0	0	0	0	0	0	0	0	0	0	0	0	0	0	0	0	0	0	0	0	0	0	0	0	0	0	0	0	0	0	0	0	0	0	0	0	0	0	0	0	1	0	0	0	0	1	0	0	0	0	0	0	0	0	0	0	0	0	0	0	0	0	0	0	0	0	0	0	0	0	0	0	0	0	0	0	0	0	0	0	0	0	0	0	0	0	0	0	0	0	0	0	0	0	0	0	0	0	0	0	0	0	0	0	0	0	0	0	0	0	0	0	0	0	0	0	0	0	0	0	0	0	0	0	0	1	0	0	0	0	0	0	0	0	0	0	0	0	0	0	0	0	0	0	0	0	0	0	0	0	0	0	0	0	0	0	0	0	0	0
13	2	4	1	5	0	2	5	2	6	0	0	0	0	2	0	2	0	0	0	1	1	2	0	0	0	0	1	0	0	0	0	0	0	0	0	0	2	0	0	0	0	1	0	0	0	0	0	0	0	0	0	0	0	2	0	0	0	0	0	0	0	0	1	0	0	0	0	0	0	0	0	0	0	0	0	0	0	0	1	0	0	0	0	0	0	0	1	0	0	0	0	0	0	0	0	0	0	0	0	0	0	0	0	0	1	0	0	0	0	0	0	0	0	0	0	0	0	0	0	0	0	0	0	0	0	0	0	0	0	0	0	0	0	0	0	0	0	0	0	0	0	0	0	0	0	0	0	0	0	0	0	0	0	0	0	0	0	0	0	0	0	0	0	0	0	0	0	0	0	0	0	0	0	0
6	0	3	0	1	0	2	7	1	2	0	0	0	0	1	0	3	0	0	0	1	0	0	0	0	0	0	0	0	0	0	0	0	0	0	0	0	0	0	0	0	0	0	0	0	0	0	0	0	0	0	0	0	0	0	0	0	0	0	0	0	0	0	0	0	0	0	0	0	0	0	0	0	0	0	0	0	0	0	0	0	0	0	0	0	0	0	0	0	0	0	0	0	0	0	0	0	0	0	0	0	0	0	0	0	0	0	0	0	0	0	0	0	0	0	0	0	0	0	0	0	0	0	0	0	0	0	0	0	0	0	0	0	0	0	0	0	0	0	0	0	0	1	0	0	0	0	0	0	0	0	0	0	0	0	0	0	0	0	0	0	0	0	0	0	0	0	0	0	0	0	0	0	0	0
48	11	19	13	10	1	11	41	9	22	1	3	1	1	1	6	9	0	2	0	1	2	1	0	1	1	0	0	0	0	1	0	2	0	2	2	1	0	0	0	1	0	1	0	0	1	0	0	3	0	0	0	0	0	0	1	0	1	0	0	3	0	0	0	2	0	0	0	0	0	0	0	1	0	0	1	1	0	0	1	0	0	0	0	0	0	0	0	0	0	0	0	0	0	0	0	0	0	0	0	0	0	0	0	0	0	0	0	0	0	0	0	0	0	0	0	0	0	0	0	0	0	0	0	0	0	0	0	0	0	0	0	0	0	0	0	0	0	0	0	0	0	1	0	0	0	0	0	0	0	0	0	0	0	0	0	0	0	0	0	2	0	0	0	0	0	0	0	0	0	0	0	0	0	0
14	3	3	3	0	0	2	8	0	4	0	0	0	0	0	1	1	0	0	0	0	0	1	0	0	1	0	0	0	0	0	0	1	0	0	0	0	0	0	0	0	0	0	0	0	0	0	0	0	0	0	0	0	0	0	0	0	0	0	0	0	0	0	0	0	0	0	0	0	0	0	0	0	0	0	0	0	0	0	0	0	0	0	0	0	0	0	1	0	0	0	0	0	0	0	0	0	0	0	0	0	0	0	0	0	0	0	0	0	0	0	0	0	0	0	0	0	0	0	1	0	0	0	0	0	0	0	0	0	0	0	0	0	0	0	0	0	0	0	0	0	0	0	0	0	0	0	0	0	0	0	0	0	0	0	0	0	0	0	0	0	0	0	0	0	0	0	0	0	0	0	0	0	0	0
0	0	0	1	0	0	0	0	0	0	0	0	0	0	0	0	0	0	0	0	0	0	0	0	0	0	0	0	0	0	0	0	0	0	0	0	0	0	0	0	0	0	0	0	0	0	0	0	0	0	0	0	0	0	0	0	0	0	0	0	0	0	0	0	0	0	0	0	0	0	0	0	0	0	0	0	0	0	0	0	0	0	0	0	0	0	0	0	0	0	0	0	0	0	0	0	0	0	0	0	0	0	0	0	0	0	0	0	0	0	0	0	0	0	0	0	0	0	0	0	0	0	0	0	0	0	0	0	0	0	0	0	0	0	0	0	0	0	0	0	0	0	0	0	0	0	0	0	0	0	0	0	0	0	0	0	0	0	0	0	0	0	0	0	0	0	0	0	0	0	0	0	0	0	0
3	2	1	1	3	0	2	6	0	6	0	1	0	0	0	0	0	0	0	0	0	0	1	0	0	1	0	0	0	0	0	0	1	0	0	0	0	0	0	0	0	0	1	0	0	0	0	0	0	0	0	0	0	0	0	0	0	0	0	0	0	0	0	0	0	0	0	0	0	0	0	0	0	0	0	0	0	0	0	0	0	0	0	0	0	0	0	0	0	0	0	0	0	0	0	0	0	0	0	0	0	0	0	0	0	0	0	0	0	0	0	0	0	0	0	0	0	0	0	0	0	0	0	0	0	0	0	0	0	0	0	0	0	0	0	0	0	0	0	0	0	0	0	0	0	0	0	0	0	0	0	0	0	0	0	0	0	0	0	0	0	0	0	0	0	0	0	0	0	0	0	0	0	0	0
1	0	0	0	0	0	1	2	1	2	0	0	0	0	1	0	0	0	0	0	0	0	0	0	0	0	0	0	0	0	0	0	0	0	0	0	0	0	0	0	0	0	0	0	0	0	0	0	0	0	0	0	0	0	0	0	0	0	0	0	0	0	0	0	0	0	0	0	0	0	0	0	0	0	0	0	0	0	0	0	0	0	0	0	0	0	0	0	0	0	0	0	0	0	0	0	0	0	0	0	0	0	0	0	0	0	0	0	0	0	0	0	0	0	0	0	0	0	0	0	0	0	0	0	0	0	0	0	0	0	0	0	0	0	0	0	0	0	0	0	0	0	0	0	0	0	0	0	0	0	0	0	0	0	0	0	0	0	0	0	0	0	0	0	0	0	0	0	0	0	0	0	0	0	0
17	1	6	5	3	2	8	4	2	4	1	0	0	1	1	0	4	0	0	0	0	1	0	0	0	0	0	0	0	0	1	0	0	0	0	1	0	0	0	0	0	0	0	0	0	1	0	0	1	0	0	0	0	0	1	0	0	0	0	0	0	0	0	0	0	0	0	0	0	0	0	0	0	0	1	0	0	0	0	0	0	0	0	0	0	0	0	0	0	0	0	0	0	0	0	0	0	0	0	0	0	0	0	0	0	1	0	0	0	0	0	0	0	0	0	0	0	0	0	0	0	0	0	0	0	0	0	0	0	0	0	0	0	0	0	0	0	0	0	0	0	0	0	0	0	0	0	0	0	0	0	0	0	0	0	0	0	0	0	0	0	0	0	0	0	0	0	0	0	0	0	0	0	0	0
39	6	4	4	6	3	7	17	7	15	2	0	2	0	0	0	6	0	0	0	2	1	1	0	0	0	1	0	0	0	0	0	3	0	1	0	0	0	0	0	0	0	1	0	0	1	0	0	0	0	0	0	0	0	1	0	0	0	1	0	0	0	0	0	2	0	0	0	0	0	0	0	0	0	0	0	0	0	0	0	0	0	0	0	0	0	0	1	0	1	0	0	0	0	0	0	0	0	0	0	0	0	0	1	0	0	0	0	0	0	0	0	0	0	0	0	0	0	0	0	0	0	0	0	0	0	0	0	0	0	0	0	0	0	0	0	0	0	1	0	0	0	0	0	0	0	0	0	0	0	0	0	0	0	0	1	0	0	0	0	0	0	0	0	0	0	0	0	0	0	0	0	0	0	0
1	0	0	0	1	0	0	1	0	0	0	0	0	0	0	0	0	0	0	0	0	0	0	0	0	0	0	0	0	0	0	0	0	0	0	0	0	0	0	0	0	0	0	0	0	0	0	0	0	0	0	0	0	0	0	0	0	0	0	0	0	0	0	0	0	0	0	0	0	0	0	0	0	0	0	0	0	0	0	0	0	0	0	0	0	0	0	0	0	0	0	0	0	0	0	0	0	0	0	0	0	0	0	0	0	0	0	0	0	0	0	0	0	0	0	0	0	0	0	0	0	0	0	0	0	0	0	0	0	0	0	0	0	0	0	0	0	0	0	0	0	0	0	0	0	0	0	0	0	0	0	0	0	0	0	0	0	0	0	0	0	0	0	0	0	0	0	0	0	0	0	0	0	0	0
1	1	1	1	1	0	0	0	0	1	0	0	0	0	0	0	0	0	0	0	0	0	0	0	0	0	0	0	0	0	0	0	0	0	0	0	0	0	0	0	0	0	0	0	0	0	0	0	0	0	0	0	0	0	0	0	0	0	0	0	0	0	0	0	0	0	0	0	0	0	0	0	0	0	0	0	0	0	0	0	0	0	0	0	0	0	0	0	0	0	0	0	0	0	0	0	0	0	0	0	0	0	0	0	0	0	0	0	0	0	0	0	0	0	0	0	0	0	0	0	0	0	0	0	0	0	0	0	0	0	0	0	0	0	0	0	0	0	0	0	0	0	0	0	0	0	0	0	0	0	0	0	0	0	0	0	0	0	0	0	0	0	0	0	0	0	0	0	0	0	0	0	0	0	0
2	0	0	0	0	0	0	0	1	0	0	0	0	0	1	0	0	0	0	0	0	0	0	0	0	0	0	0	0	0	0	0	0	0	0	0	0	0	0	0	0	0	0	0	0	0	0	0	0	0	0	0	0	0	0	0	0	0	0	0	0	0	0	0	0	0	0	0	0	0	0	0	0	0	0	0	0	0	0	0	0	0	0	0	0	0	0	0	0	0	0	0	0	0	0	0	0	0	0	0	0	0	0	0	0	0	0	0	0	0	0	0	0	0	0	0	0	0	0	0	0	0	0	0	0	0	0	0	0	0	0	0	0	0	0	0	0	0	0	0	0	0	0	0	0	0	0	0	0	0	0	0	0	0	0	0	0	0	0	0	0	0	0	0	0	0	0	0	0	0	0	0	0	0	0
23	3	9	2	4	1	4	6	5	10	0	3	0	0	0	2	0	0	0	0	1	1	2	0	0	0	0	0	0	0	0	0	1	0	0	1	0	0	0	0	0	0	0	0	0	0	0	0	0	0	0	0	0	0	0	0	0	0	0	0	0	0	0	0	1	0	1	0	0	0	0	0	0	0	0	0	0	0	0	1	0	0	0	0	0	1	1	0	0	0	0	0	0	0	0	0	0	0	0	0	0	0	0	0	0	0	0	0	0	0	0	0	0	0	0	0	0	0	0	0	0	0	0	0	0	0	0	0	0	0	0	0	0	0	0	0	0	0	0	0	0	0	0	0	0	0	0	0	0	0	0	0	0	0	0	0	0	0	0	0	0	0	0	0	0	0	0	0	0	0	0	0	0	0	0
7	3	1	1	0	0	2	3	1	5	0	0	0	0	1	0	1	0	0	0	0	0	0	0	0	0	0	0	0	0	0	0	0	0	0	0	0	1	0	0	0	0	1	0	0	0	0	0	0	0	0	0	0	0	0	0	1	0	0	0	0	0	0	0	1	0	0	0	0	0	0	0	0	0	0	0	0	0	0	0	0	0	0	0	0	0	0	0	0	0	0	0	0	0	0	0	0	0	0	0	0	0	0	0	0	0	0	0	0	0	0	0	0	0	0	0	0	0	0	0	0	0	0	0	0	0	0	0	0	0	0	0	0	0	0	0	0	0	0	0	0	0	0	0	0	0	0	0	0	0	0	0	0	0	0	0	0	0	0	0	0	0	0	0	0	0	0	0	0	0	0	0	0	0	0
0	0	0	2	0	1	0	1	0	0	0	0	0	0	0	0	0	0	0	0	0	0	1	0	0	0	0	0	0	0	0	0	0	0	0	0	0	0	0	0	0	0	0	0	0	0	0	0	0	0	0	0	0	0	0	0	0	0	0	0	0	0	0	0	0	0	0	0	0	0	0	0	0	0	0	0	0	0	0	0	0	0	0	0	0	0	0	0	0	0	0	0	0	0	0	0	0	0	0	0	0	0	0	0	1	0	1	0	0	0	0	0	0	0	0	0	0	0	0	0	0	0	0	0	0	0	0	0	0	0	0	0	0	0	0	0	0	0	0	0	0	0	0	0	0	0	0	0	0	0	0	0	0	0	0	0	0	0	0	0	0	0	0	0	0	0	0	0	0	0	0	0	0	0	0
41	13	8	6	4	1	9	16	9	10	1	1	0	0	1	10	4	0	1	0	1	1	0	0	1	1	0	0	0	0	2	0	0	0	0	1	0	0	0	0	0	0	0	0	0	0	0	0	0	0	0	0	0	0	1	0	0	0	0	0	0	0	0	0	2	0	0	0	0	2	0	0	0	0	0	0	0	0	0	1	0	0	0	0	0	0	0	0	0	0	0	0	0	0	0	0	0	0	0	0	0	0	0	0	0	1	0	0	0	0	0	0	0	0	0	0	0	0	0	0	0	0	0	0	0	0	0	0	0	0	0	0	0	0	0	0	1	0	0	0	0	0	0	0	0	0	0	0	0	0	0	0	0	0	0	0	0	0	0	0	0	0	0	0	0	0	0	0	0	0	0	0	0	0	0
19	2	1	2	3	2	3	8	3	5	1	0	0	0	0	0	3	0	0	0	1	0	0	0	0	0	0	0	0	0	0	0	1	0	0	0	0	0	0	1	0	0	0	0	0	2	1	0	0	0	1	0	0	0	0	0	0	0	0	0	0	0	0	0	0	0	0	0	0	0	0	0	0	0	0	2	0	0	0	1	0	0	0	0	0	0	0	1	0	0	0	0	0	0	0	0	0	0	0	0	0	0	0	0	0	1	0	0	0	0	0	0	0	0	0	0	0	0	0	0	0	0	0	0	0	0	0	0	0	0	0	0	0	0	0	0	0	0	0	0	0	0	0	0	0	0	0	0	0	0	0	0	0	0	0	0	0	0	0	0	0	0	0	0	0	0	0	0	0	0	0	0	0	0	0
70	16	23	13	12	2	23	36	5	17	4	1	1	0	6	4	7	1	0	0	2	2	3	0	1	1	1	2	0	0	0	0	0	0	0	3	0	1	0	0	0	0	1	1	0	1	0	0	2	0	0	0	0	1	0	1	0	0	0	0	1	0	0	0	0	0	0	0	0	0	0	0	0	0	0	1	0	0	0	0	0	0	0	0	0	0	0	0	0	0	0	1	0	0	0	0	0	0	0	0	0	0	0	0	0	0	0	0	0	0	1	0	0	1	0	0	0	0	0	0	0	0	0	0	0	0	0	0	1	0	0	0	0	0	0	0	0	0	0	1	0	0	0	0	0	0	0	0	0	0	0	0	0	0	0	0	0	0	0	0	0	0	0	0	0	0	0	0	0	0	0	0	0	0	0
0	0	0	0	0	0	0	0	0	0	0	0	0	0	0	0	0	0	0	0	0	0	0	0	0	0	0	0	0	0	0	0	0	0	0	0	0	0	0	0	0	0	0	0	0	0	0	0	0	0	0	0	0	0	0	0	0	0	0	0	0	0	0	0	0	0	0	0	0	0	0	0	0	0	0	0	0	0	0	0	0	0	0	0	0	0	0	0	0	0	0	0	0	0	0	0	0	0	0	0	0	0	0	0	0	1	0	0	0	0	0	0	0	0	0	0	0	0	0	0	0	0	0	0	0	0	0	0	0	0	0	0	0	0	0	0	0	0	0	0	0	0	0	0	0	0	0	0	0	0	0	0	0	0	0	0	0	0	0	0	0	0	0	0	0	0	0	0	0	0	0	0	0	0	0
15	4	8	2	4	0	6	11	4	5	0	0	0	0	0	1	1	1	1	0	0	2	1	0	2	1	0	0	0	0	0	0	1	0	0	0	0	0	0	0	0	0	0	0	0	0	0	0	1	0	1	0	0	0	0	0	0	0	0	0	0	0	0	0	0	1	0	0	0	0	0	0	0	0	0	0	0	1	0	0	0	0	0	0	0	0	0	0	0	0	0	0	0	0	0	0	0	0	0	0	0	0	0	0	0	1	0	0	0	0	0	0	0	0	0	0	0	0	0	0	0	0	0	0	0	0	0	0	0	0	0	0	0	0	0	0	0	0	0	0	0	0	0	0	0	0	0	0	0	0	0	0	0	0	0	0	0	0	0	0	0	0	0	0	0	0	0	0	0	0	0	0	0	0	0
22	3	8	3	4	0	2	8	7	14	1	0	0	1	3	0	6	0	0	0	1	0	1	0	0	0	0	0	0	0	0	0	0	0	0	2	0	0	0	0	0	0	0	0	0	0	0	0	0	0	0	0	0	0	0	0	0	0	0	1	0	0	0	1	1	0	0	0	0	0	0	0	1	0	0	0	0	0	0	0	0	0	0	0	0	0	0	0	0	0	0	0	0	0	0	0	0	0	0	0	0	0	0	0	0	0	0	1	0	0	0	0	0	0	0	0	0	0	0	0	0	0	0	0	0	0	1	0	0	0	0	0	0	0	0	0	0	0	0	1	0	0	0	0	0	0	0	0	0	0	0	0	0	0	0	1	0	0	0	0	0	0	0	0	0	0	0	0	0	0	0	0	0	0	0
21	5	7	2	5	1	2	19	4	7	1	0	0	0	1	2	1	0	0	0	0	1	2	0	2	0	0	0	0	0	1	0	0	0	0	1	0	0	0	0	0	0	0	0	0	0	0	0	0	0	0	0	0	0	0	0	0	0	0	0	0	0	0	0	0	0	0	0	0	0	0	0	0	0	0	0	0	0	0	0	0	0	0	0	0	0	0	1	0	0	0	0	0	0	0	0	0	0	0	0	0	0	0	0	0	0	0	0	0	0	0	0	0	0	0	0	0	0	0	0	0	0	0	0	0	0	0	0	0	0	0	0	0	0	0	0	0	0	0	0	0	0	0	0	0	0	0	0	0	0	0	0	0	0	0	0	0	0	0	0	0	0	0	0	0	0	0	0	0	0	0	0	0	0	0
1	1	0	1	0	0	1	2	0	0	0	0	0	0	0	0	0	0	0	0	0	0	0	0	0	0	0	0	0	0	0	0	0	0	0	0	0	0	0	0	0	0	0	0	0	0	0	0	0	0	0	0	0	0	0	0	0	0	0	0	0	0	0	0	0	0	0	0	0	0	0	0	0	0	0	0	0	0	0	0	0	0	0	0	0	0	0	0	0	0	0	0	0	0	0	0	0	0	0	0	0	0	0	0	0	0	0	0	0	0	0	0	0	0	0	0	0	0	0	0	0	0	0	0	0	0	0	0	0	0	0	0	0	0	0	0	0	0	0	0	0	0	0	0	0	0	0	0	0	0	0	0	0	0	0	0	0	0	0	0	0	0	0	0	0	0	0	0	0	0	0	0	0	0	0
11	3	4	2	2	0	2	12	2	5	0	0	0	0	0	0	4	0	0	0	1	1	0	0	0	0	0	0	0	0	1	0	1	0	1	0	0	0	0	0	0	0	0	0	0	0	0	0	1	0	0	0	0	0	0	0	0	0	0	0	0	0	0	0	0	0	0	0	0	0	0	0	0	0	0	0	0	0	0	0	0	0	0	0	0	0	0	0	0	0	0	0	0	0	0	0	0	0	0	0	0	0	0	0	0	0	0	0	0	0	0	0	0	0	0	0	0	0	0	0	1	0	0	0	0	0	0	0	0	0	0	0	0	0	0	0	0	0	0	0	0	0	0	0	0	0	0	0	0	0	0	0	0	0	1	0	0	0	0	0	0	0	0	0	0	0	0	0	0	0	0	0	0	0	0
4	1	2	0	0	0	1	2	0	1	2	0	0	0	0	1	0	0	0	0	0	0	0	0	0	1	0	0	0	0	0	0	0	0	0	0	0	0	0	0	0	0	0	0	1	0	0	0	0	0	0	0	0	0	0	0	0	0	0	0	0	0	0	0	0	0	0	0	0	0	0	0	0	0	0	0	0	0	0	0	0	0	0	0	0	0	0	0	0	0	0	0	0	0	0	0	0	0	0	0	0	0	0	0	0	0	0	0	0	0	0	0	0	0	0	0	0	0	0	0	0	0	0	0	0	0	0	0	0	0	0	0	0	0	0	0	0	0	0	0	0	0	0	0	0	0	0	0	0	0	0	0	0	0	0	0	0	0	0	0	0	0	0	0	0	0	0	0	0	0	0	0	0	0	0
8	3	3	2	0	0	7	4	0	3	0	0	0	0	0	0	1	0	0	0	0	0	0	0	0	2	0	0	0	0	0	0	0	0	0	0	1	0	0	0	0	0	0	0	0	0	0	0	0	0	0	0	0	0	0	0	0	0	0	0	0	0	0	0	0	0	0	0	0	0	0	0	0	0	0	0	0	0	0	0	0	0	0	0	0	0	0	0	0	0	0	0	0	0	0	0	0	0	0	0	0	0	0	0	0	0	0	0	0	0	0	0	0	0	0	0	0	0	0	0	0	0	0	0	0	0	0	0	0	0	0	0	0	0	0	0	0	0	0	0	0	0	0	0	0	0	0	0	0	0	0	0	0	0	0	0	0	0	0	0	0	0	0	0	0	0	0	0	0	0	0	0	0	0	0
6	2	1	3	0	0	1	2	0	0	0	0	0	0	0	0	1	0	0	0	0	0	0	0	0	0	0	1	0	0	0	0	0	0	0	0	0	0	0	0	0	0	0	0	0	0	0	0	0	0	0	0	0	0	0	0	0	0	0	0	0	0	0	0	0	0	0	0	0	0	0	0	0	0	0	0	0	0	0	0	0	0	0	0	0	0	0	0	0	0	0	0	0	0	0	0	0	0	0	0	0	0	0	0	0	0	0	0	0	0	0	0	0	0	0	0	0	0	0	0	0	0	0	0	0	0	0	0	0	0	0	0	0	0	0	0	0	0	0	0	0	0	0	0	0	0	0	0	0	0	0	0	0	0	0	0	0	0	0	0	0	0	1	0	0	0	0	0	0	0	0	0	0	0	0
14	4	4	0	2	1	4	7	3	5	0	0	0	0	0	1	8	0	1	0	3	0	0	0	0	0	0	0	0	0	0	0	0	0	1	0	0	0	0	1	0	0	0	0	0	0	0	0	0	0	0	0	0	0	1	0	0	0	0	0	2	0	1	0	0	0	0	0	0	0	0	0	0	0	0	0	0	0	0	0	0	0	0	0	0	0	0	0	0	0	0	0	0	0	0	0	0	0	0	0	0	0	0	0	0	1	0	0	0	0	0	0	0	0	0	0	0	0	0	0	0	0	0	0	0	0	0	0	0	0	0	0	0	0	0	0	0	0	0	0	0	0	0	0	0	0	0	0	0	0	0	0	0	0	0	0	0	0	0	0	0	0	0	0	0	0	0	0	0	0	0	0	1	0	0
48	13	13	14	6	0	15	33	7	22	4	2	1	1	4	4	7	0	0	0	5	3	2	0	1	3	1	0	0	0	0	0	2	0	0	3	0	1	0	0	0	0	0	0	1	0	0	0	1	0	0	0	0	0	3	2	0	0	0	0	1	1	0	0	0	0	0	0	0	0	0	0	0	0	1	0	0	0	0	0	0	0	0	0	0	0	0	0	0	1	0	0	1	0	0	0	0	0	0	0	0	0	0	0	0	1	0	1	0	0	0	0	0	0	0	0	0	0	0	0	1	0	0	0	0	0	0	0	0	0	0	0	0	0	0	0	0	0	0	1	0	0	0	0	0	0	0	0	0	0	0	0	0	0	0	0	0	0	0	0	1	0	0	1	0	1	0	0	0	0	0	0	0	0	0
5	3	3	2	2	0	2	4	2	0	0	0	0	0	1	1	2	0	0	0	0	0	0	0	0	0	0	0	0	0	0	0	0	0	0	0	0	0	0	0	0	0	0	0	0	0	0	0	1	0	0	0	0	0	1	0	0	0	0	0	0	1	0	0	0	0	0	0	0	0	0	0	0	0	0	0	0	0	0	0	0	0	0	0	0	0	0	0	0	0	0	0	0	0	0	0	0	0	0	0	0	1	0	0	0	1	0	0	0	0	0	0	0	0	0	0	0	0	0	0	0	0	0	0	0	0	0	0	0	0	0	0	0	0	0	0	0	0	0	0	0	0	0	0	0	0	0	0	0	0	0	0	0	0	0	0	0	0	0	0	0	0	0	0	0	0	0	0	0	0	0	0	0	0	0
12	2	2	3	3	0	1	8	1	3	1	0	0	0	0	0	4	0	1	0	0	0	0	0	0	0	0	0	0	0	0	0	1	0	0	1	0	1	0	0	0	0	0	0	0	0	0	0	0	0	0	0	0	0	1	0	0	0	0	0	0	0	0	0	1	0	0	0	0	0	0	0	0	0	0	0	0	0	0	0	0	0	0	0	0	0	0	0	0	0	0	0	0	0	0	0	0	0	0	0	0	0	0	0	0	0	0	0	0	0	0	0	0	0	0	0	0	0	0	0	0	0	0	0	0	0	0	0	0	0	0	0	0	0	0	0	0	1	0	0	0	0	0	0	0	0	0	0	0	0	0	0	0	0	1	0	0	0	0	0	0	0	0	0	0	0	0	0	0	0	0	0	0	0	0
9	1	2	3	0	0	2	5	1	1	1	0	0	0	0	0	4	0	0	0	0	1	0	0	0	1	0	0	0	0	0	0	0	0	0	0	0	0	0	0	0	0	0	0	0	0	0	0	0	0	0	0	0	0	0	0	1	0	0	0	0	1	0	0	0	0	0	0	0	0	0	0	0	0	0	0	0	0	0	0	0	0	0	0	0	0	0	0	0	0	0	0	0	0	0	0	0	0	0	0	0	0	0	0	0	0	0	0	0	0	0	0	0	0	0	0	0	0	0	0	0	0	0	0	0	0	0	0	0	0	0	0	0	0	0	0	0	0	0	0	0	0	0	0	0	0	0	0	0	0	0	0	0	0	0	0	0	0	0	0	0	0	0	0	0	0	0	0	0	0	0	0	0	0	0
1	3	0	0	1	0	1	0	0	3	0	0	0	0	0	0	0	0	0	0	0	0	0	0	0	0	1	0	0	0	0	0	0	0	0	0	0	0	0	0	0	0	0	0	0	0	0	0	0	0	0	0	0	0	0	0	0	1	0	0	0	0	0	0	0	0	0	0	0	0	0	0	0	0	0	1	0	0	0	0	0	0	0	0	0	0	0	0	0	0	0	0	0	0	0	0	0	0	0	0	0	0	0	0	0	0	0	0	0	0	0	0	0	0	0	0	0	0	0	0	0	0	0	0	0	0	0	0	0	0	0	0	0	0	0	0	0	0	0	0	0	0	0	0	0	0	0	0	0	0	0	0	0	0	0	0	0	0	0	0	0	0	0	0	0	0	0	0	0	0	0	0	0	0	0
2	0	0	0	1	0	0	0	1	0	0	0	0	0	0	0	0	0	0	0	0	0	0	0	0	0	0	0	0	0	0	0	0	0	0	0	0	0	0	0	0	0	0	0	0	0	0	0	0	0	0	0	0	0	0	0	0	0	0	0	0	0	0	0	0	0	0	0	0	0	0	0	0	0	0	0	0	0	0	0	0	0	0	0	0	0	0	0	0	0	0	0	0	0	0	0	0	0	0	0	0	0	0	0	0	0	0	0	0	0	0	0	0	0	0	0	0	0	0	0	0	0	0	0	0	0	0	0	0	0	0	0	0	0	0	0	0	0	0	0	0	0	0	0	0	0	0	0	0	0	0	0	0	0	0	0	0	0	0	0	0	0	0	0	0	0	0	0	0	0	0	0	0	0	0
38	5	7	5	9	1	11	19	4	9	2	3	0	0	1	4	3	0	0	0	2	0	0	0	0	0	0	1	0	0	1	0	0	0	1	0	0	1	0	1	0	0	0	0	0	1	0	0	1	0	0	0	0	0	2	0	1	0	0	0	0	1	0	0	0	0	0	0	0	0	0	0	0	0	0	0	0	0	0	1	1	0	0	0	0	0	0	0	0	0	0	0	0	0	0	0	0	0	0	0	0	0	0	0	0	0	0	0	0	0	0	0	0	0	0	0	0	0	0	0	0	0	0	0	0	0	0	0	0	0	0	0	0	0	0	0	0	1	0	0	0	0	0	0	0	0	0	0	0	0	0	0	0	0	0	0	1	0	0	0	0	0	0	0	0	0	0	0	0	0	0	0	0	0	0
16	2	5	2	1	2	4	6	2	12	0	0	0	1	0	2	0	0	0	0	1	0	0	0	1	0	0	0	0	0	0	0	2	0	1	0	0	0	0	0	0	0	0	0	0	1	0	0	0	0	0	0	0	0	0	0	0	0	0	0	0	0	0	0	1	0	0	0	0	0	0	0	0	0	0	1	0	0	1	0	0	0	0	0	0	0	0	0	0	0	0	0	0	0	0	0	0	0	0	0	0	0	0	0	0	0	0	0	0	0	0	0	0	0	0	0	0	0	0	0	0	0	0	0	0	0	0	0	0	0	0	0	0	0	0	0	0	0	0	0	0	0	0	0	0	0	0	0	0	0	0	0	0	0	0	0	0	0	0	0	0	0	0	0	0	0	0	0	0	0	0	0	0	0	0
0	0	0	0	0	0	0	0	0	0	0	0	0	0	0	0	0	0	0	0	0	0	0	0	0	0	0	0	0	0	0	0	0	0	0	0	1	0	0	0	0	0	0	0	0	0	0	0	0	0	0	0	0	0	0	0	0	0	0	0	0	0	0	0	0	0	0	0	0	0	0	0	0	0	0	0	0	0	0	0	0	0	0	0	0	0	0	0	0	0	0	0	0	0	0	0	0	0	0	0	0	0	0	0	0	0	0	0	0	0	0	0	0	0	0	0	0	0	0	0	0	0	0	0	0	0	0	0	0	0	0	0	0	0	0	0	0	0	0	0	0	0	0	0	0	0	0	0	0	0	0	0	0	0	0	0	0	0	0	0	0	0	0	0	0	0	0	0	0	0	0	0	0	0	0
11	2	6	3	4	1	1	4	0	6	1	0	0	0	0	0	3	0	0	0	1	1	0	0	0	0	0	0	0	0	0	0	1	0	0	0	0	0	0	0	0	0	0	0	0	1	0	1	0	0	0	0	0	0	0	0	0	0	0	0	0	0	0	0	0	0	0	0	0	0	0	0	0	0	0	0	0	0	0	0	0	0	0	0	0	0	0	0	0	0	0	0	0	0	0	0	0	0	0	0	0	0	0	0	0	0	0	0	0	0	0	0	0	0	0	0	0	0	0	0	0	0	0	0	0	0	0	0	0	0	0	0	1	0	0	0	0	0	0	0	0	0	0	0	0	0	0	0	1	0	0	0	0	0	0	0	0	0	0	0	0	0	0	0	0	0	0	0	0	0	0	0	0	0	0
5	0	7	2	0	0	3	1	0	1	0	1	0	0	0	2	1	0	0	0	0	1	0	0	0	0	0	0	0	0	0	0	0	1	0	0	0	0	0	0	0	0	0	0	0	0	0	0	0	0	0	0	0	0	0	0	0	0	0	0	0	0	0	1	0	0	0	0	0	0	0	0	0	0	0	0	0	0	0	1	0	0	0	0	0	0	0	0	0	0	0	0	0	0	0	0	0	0	0	0	0	0	0	0	0	0	0	0	0	0	0	0	0	0	0	0	0	0	0	0	0	0	0	0	0	0	0	0	0	0	0	0	0	0	0	0	0	0	0	0	0	0	0	0	0	0	0	0	0	0	0	0	0	0	0	0	0	0	0	0	0	0	0	0	0	0	0	0	0	0	0	0	0	0	0
20	3	8	5	5	1	10	9	2	8	1	0	0	0	1	4	3	0	0	0	1	1	0	0	0	0	0	1	0	0	1	0	0	0	1	0	0	0	0	0	1	0	0	0	0	0	0	0	0	0	0	0	0	0	0	0	2	0	0	0	0	0	0	0	1	0	0	0	0	1	0	0	0	0	0	0	0	0	0	1	0	0	0	0	0	0	0	0	0	0	0	0	0	0	0	0	0	0	0	0	0	0	0	0	0	0	0	0	0	0	0	0	0	0	0	0	0	0	0	0	0	0	0	0	0	0	0	0	0	0	0	0	0	0	0	0	0	1	0	0	0	0	0	0	0	0	0	0	0	0	0	0	0	0	0	0	0	0	0	0	0	0	0	0	0	0	0	0	0	0	0	0	1	0	0
