6351	19715	4215	10494	3785	543	12614	116	1952	141	2639	802	22	369	850	47	329	28	227	35	110	1105	741	215	534	155	120	162	232	71	11	23	118	91	146	252	21	69	27	71	295	45	201	54	134	179	437	1	29	25	40	17	245	6	345	89	135	2	106	55	3	42	9	1	109	359	198	83	54	142	16	26	186	381	119	28	77	15	168	44	11	131	98	18	31	25	106	68	71	11	31	22	58	15	24	14	17	33	80	2	50	7	39	32	9	14	52	20	5	11	1	32	28	40	34	10	20	4	20	55	7	6	171	35	4	35	4	1	13	11	3	8	14	8	13	16	2	18	11	21	5	47	13	41	21	3	7	7	18	25	15	17	1	2
11036	34887	7261	18364	6746	893	22170	181	3525	196	4640	1387	31	659	1436	75	632	60	402	66	216	1908	1268	411	831	277	211	277	339	94	23	34	179	142	259	428	49	139	37	117	502	65	318	82	227	282	787	2	29	41	50	23	486	11	649	145	259	4	185	89	6	79	17	2	176	569	345	147	128	204	29	30	250	674	189	46	152	33	295	78	18	219	143	37	58	56	188	104	109	16	55	45	106	10	52	27	22	58	116	3	104	14	70	58	25	20	98	52	12	27	1	67	32	77	73	28	14	15	39	81	8	13	283	55	6	53	3	0	30	11	6	21	22	17	37	17	8	34	26	33	4	77	17	80	56	6	10	19	28	33	29	38	0	18
3205	10063	2014	5342	1851	256	6264	57	1012	68	1317	372	16	215	441	28	156	15	102	15	51	495	343	113	251	71	61	85	107	28	11	12	61	32	90	101	13	45	10	43	138	23	104	21	53	91	211	0	10	17	19	7	136	4	204	43	70	0	47	25	3	18	6	0	48	142	84	43	35	59	9	9	80	157	46	13	49	8	97	20	4	83	36	13	21	10	52	32	33	4	25	17	32	2	10	4	8	11	27	0	22	5	15	14	6	7	22	21	4	7	4	18	12	24	18	5	5	3	5	24	1	5	85	13	0	17	0	0	8	4	4	5	5	3	8	9	2	4	5	11	3	28	9	19	13	2	5	3	10	13	3	3	3	4
499	1584	342	782	322	32	1031	11	197	13	217	51	4	34	63	6	26	2	11	1	10	79	55	26	38	15	11	18	25	7	0	1	12	5	5	18	3	5	1	4	28	1	11	1	11	23	32	0	3	1	4	2	20	0	37	7	7	0	5	2	1	2	1	0	9	21	17	8	5	10	0	0	11	30	6	3	9	0	13	3	1	13	8	2	3	5	10	6	5	0	3	6	4	0	0	1	1	1	5	0	4	1	3	5	1	0	8	0	1	0	1	2	4	2	4	0	0	0	2	2	0	1	11	3	1	1	0	0	2	0	0	0	1	1	4	0	0	5	1	0	0	1	1	1	4	0	0	0	1	1	1	2	1	1
348	1082	198	535	214	21	662	5	102	8	139	52	0	26	42	0	26	1	11	0	9	50	39	16	29	16	5	7	7	4	0	0	5	5	8	14	0	5	1	5	11	1	7	2	5	10	31	0	3	3	1	0	15	1	18	2	4	0	5	1	1	3	0	0	6	21	14	6	2	11	0	1	11	25	6	0	7	2	6	3	0	3	6	0	4	2	12	3	4	0	3	2	5	2	2	2	1	2	0	0	5	1	1	1	0	0	2	1	0	1	0	4	1	3	2	0	0	0	1	4	0	0	11	0	0	3	0	0	2	0	0	0	1	2	1	1	0	0	1	1	0	1	1	2	2	0	0	1	0	0	1	0	0	0
976	3281	649	1748	612	66	2043	13	300	19	445	117	0	69	139	6	47	10	36	5	18	172	141	40	83	31	15	33	33	11	1	2	13	11	24	29	4	8	6	14	49	11	31	6	22	23	71	0	5	7	6	1	40	0	65	16	15	1	20	10	1	7	0	0	12	51	28	21	10	30	2	3	29	65	24	3	8	2	34	6	2	25	11	2	9	2	19	10	14	5	5	5	12	1	5	1	2	4	10	2	10	1	5	1	3	0	12	8	3	3	1	11	3	10	5	1	2	2	4	10	0	1	29	2	1	5	1	0	3	1	0	1	2	1	1	0	0	1	3	4	2	12	0	7	3	0	1	1	4	3	2	1	0	0
1007	3190	624	1656	605	95	1987	11	344	14	398	144	4	52	151	5	47	3	37	4	26	143	119	31	61	24	25	15	21	15	3	3	14	9	21	35	3	12	4	10	54	2	20	10	27	28	58	0	3	2	8	1	42	2	55	8	22	0	6	8	2	6	1	0	10	43	29	16	18	20	1	2	16	54	15	6	15	6	33	6	1	18	14	3	4	2	12	10	13	1	2	12	12	1	5	3	3	7	9	0	15	1	6	4	2	3	4	7	2	1	1	6	3	12	3	2	2	1	6	7	3	1	19	4	1	5	1	0	3	0	0	4	3	1	0	1	0	3	3	3	2	7	0	6	8	2	0	2	3	1	2	1	0	0
325	1021	222	498	195	32	683	4	103	7	112	38	2	22	55	2	16	4	7	1	3	61	31	5	20	7	8	9	14	1	1	1	6	2	10	15	2	1	2	1	17	2	11	3	11	7	18	1	1	2	1	0	16	0	19	2	15	0	1	3	0	2	1	0	10	13	11	6	3	8	0	0	5	23	7	2	6	0	14	3	0	9	2	1	0	0	10	3	2	0	1	1	3	1	1	0	0	4	6	0	2	1	6	1	2	0	0	0	0	0	0	1	3	2	1	1	0	1	1	2	2	0	6	0	0	4	0	1	0	0	0	0	1	0	2	1	0	1	0	0	0	5	0	4	3	0	0	1	3	1	0	0	0	0
1197	3792	747	1993	742	95	2381	22	398	32	511	141	4	80	162	14	62	6	42	3	21	223	140	39	100	33	29	37	30	11	3	3	20	13	32	46	3	19	4	13	57	8	43	7	21	38	88	0	6	5	7	2	52	3	60	20	27	0	14	9	1	5	0	0	18	68	40	17	14	40	5	7	25	68	18	3	19	8	30	9	3	14	14	1	6	5	23	13	17	5	8	5	11	2	2	1	3	7	14	0	18	2	8	2	2	4	7	7	0	3	2	10	3	5	4	1	0	0	3	7	1	0	43	9	0	7	0	1	2	2	1	4	2	1	2	1	0	2	2	4	1	3	1	6	6	1	1	1	3	4	8	5	0	0
106	356	74	167	59	9	206	0	28	6	39	15	0	2	19	2	7	2	4	0	0	16	10	2	11	4	3	5	3	4	0	0	2	0	1	5	1	2	1	1	12	1	3	1	1	3	6	0	1	0	0	1	6	0	11	1	2	0	0	2	0	0	0	0	2	4	3	2	0	0	0	0	5	8	2	0	1	0	2	0	0	1	4	0	0	0	4	2	2	0	0	0	0	1	0	0	0	0	1	0	1	0	1	0	0	0	1	3	1	0	0	0	0	2	0	0	0	0	0	0	0	0	1	1	0	4	0	0	0	0	0	0	1	0	0	0	0	0	0	1	0	1	0	1	0	0	0	0	0	0	0	0	1	0
232	746	145	377	143	20	442	3	80	6	101	20	0	12	41	1	12	4	3	4	9	42	18	4	23	12	1	6	8	1	0	1	2	3	3	6	1	2	0	4	9	1	7	1	7	8	21	0	0	0	0	0	15	0	14	2	5	0	7	2	0	2	0	0	2	13	5	3	5	4	1	0	9	13	1	0	2	1	7	0	0	5	3	2	1	1	6	7	1	0	0	0	6	0	1	0	1	0	2	0	0	0	2	2	0	0	1	3	0	0	0	2	0	3	0	1	0	0	0	3	0	0	6	0	0	1	0	0	2	0	0	0	1	2	2	0	0	0	0	0	0	2	1	0	1	0	0	0	0	0	0	0	0	0
32	84	27	46	16	5	51	0	12	0	16	1	0	1	4	0	1	0	5	0	0	8	2	0	1	1	0	2	1	0	2	0	0	1	0	0	0	0	1	0	2	0	0	0	1	0	1	0	0	0	0	0	1	1	0	0	1	0	0	0	0	0	0	0	0	2	0	1	0	0	0	0	0	2	0	0	0	0	1	0	0	0	1	0	0	0	0	1	1	0	0	0	0	0	0	0	0	0	0	0	1	0	0	0	0	0	0	0	0	0	0	0	0	0	0	0	0	0	1	1	0	0	3	0	0	0	0	0	0	0	0	0	0	0	0	0	0	0	1	0	0	0	0	0	0	0	0	0	0	0	0	0	0	0
3	4	4	3	0	0	0	0	1	0	0	1	0	0	0	0	0	0	0	0	0	0	1	0	0	0	0	0	0	0	0	0	0	0	0	0	0	0	0	0	0	0	0	0	0	0	0	0	0	0	0	0	0	0	0	0	0	0	0	0	0	0	0	0	0	0	0	0	0	0	0	0	0	0	0	0	0	0	0	0	0	0	0	0	0	0	0	0	0	0	0	0	0	0	0	0	0	0	0	0	0	0	0	0	0	0	0	0	0	0	0	0	0	0	0	0	0	0	0	0	0	0	0	0	0	0	0	0	0	0	0	0	0	0	0	0	0	0	0	0	0	0	0	0	0	0	0	0	0	0	0	0	0	0
198	663	129	397	118	13	412	4	76	5	97	34	1	12	29	0	11	0	6	0	5	37	24	9	24	6	4	5	10	1	1	0	1	1	4	6	1	4	0	3	12	0	2	3	5	6	16	0	1	1	1	1	12	0	9	4	5	0	1	2	0	1	0	0	4	7	5	3	2	5	0	1	8	16	3	0	4	0	5	4	0	6	1	2	0	1	5	2	2	1	2	1	2	0	3	1	0	3	0	0	4	0	1	1	0	2	2	1	0	0	0	0	0	4	1	0	1	0	1	0	0	0	4	1	0	1	0	0	0	0	0	1	2	0	1	0	0	0	1	1	0	1	0	5	1	0	0	0	1	0	2	0	0	0
24	98	19	54	19	2	58	0	7	2	8	4	0	1	2	0	2	0	2	0	1	5	0	0	4	0	0	0	0	0	0	0	1	0	1	0	0	0	0	0	3	0	0	0	0	1	0	0	0	0	1	0	1	0	0	0	1	0	0	0	0	0	0	0	0	2	1	0	0	3	0	0	0	2	1	0	0	0	0	0	0	1	0	1	0	0	2	0	0	0	0	0	0	0	0	0	0	0	0	0	0	0	0	0	0	0	0	0	0	0	0	0	0	0	1	2	0	0	0	0	0	0	1	0	0	0	0	0	0	0	0	0	0	0	0	0	0	0	0	0	0	0	0	0	1	0	0	0	0	0	0	1	0	0
6	15	5	9	4	0	6	0	1	0	2	1	0	0	1	0	2	0	0	0	0	0	1	1	1	0	0	0	1	0	0	0	0	0	0	0	0	0	0	0	0	0	0	0	0	0	0	0	0	0	1	0	0	0	0	0	1	0	0	0	0	0	1	0	0	0	0	0	0	0	1	0	0	0	0	0	0	0	0	0	0	0	0	1	0	0	0	0	0	0	0	0	0	0	0	0	0	0	0	0	0	1	0	0	0	0	0	0	0	0	0	0	0	0	0	0	0	0	0	0	0	0	0	0	0	0	0	0	0	0	0	0	0	0	0	0	0	0	0	0	0	0	0	0	0	0	0	0	0	0	0	0	0	0
27	133	24	64	18	5	72	0	12	0	24	5	0	0	3	0	1	0	3	0	0	3	3	1	3	0	0	0	0	1	1	1	0	1	0	2	0	1	0	1	3	0	0	0	1	1	5	0	0	0	0	0	4	1	3	0	1	0	0	1	0	0	0	0	2	1	2	0	0	2	0	0	1	2	2	0	0	0	0	0	0	0	1	0	0	0	0	0	0	0	0	0	0	0	0	0	1	2	0	0	0	0	0	1	0	0	0	0	0	1	0	1	0	0	0	0	0	0	0	0	1	0	1	0	0	0	0	0	0	0	0	0	0	0	0	0	0	0	0	0	0	0	0	0	0	0	0	0	0	0	0	0	0	0
19	104	20	40	22	3	66	1	2	3	8	6	0	6	8	0	0	0	1	0	0	8	3	0	3	1	1	0	3	0	1	0	0	0	0	1	1	1	0	0	0	0	1	0	3	0	1	0	0	0	1	1	1	0	0	1	0	0	0	0	0	0	0	0	1	1	0	0	0	0	0	0	1	1	0	0	0	0	1	0	0	1	0	0	0	0	0	1	0	0	0	0	1	0	0	0	0	0	1	0	0	0	0	0	0	0	0	0	0	0	0	0	0	1	0	0	0	0	0	1	0	0	1	0	0	0	0	0	0	0	0	0	0	0	0	0	0	0	0	0	0	0	0	0	0	0	0	0	0	0	0	0	0	0
45	122	23	57	28	5	60	0	11	0	11	0	0	1	4	0	2	1	1	0	2	7	5	1	4	1	1	1	0	0	0	0	3	1	2	2	0	0	0	0	0	2	0	0	0	3	3	0	0	0	0	0	1	0	0	0	1	0	0	0	0	0	0	0	0	3	1	1	0	1	0	0	2	1	1	0	0	0	0	0	0	1	0	0	0	0	0	0	0	0	0	0	0	0	0	0	0	0	0	0	0	0	0	0	0	0	0	0	0	0	0	0	0	0	0	0	0	0	0	0	0	0	0	0	0	0	0	0	0	0	0	0	0	0	0	0	0	0	1	0	0	0	0	0	1	0	0	0	0	0	0	0	0	0
104	354	88	200	62	11	213	3	48	2	41	19	1	6	15	0	7	0	5	1	2	16	15	3	18	5	4	5	1	2	0	0	0	0	0	9	0	2	0	2	6	0	5	1	0	0	11	0	0	0	0	0	2	0	7	2	6	0	0	2	0	1	0	0	2	6	3	1	0	2	0	0	3	4	1	2	2	1	3	1	0	1	0	0	2	1	2	1	3	0	1	0	0	0	0	1	0	0	3	0	0	0	2	0	0	0	0	0	1	1	0	0	1	0	0	0	0	0	1	1	0	0	3	0	0	1	0	0	0	0	0	1	0	0	1	1	0	0	0	0	0	0	0	0	0	0	0	0	0	1	1	0	0	0
52	131	21	49	28	2	88	0	13	1	21	5	0	4	6	0	1	0	0	0	1	6	7	1	2	1	2	3	1	0	0	0	1	0	0	1	0	0	0	1	2	0	2	0	1	0	4	0	0	0	0	0	2	0	2	1	0	0	0	0	0	0	0	0	0	5	1	1	0	1	0	0	1	3	3	0	0	1	1	0	1	0	1	0	0	0	1	1	3	0	0	0	1	0	0	0	1	0	1	0	1	0	0	0	0	0	1	0	0	0	0	0	0	1	0	0	0	0	0	0	0	0	0	0	0	0	0	0	0	0	0	0	0	0	0	0	0	0	0	0	0	0	0	0	0	0	0	0	0	0	0	0	0	0
276	875	180	441	157	27	537	6	100	6	113	37	1	19	30	2	15	3	14	0	1	45	33	9	20	7	2	7	1	1	0	1	8	2	3	11	1	1	1	2	11	3	6	0	7	10	14	0	0	3	0	0	12	1	15	8	8	0	7	1	0	1	1	0	2	15	6	3	5	8	0	0	8	20	4	0	5	0	10	2	0	3	10	1	0	1	2	6	2	2	0	2	3	1	1	0	0	2	4	0	1	1	2	4	0	0	0	2	0	0	0	2	0	2	1	0	2	0	1	3	0	0	8	3	0	1	0	0	1	0	0	0	2	0	0	1	0	0	0	2	0	0	2	3	1	1	0	0	1	2	2	1	0	0
105	359	79	196	68	15	236	0	30	4	41	13	1	5	13	2	6	0	2	0	1	17	5	7	12	1	1	4	8	1	1	1	1	0	3	9	2	0	0	2	5	2	3	0	4	4	5	0	0	0	0	0	4	1	6	1	2	0	4	1	0	1	0	0	2	6	4	3	0	7	0	0	3	4	3	0	1	0	3	0	0	5	1	2	1	1	3	2	0	0	1	0	1	0	0	1	0	0	0	0	1	1	0	1	0	0	2	1	0	0	0	0	0	1	0	1	0	0	0	1	0	0	5	1	0	0	0	0	0	3	0	0	0	0	1	0	0	1	0	0	0	0	0	1	0	0	0	0	0	0	0	1	1	0
136	453	89	282	77	12	276	0	49	5	74	16	0	6	16	0	12	0	7	0	1	26	17	8	10	1	2	7	9	0	0	0	3	3	4	4	0	5	2	1	2	1	3	0	1	4	12	0	0	0	1	0	8	0	9	1	5	0	0	1	0	0	0	0	4	10	3	1	0	1	0	0	3	10	3	1	1	0	5	0	0	4	1	1	0	0	6	1	3	1	1	1	0	1	1	0	0	0	3	0	3	0	2	1	0	0	2	1	0	1	0	3	0	1	0	0	0	1	0	0	0	0	5	0	0	0	0	0	0	0	0	0	0	0	1	0	0	0	0	0	0	0	1	0	1	0	0	0	1	0	0	1	0	0
211	576	142	350	97	18	340	2	74	3	84	21	0	7	23	0	7	1	2	0	5	29	19	3	15	6	6	3	6	1	1	0	5	2	5	7	0	2	2	1	8	0	6	3	4	7	12	0	0	1	3	0	11	0	7	3	7	0	2	2	0	1	0	0	4	6	6	2	2	5	0	0	6	6	6	1	3	0	6	1	0	2	0	2	0	2	4	1	1	1	1	0	1	2	0	1	0	2	5	0	4	0	1	0	0	0	1	2	0	1	0	0	0	1	2	1	1	1	1	1	0	0	3	1	0	1	0	0	0	0	0	0	0	0	0	1	0	0	1	0	0	4	0	1	0	0	1	0	0	0	2	1	0	0
36	122	20	72	18	5	81	1	10	1	9	3	1	3	4	0	1	0	6	0	0	7	5	1	2	0	1	1	2	1	0	0	2	0	1	1	0	0	0	0	2	0	2	1	2	0	3	0	0	0	1	0	2	0	4	1	0	0	0	0	0	0	0	0	0	1	0	0	0	1	0	0	0	2	1	0	0	0	1	0	0	1	1	0	1	0	3	1	0	1	0	0	2	0	1	0	0	0	0	0	0	0	0	0	0	0	0	1	0	0	0	1	0	0	0	0	0	0	0	0	0	0	1	0	0	0	0	0	0	1	0	0	0	0	0	0	0	0	0	0	0	0	0	0	0	0	0	0	0	2	0	0	0	0
5	26	5	15	5	0	13	0	1	0	5	0	0	1	0	1	2	0	0	0	0	1	1	0	0	1	0	0	0	0	0	0	0	1	0	0	0	0	0	0	1	0	0	0	0	1	0	0	0	0	0	0	1	0	0	0	0	0	0	0	0	1	0	0	0	0	0	0	0	0	0	0	0	1	0	0	0	0	0	0	0	0	0	0	0	0	0	0	0	0	0	0	0	0	0	0	1	0	0	0	1	0	0	0	0	0	0	0	0	0	0	0	0	0	1	0	0	0	0	0	0	0	0	0	0	0	0	0	0	0	0	0	0	0	0	0	0	0	0	0	0	0	0	0	0	0	0	0	0	0	0	0	0	0
468	1503	325	810	275	36	963	8	180	8	181	66	1	25	72	3	33	2	10	1	11	79	60	18	35	15	5	16	17	3	3	1	4	9	11	8	1	6	1	5	21	1	16	3	14	7	36	0	2	2	2	2	15	1	33	11	10	2	12	7	0	4	1	0	12	30	18	5	6	12	1	1	9	29	3	0	6	0	12	2	1	14	3	3	2	0	7	9	9	1	3	1	6	2	2	0	2	1	4	0	5	0	4	1	1	1	6	0	1	2	0	2	3	7	6	0	5	0	1	3	0	0	14	6	1	7	0	0	2	0	0	0	1	1	3	2	0	3	0	0	0	0	1	2	1	0	0	3	1	2	0	1	0	0
852	2614	555	1285	503	81	1622	21	282	11	325	106	2	60	109	4	33	1	28	8	19	135	76	26	78	24	17	23	24	9	2	5	19	6	20	35	2	12	2	10	47	9	27	4	15	23	52	0	2	1	1	1	32	0	53	8	13	0	8	3	1	10	1	0	14	46	23	9	9	12	4	3	28	43	11	3	13	5	23	13	1	11	14	4	2	2	13	9	7	2	2	1	4	0	4	5	1	7	7	1	6	1	4	2	1	4	5	2	1	4	0	3	5	7	6	1	1	2	1	2	0	2	18	5	1	7	0	0	2	2	1	2	0	3	3	6	0	3	3	2	1	8	0	9	3	0	0	2	0	2	4	3	0	0
6	43	10	16	10	0	31	0	6	0	1	2	0	3	1	0	0	0	1	0	0	2	2	0	0	2	0	0	0	0	0	0	1	0	0	0	0	0	0	0	2	0	0	0	1	1	2	0	0	0	0	0	0	0	0	0	0	0	0	0	0	0	0	0	0	0	0	0	0	0	0	0	2	1	0	0	0	0	0	1	0	1	1	0	0	0	0	0	0	0	0	0	0	0	1	0	0	0	0	0	0	0	0	0	0	0	0	0	0	0	0	0	0	0	0	0	0	0	0	0	0	0	0	0	0	0	0	0	0	0	0	0	0	0	0	0	0	0	0	0	0	0	0	0	0	0	0	0	0	0	0	0	0	0
32	131	25	78	22	4	82	0	18	0	17	6	0	0	11	1	2	0	2	0	1	5	3	2	3	2	0	0	3	0	0	0	0	0	0	3	0	0	0	0	3	0	1	1	0	2	1	0	0	0	0	0	2	0	3	0	0	0	2	0	0	0	0	0	1	2	4	0	0	1	0	0	1	4	1	0	1	0	1	0	0	1	0	0	0	0	1	1	0	0	1	0	0	0	0	0	0	0	0	0	0	0	0	0	0	0	0	0	0	0	0	2	0	0	0	0	0	0	0	0	0	0	1	0	0	0	0	0	0	0	0	0	0	0	0	0	0	0	1	0	0	0	0	0	0	0	1	0	0	0	1	0	0	0
2	11	1	5	2	0	4	0	0	0	1	1	0	0	1	0	0	0	0	0	0	1	0	0	1	0	0	0	0	0	0	0	0	0	0	0	0	0	0	0	0	0	0	0	0	0	0	0	0	0	0	0	0	0	0	0	0	0	0	0	0	0	0	0	0	0	1	1	0	0	0	0	1	0	0	0	0	0	0	0	0	0	0	0	0	0	0	0	0	0	0	0	0	0	0	0	0	0	0	0	0	0	0	0	0	0	0	0	0	0	0	0	0	0	0	0	0	0	0	0	0	0	1	0	0	0	0	0	0	0	0	0	0	0	0	0	0	0	0	0	0	0	0	0	0	0	0	0	0	0	0	0	0	0
106	309	72	173	54	6	207	1	31	1	36	13	0	11	16	1	4	0	5	0	4	22	16	5	8	2	4	1	5	2	0	0	1	3	0	3	1	1	1	1	4	0	4	3	3	6	8	0	0	3	0	1	3	0	6	3	1	0	1	0	0	1	0	0	1	6	3	1	0	0	0	1	2	6	1	0	1	0	0	1	1	3	2	0	1	0	2	0	2	0	1	0	2	0	0	0	0	1	1	0	1	1	0	0	0	0	0	1	0	0	0	1	0	0	0	0	0	0	0	0	0	0	3	0	0	2	0	0	0	0	0	1	0	0	0	1	0	1	0	1	0	0	0	2	0	0	1	0	0	1	0	0	0	0
66	233	41	123	39	3	167	1	28	0	33	19	2	6	11	0	3	1	2	1	1	16	11	3	6	3	1	2	2	0	0	0	3	0	2	3	0	1	0	0	3	0	3	1	4	2	5	0	0	0	0	0	4	0	2	2	1	0	1	1	0	1	0	0	0	3	3	2	3	3	0	0	3	3	2	1	2	0	3	0	0	1	0	0	0	1	1	1	1	0	0	0	2	0	0	0	0	0	1	0	2	0	2	0	1	0	3	1	0	0	0	0	0	1	1	0	0	0	0	1	0	0	4	1	0	0	0	0	0	0	0	1	0	0	0	0	0	0	0	1	0	2	1	0	0	0	0	0	1	1	0	0	0	0
53	155	37	68	30	4	101	1	12	0	18	4	0	3	10	1	3	0	3	1	1	8	11	1	2	0	0	0	3	2	1	0	1	1	2	1	0	0	0	0	3	0	3	3	2	3	3	0	0	1	1	0	3	0	4	0	1	0	1	2	0	0	0	0	2	0	1	1	1	1	0	0	2	1	2	0	3	0	3	1	0	3	0	0	1	0	3	0	0	1	1	0	0	0	1	0	0	2	1	0	1	0	0	0	0	1	0	0	0	0	0	0	0	0	0	0	0	0	0	1	0	0	0	0	0	1	0	0	0	0	0	1	0	0	0	0	0	0	0	0	0	0	0	0	1	0	0	0	1	0	0	0	0	0
55	164	46	71	29	7	98	0	15	0	17	4	0	2	8	1	2	0	0	0	1	6	8	2	4	1	1	0	0	0	0	0	2	0	0	6	1	2	0	1	0	0	0	0	1	1	2	0	0	0	1	0	3	0	2	2	0	0	0	0	0	0	0	0	0	1	1	1	0	0	1	0	3	3	0	0	1	0	0	0	0	1	0	0	2	0	0	0	0	0	1	1	0	0	0	0	0	0	0	0	0	0	0	1	0	0	0	1	0	0	0	0	0	1	0	0	0	0	0	0	0	0	3	0	0	1	0	0	0	0	0	0	0	0	0	0	0	0	0	0	0	0	0	0	1	0	0	0	0	0	0	0	0	0
80	264	63	129	62	5	174	3	38	1	37	9	0	8	13	1	3	1	4	0	4	18	10	6	7	2	1	1	2	1	0	0	0	1	3	3	0	2	0	1	3	1	4	1	0	2	8	0	1	0	0	0	6	0	3	0	1	1	0	0	0	1	0	0	0	2	1	0	1	2	0	0	3	6	4	0	0	0	2	1	0	3	1	0	1	0	0	0	1	1	0	1	0	1	1	1	0	0	2	0	1	0	1	0	1	1	0	0	0	0	0	1	0	1	0	0	0	0	0	0	0	0	3	2	0	1	0	0	0	0	0	0	0	1	0	0	0	0	0	0	0	0	0	1	1	0	0	0	0	0	0	2	0	0
98	290	57	155	64	6	188	7	31	3	35	9	0	8	14	0	4	1	7	0	3	17	10	6	7	6	2	2	6	2	0	0	2	1	1	3	0	1	1	1	8	3	1	2	1	3	7	0	0	0	0	0	4	0	6	0	2	0	1	1	0	2	1	0	0	3	5	1	2	1	0	0	0	4	1	0	1	0	1	1	0	3	3	0	1	0	0	1	4	0	1	0	2	0	1	0	0	2	1	0	0	0	0	1	0	0	1	0	0	1	0	1	0	0	2	0	0	0	1	0	0	0	3	1	0	1	1	0	0	0	0	0	0	1	0	0	0	0	0	0	0	0	0	1	0	0	0	0	0	0	1	0	0	1
95	308	61	169	52	8	176	1	32	2	54	8	0	9	9	0	5	1	1	1	0	22	8	5	7	0	4	2	1	0	0	1	2	0	4	6	0	1	1	0	7	1	3	1	2	3	10	0	1	0	0	0	4	0	6	0	4	0	2	2	0	0	0	0	2	1	4	0	0	2	0	0	0	6	3	0	4	0	2	0	0	3	2	2	0	1	0	2	0	0	1	0	0	0	0	1	0	0	0	1	0	0	4	0	0	0	2	1	0	0	0	1	0	1	1	0	0	0	0	1	1	0	4	2	0	1	0	0	1	0	1	0	0	0	1	1	0	2	0	0	1	1	2	0	0	0	0	0	0	0	0	1	0	1
55	135	20	74	24	2	96	2	18	2	19	3	0	4	4	1	2	0	2	0	0	4	3	4	4	1	5	1	0	0	0	0	1	0	1	1	0	0	0	0	1	0	1	0	0	0	2	0	0	0	0	0	4	0	3	1	0	0	1	0	0	0	0	0	0	7	1	1	0	1	0	0	2	5	1	0	1	0	0	0	0	1	0	2	0	1	0	0	1	0	0	0	1	0	3	0	0	0	1	0	1	0	0	0	0	0	0	0	0	0	0	0	0	0	1	0	0	0	1	2	0	0	3	0	0	2	0	0	0	0	0	0	0	0	0	0	0	0	1	1	0	0	0	0	0	0	0	0	0	0	0	0	0	0
22	83	22	31	18	3	39	0	8	1	11	3	0	4	3	0	2	0	0	0	0	4	1	1	1	0	0	0	2	0	0	0	1	0	1	0	0	0	0	0	2	0	1	0	0	2	0	0	0	0	0	0	1	0	1	0	0	0	0	0	0	0	0	0	0	0	0	0	0	0	0	0	1	3	0	0	1	0	0	0	0	2	0	0	0	0	0	0	0	0	0	0	1	0	0	0	0	0	0	0	1	1	0	0	0	0	1	0	0	0	0	0	0	0	0	0	0	0	0	1	0	0	0	0	0	0	0	0	0	0	0	0	0	0	0	0	0	0	0	0	0	1	0	0	0	0	0	0	0	0	0	0	0	0
8	10	3	2	1	0	7	0	0	0	0	0	0	0	1	0	0	0	0	0	0	1	1	0	0	0	0	0	0	0	0	0	0	0	0	0	0	0	0	0	2	0	0	0	0	0	0	0	0	0	0	0	0	0	0	0	0	0	0	0	0	0	0	0	0	0	0	0	0	0	0	0	0	0	0	0	0	0	1	0	0	0	0	0	0	0	0	0	0	0	0	0	0	0	0	0	0	1	0	0	0	0	0	0	0	0	0	0	0	0	0	0	0	0	0	0	0	0	1	0	0	0	0	0	0	0	0	0	0	0	0	0	0	0	0	0	0	0	0	0	0	0	0	0	0	0	0	0	0	0	0	0	0	0
152	457	87	246	93	15	334	1	44	1	61	14	1	9	22	1	9	0	1	1	2	23	23	6	5	4	3	2	6	1	0	0	0	3	5	5	1	2	0	1	4	1	5	1	5	6	11	0	1	0	0	1	6	1	7	2	3	0	3	2	0	1	0	0	1	13	1	2	2	3	0	0	3	5	2	0	5	1	8	2	0	3	0	0	1	0	1	4	4	1	1	0	0	0	0	0	0	0	3	0	2	1	1	1	0	0	4	0	0	1	0	0	0	3	0	0	0	0	1	0	0	0	10	1	0	0	0	0	1	1	0	0	0	0	0	0	0	0	0	0	0	1	0	0	0	0	0	0	0	0	0	0	0	0
9	39	6	25	7	2	38	0	5	0	6	2	0	2	1	0	2	1	0	0	0	4	1	0	1	1	0	1	1	0	0	0	0	0	1	0	0	0	0	0	1	0	0	0	0	1	1	0	0	0	0	0	0	0	2	0	0	0	0	0	0	0	0	0	0	2	1	0	2	0	0	0	0	1	0	0	0	0	0	0	0	0	1	1	0	0	0	0	0	0	0	0	0	0	0	0	0	0	2	0	0	0	0	0	0	0	0	0	0	0	0	1	0	0	0	0	0	0	0	1	0	0	0	0	0	0	0	0	0	0	0	0	0	0	0	0	0	0	0	0	0	0	0	0	0	0	0	0	0	0	0	0	0	0
16	52	10	27	6	2	29	0	9	0	8	2	0	0	5	0	1	0	0	0	0	1	3	0	4	0	0	0	1	0	0	0	0	0	0	0	0	0	0	0	1	0	1	0	0	2	3	0	0	0	0	0	0	0	3	0	0	0	1	0	0	0	0	0	0	0	0	0	0	0	0	0	0	2	1	0	0	0	0	0	0	1	0	0	0	0	0	0	0	0	0	0	1	0	0	0	0	0	0	0	0	0	1	0	0	0	0	1	0	0	0	0	0	0	0	0	0	0	0	0	0	0	0	0	0	0	0	0	0	0	0	0	0	0	0	0	0	0	0	0	0	0	0	0	0	0	0	0	0	0	0	0	0	0
266	802	171	367	135	21	451	5	86	2	94	42	0	11	34	2	15	1	7	2	4	44	26	13	20	6	6	5	7	1	2	3	5	5	4	8	3	4	0	3	12	0	9	1	10	2	20	0	0	2	0	1	12	0	12	3	5	0	0	4	0	2	0	0	2	11	12	3	3	8	0	1	3	22	5	0	2	0	7	0	1	7	1	2	0	1	1	3	4	1	1	1	6	1	0	0	0	1	3	0	3	2	2	1	0	0	1	0	0	1	0	2	0	3	1	1	1	0	2	0	0	0	3	0	1	2	0	0	0	0	1	0	0	1	0	0	0	2	1	4	0	1	0	3	0	0	0	0	0	0	0	1	0	0
19	77	13	41	13	2	43	1	7	0	13	4	0	4	5	0	2	0	1	0	0	3	2	3	2	1	1	0	0	0	0	0	0	0	0	3	0	0	0	1	1	0	1	0	0	0	1	0	0	0	0	0	1	0	1	0	0	0	0	1	0	0	0	0	1	0	2	0	0	0	0	0	0	2	0	0	1	0	3	0	0	1	1	0	0	1	0	0	0	0	0	0	0	0	0	0	0	0	0	0	0	0	1	0	0	0	0	1	0	0	0	0	0	0	0	0	0	0	0	0	0	0	0	0	0	0	0	0	1	0	0	0	0	0	0	0	0	0	0	0	0	0	0	0	0	0	0	0	0	0	0	0	0	0
48	110	27	63	21	0	67	2	7	0	11	3	0	2	4	1	0	0	1	1	1	9	3	1	3	1	0	0	3	0	0	1	1	0	0	3	0	0	0	0	2	0	0	1	0	0	2	0	0	0	0	0	2	0	3	0	0	0	0	0	0	0	0	0	0	1	1	0	0	1	1	1	1	0	2	0	0	0	0	0	0	0	0	0	0	0	0	0	1	0	0	0	0	0	1	0	0	0	0	0	0	0	0	0	0	0	1	0	0	0	0	1	1	0	0	0	0	1	0	0	0	0	2	0	0	0	0	0	0	0	0	1	0	0	0	0	0	0	0	1	0	0	0	1	0	0	0	1	0	0	0	0	0	0
1	7	1	2	1	0	2	0	0	0	1	0	0	0	0	0	0	0	0	0	0	0	0	0	0	1	0	0	0	0	0	0	0	0	0	0	0	0	0	0	0	0	0	0	0	1	0	0	0	0	0	0	0	0	0	0	0	0	0	0	0	0	0	0	0	0	0	0	0	0	0	0	0	0	0	0	0	0	0	0	0	0	0	0	0	0	0	0	0	0	0	0	0	0	0	0	0	0	0	0	0	0	0	0	0	0	0	0	0	0	0	0	0	0	0	0	0	0	0	0	0	0	0	0	0	0	0	0	0	0	0	0	0	0	0	0	0	0	0	0	0	0	0	0	0	0	0	0	0	0	0	0	0	0
13	25	6	22	12	0	21	0	5	0	4	2	0	0	2	1	0	0	0	0	1	1	0	0	1	0	0	0	0	0	0	0	0	0	0	0	0	0	0	1	0	0	0	0	0	0	0	0	0	0	0	0	0	0	0	0	0	0	0	0	0	0	0	0	0	0	1	1	0	0	0	0	0	1	0	0	0	0	0	0	0	0	0	0	0	0	1	0	0	0	0	0	0	0	0	0	0	0	0	0	0	0	0	0	0	0	0	1	0	0	0	0	0	0	0	0	0	0	0	0	0	0	0	0	0	0	0	0	0	0	0	0	0	1	0	0	0	0	0	0	0	0	0	0	0	0	0	0	0	0	0	0	0	1
10	22	7	9	3	2	10	0	6	0	7	0	0	0	0	0	1	0	1	0	0	3	0	0	0	0	0	0	0	0	0	0	0	0	0	0	0	0	0	0	0	0	1	0	0	0	2	0	0	0	0	0	0	0	0	0	0	0	0	0	0	0	0	0	0	0	0	0	0	0	0	0	0	0	0	0	0	0	0	0	0	0	0	0	0	0	0	0	0	0	0	0	0	0	0	0	1	0	0	0	0	0	0	0	0	0	0	0	0	0	0	0	0	0	0	0	0	0	0	0	0	0	0	0	0	0	0	0	0	0	0	0	0	0	0	0	0	0	0	0	0	0	0	0	0	0	0	0	0	0	0	0	0	0
17	54	13	16	12	3	39	0	4	0	11	1	0	1	3	0	5	0	0	0	0	5	3	1	3	0	0	0	1	0	0	0	0	0	0	1	0	0	0	0	0	0	0	0	0	2	3	0	1	0	0	0	0	0	0	0	1	0	0	1	0	0	0	0	0	1	0	0	1	0	0	0	0	0	1	0	1	0	1	0	0	1	1	0	0	0	0	0	0	0	0	0	0	0	0	0	0	0	0	0	0	0	0	0	0	0	0	0	0	0	0	0	0	1	0	0	0	0	0	0	0	0	0	0	0	0	0	0	0	0	0	0	0	0	0	0	0	0	0	0	0	1	0	0	0	0	0	0	0	0	0	0	0	0
141	433	81	210	97	8	299	4	44	2	47	11	0	13	17	2	12	0	3	0	1	27	10	6	10	5	0	6	5	1	0	0	2	1	4	4	2	1	0	5	8	0	1	0	3	3	9	0	1	0	1	0	8	0	5	6	4	1	2	2	0	1	0	0	3	12	8	2	0	2	0	1	5	10	3	1	4	1	6	0	0	3	4	0	0	0	1	1	3	0	0	0	1	0	1	0	2	1	1	0	1	0	1	2	0	0	3	0	0	0	0	1	2	1	1	1	0	0	0	3	0	0	4	0	0	0	0	0	1	0	0	0	0	0	1	0	0	0	0	0	1	2	1	0	0	0	0	0	1	0	0	0	0	0
26	64	7	20	12	1	39	1	5	0	4	1	0	1	3	0	0	0	0	1	0	2	1	0	0	0	0	0	0	0	0	0	0	0	1	1	0	0	0	1	1	0	1	0	0	1	2	0	0	0	0	0	0	0	0	0	1	0	0	0	0	1	0	0	0	3	0	1	0	0	0	0	0	0	0	0	0	0	1	0	0	1	0	0	0	0	0	0	0	0	0	0	0	0	0	0	0	0	0	0	1	0	0	0	0	0	0	0	0	0	0	0	0	0	0	0	0	0	0	0	0	0	1	0	0	0	0	0	0	0	0	0	0	0	0	0	0	0	0	0	0	0	0	0	0	0	0	0	0	0	0	0	0	0
57	184	42	98	27	7	119	0	27	0	31	3	1	4	1	0	2	0	4	0	2	9	6	3	8	2	1	1	2	0	0	0	1	0	3	2	0	0	0	0	3	0	2	1	2	1	2	0	0	1	0	0	4	0	2	1	0	0	2	0	0	1	0	0	1	6	2	2	0	1	1	0	2	3	1	1	1	0	2	1	0	1	2	1	1	0	0	1	1	0	1	0	0	0	0	0	0	0	1	0	0	0	0	0	0	0	1	0	0	0	0	2	1	0	0	0	0	0	0	2	0	0	3	0	0	0	0	0	0	0	0	0	0	0	0	0	0	0	1	0	0	0	0	1	0	0	0	0	0	0	0	1	0	0
29	74	15	52	23	0	51	0	12	0	13	4	1	2	2	1	1	0	0	0	0	3	6	0	6	0	0	0	0	0	0	0	0	0	0	3	0	0	0	0	1	1	0	1	1	0	1	0	1	0	0	0	0	0	1	0	1	0	0	0	0	0	0	0	0	0	0	0	0	0	0	0	0	1	1	0	0	0	1	0	0	2	1	0	0	1	0	0	1	0	1	0	0	0	0	0	0	0	0	0	0	0	0	0	0	0	0	1	0	0	0	0	0	0	0	0	0	0	1	0	0	0	0	0	0	1	0	0	0	0	0	0	0	0	0	0	0	1	0	0	0	0	0	0	0	0	0	0	0	0	0	0	0	0
35	79	16	49	17	5	61	1	3	0	18	3	0	6	2	1	0	0	2	0	0	8	3	2	4	1	0	2	2	0	0	0	0	1	2	1	1	1	0	1	3	0	1	1	2	2	1	0	0	1	0	0	0	0	2	1	0	0	0	0	0	0	1	0	0	1	1	0	1	0	0	0	1	2	0	0	0	0	2	0	0	0	0	0	0	1	0	1	1	0	0	0	2	0	0	0	0	0	1	0	0	1	0	0	0	0	0	0	0	0	0	1	0	0	0	0	0	0	0	0	0	0	2	1	0	0	0	0	0	0	0	0	0	0	0	0	0	1	1	0	0	0	0	0	1	0	0	0	0	1	0	1	0	0
6	21	9	14	4	1	12	0	2	1	3	0	0	0	1	0	0	0	0	0	0	1	2	1	1	1	0	0	0	0	0	0	0	0	1	0	0	0	0	0	1	0	0	0	0	0	1	0	0	0	0	0	0	0	0	0	0	0	0	0	0	0	0	0	1	0	0	0	0	0	0	0	0	1	0	0	0	0	0	0	0	0	0	0	0	0	0	0	0	0	0	0	0	0	0	0	0	0	0	0	0	0	0	0	0	0	0	0	0	0	0	0	0	0	0	0	0	0	0	0	0	0	0	0	0	0	0	0	0	0	0	0	0	0	0	0	0	0	0	0	0	0	0	0	0	0	0	0	0	0	0	0	0	0
30	92	9	44	14	2	43	0	12	0	23	4	1	3	3	0	2	2	0	0	1	4	3	0	2	1	0	0	1	0	0	0	1	0	2	2	0	0	0	0	1	0	0	2	0	1	2	0	0	0	0	1	1	0	1	0	1	0	0	0	0	0	0	0	0	2	1	0	1	0	0	0	1	0	1	0	0	0	0	0	1	0	0	0	0	0	1	1	0	0	0	0	0	0	0	0	0	0	0	0	1	0	1	0	0	1	0	0	0	0	0	0	0	0	0	0	0	0	0	0	0	0	0	0	0	0	0	0	0	0	0	0	0	0	0	0	0	0	0	0	0	1	0	0	0	0	0	0	0	0	0	0	0	0
10	18	3	19	6	0	16	1	1	0	8	2	0	1	2	0	1	0	0	0	0	3	3	0	0	1	1	0	1	0	0	0	1	0	0	1	0	1	1	0	1	0	0	0	0	1	1	0	0	0	0	0	0	0	1	0	1	0	0	0	0	0	0	0	0	0	2	0	0	1	0	0	0	0	0	0	0	0	0	0	0	1	0	0	0	0	0	0	0	0	0	0	0	1	0	0	0	0	0	0	0	0	0	0	0	0	1	0	0	0	0	0	0	0	0	0	0	0	0	0	0	0	0	0	0	0	0	0	0	0	0	0	0	0	0	0	0	0	0	0	0	0	0	0	0	0	0	0	0	0	0	0	0	0
6	24	6	16	3	0	20	0	0	1	1	0	0	0	1	0	0	0	0	0	0	1	0	0	0	1	0	1	1	0	0	0	0	0	0	0	0	1	1	0	0	0	0	0	1	0	0	0	1	0	0	0	0	0	0	0	0	0	0	0	0	0	0	0	0	0	1	0	0	0	0	0	1	0	0	0	1	0	1	0	0	1	0	1	0	0	0	0	0	0	0	0	0	0	1	0	0	0	0	0	0	0	0	0	0	1	0	0	0	0	0	0	0	0	0	0	0	0	0	0	0	0	0	0	0	0	0	0	0	0	0	0	0	0	0	0	0	0	0	0	0	0	0	0	0	0	0	0	1	0	0	0	0	0
48	176	27	100	33	2	112	0	7	0	21	6	0	3	9	1	4	0	1	0	0	10	7	3	4	2	3	0	2	3	0	0	1	1	1	2	0	1	1	1	2	0	3	0	1	2	5	0	0	0	1	0	1	0	4	0	0	0	0	0	0	1	0	0	1	3	2	0	0	0	0	0	0	2	1	0	2	0	0	0	0	1	2	0	1	1	0	1	0	0	1	0	0	0	0	0	0	0	0	0	0	0	1	0	0	0	1	0	0	0	0	0	0	1	0	0	0	0	0	0	0	0	2	0	0	0	0	0	0	0	0	0	0	0	0	0	0	1	0	0	0	0	0	2	0	0	1	0	0	1	1	2	0	0
128	387	82	179	64	7	256	3	42	2	51	15	0	4	18	1	4	0	6	0	3	22	19	7	12	4	4	0	2	1	1	0	3	3	5	6	2	1	0	0	3	0	1	1	0	1	8	0	1	0	2	1	2	0	13	1	0	0	1	0	0	0	1	0	4	5	1	2	4	4	0	0	4	10	5	0	1	0	6	3	0	0	3	0	0	0	0	3	1	0	1	0	1	0	1	0	0	0	2	0	0	0	0	0	0	0	1	1	0	1	0	1	1	1	2	0	0	1	1	0	0	1	3	0	0	1	0	0	0	0	0	0	0	0	0	0	0	0	0	0	0	0	0	1	0	0	0	0	0	0	0	0	0	0
27	79	20	59	11	2	60	1	9	0	15	4	0	0	5	0	1	0	2	0	1	4	5	1	2	1	0	0	0	0	0	0	1	0	1	1	1	2	1	0	1	0	0	0	1	1	2	0	0	0	0	0	1	0	2	0	2	0	1	0	0	0	0	0	2	1	1	1	0	0	0	0	0	1	1	0	1	0	2	0	0	0	1	0	0	0	0	0	0	0	0	0	0	0	0	0	0	0	0	0	1	0	0	0	1	0	0	0	0	0	0	0	1	0	0	0	0	0	0	0	0	0	0	0	0	0	0	0	1	0	0	0	0	0	0	0	0	0	0	0	0	1	1	0	0	1	0	0	0	0	0	0	0	0
3	18	4	9	5	2	9	0	2	0	1	0	0	0	0	0	0	0	0	0	0	1	0	0	0	0	0	0	1	0	0	0	0	0	0	0	0	0	0	0	0	0	0	0	0	0	1	0	0	0	0	0	0	0	0	0	0	0	0	0	0	0	0	0	0	0	0	0	0	0	0	0	0	0	0	0	0	0	0	0	0	0	0	0	0	0	0	0	0	0	0	0	0	0	0	0	0	0	0	0	0	0	0	0	0	0	0	0	0	0	0	0	0	0	0	0	0	0	0	0	0	0	1	0	0	0	0	0	0	0	0	0	0	0	0	0	0	0	0	0	0	0	0	0	0	0	0	0	0	0	0	0	0	0
0	3	0	0	0	0	0	0	0	0	1	0	0	0	0	0	0	0	0	0	0	0	0	0	1	0	0	0	0	0	0	0	0	0	0	0	0	0	0	0	0	0	0	1	0	0	0	0	0	0	0	0	0	0	0	0	0	0	0	0	0	0	0	0	0	0	0	0	0	0	0	0	0	0	0	0	0	0	0	0	0	0	0	0	0	0	0	0	0	0	0	0	0	0	0	0	0	0	0	0	0	0	0	0	0	0	0	0	0	0	0	0	0	0	0	0	0	0	0	0	0	0	0	0	0	0	0	0	0	0	0	0	0	0	0	0	0	0	0	0	0	0	0	0	0	0	0	0	0	0	0	0	0	0
75	222	42	121	38	8	120	1	22	1	28	11	0	4	7	0	2	0	1	1	2	11	4	1	3	1	1	3	1	0	0	0	1	0	3	3	0	3	0	1	5	1	2	0	1	2	4	0	0	0	0	0	4	0	5	0	1	0	2	0	0	2	0	0	1	3	1	3	1	3	0	0	2	2	0	2	0	0	1	1	0	1	1	0	0	0	1	0	2	0	0	0	0	0	0	1	0	1	0	0	2	0	1	0	0	0	4	2	0	0	0	0	0	1	1	0	0	0	0	0	0	0	0	0	0	0	0	0	0	0	0	0	0	0	0	0	0	1	0	0	0	1	0	0	0	0	0	0	1	0	0	0	0	1
4	8	2	4	2	1	5	0	0	0	1	0	0	0	3	0	1	0	0	0	0	0	1	0	1	0	1	0	0	0	0	0	0	0	0	0	0	0	0	0	0	0	0	0	0	0	0	0	0	0	0	0	0	0	0	0	0	0	1	0	0	0	0	0	0	0	1	0	0	1	0	0	0	0	0	0	0	0	0	0	0	0	0	0	0	0	0	0	0	0	0	0	0	0	0	0	0	0	0	0	0	0	0	0	0	0	0	0	0	0	0	0	0	1	0	0	0	0	0	0	0	0	0	0	0	0	0	0	0	0	0	0	0	0	0	0	0	0	0	0	0	0	0	0	0	0	0	0	0	0	0	0	0	0
41	142	24	77	32	3	102	0	8	0	16	5	0	1	9	0	2	0	2	0	1	8	5	3	3	2	1	3	2	0	0	0	2	0	1	2	0	2	1	0	0	0	1	0	0	3	1	0	0	0	1	0	1	0	5	1	0	0	0	1	0	0	0	0	0	6	0	0	0	0	0	0	2	1	2	0	0	0	1	1	0	1	0	0	1	0	1	1	1	0	1	0	0	0	0	0	0	0	0	0	0	0	0	1	0	0	0	0	0	0	0	0	0	1	0	0	0	0	0	0	0	0	1	0	0	0	0	0	1	0	0	0	0	0	0	0	0	0	0	0	0	0	0	0	0	0	0	0	0	0	0	1	0	0
28	90	15	47	19	4	62	0	12	0	17	6	0	1	4	0	1	1	1	0	0	6	4	1	5	0	0	1	1	0	0	0	0	1	1	0	0	0	0	0	2	0	1	1	0	1	2	0	0	0	0	1	1	0	0	1	0	0	1	0	0	1	0	0	0	1	1	0	0	2	0	0	2	3	0	1	0	1	1	0	0	0	0	1	0	0	0	1	1	0	0	0	0	0	0	0	0	0	0	0	1	0	0	0	0	1	0	1	0	0	0	0	0	1	0	0	0	0	0	0	0	0	2	0	0	0	0	0	0	0	0	0	0	0	1	0	0	0	0	0	1	1	0	0	0	0	0	1	0	2	0	0	0	0
13	57	13	21	11	2	29	1	6	0	8	1	0	4	5	0	1	0	1	0	0	1	3	0	0	0	0	0	1	0	0	0	0	0	0	0	0	0	0	0	1	0	0	0	0	0	0	0	0	0	0	0	1	0	0	2	0	0	0	0	0	0	0	0	2	1	0	1	0	0	0	0	0	0	1	0	1	0	0	0	0	1	0	0	0	0	0	0	0	0	0	0	1	0	0	0	0	0	0	0	0	0	0	0	0	0	1	0	0	0	0	0	0	0	0	0	0	0	0	0	0	0	0	0	0	1	0	0	0	0	0	0	0	0	0	0	0	0	0	0	0	0	0	0	0	0	0	0	0	0	0	0	0	0
67	181	38	101	27	8	145	0	17	2	32	6	0	5	4	2	2	0	3	0	2	12	4	2	5	0	1	3	4	1	0	1	2	0	1	0	0	1	0	1	0	3	1	1	4	1	6	0	1	1	0	0	0	0	2	2	4	0	0	1	0	0	0	0	0	4	2	0	1	0	0	0	0	2	0	1	1	0	2	0	0	0	0	0	0	2	0	0	1	0	0	1	0	0	0	0	0	0	0	0	3	0	2	0	0	0	0	0	0	0	0	1	1	1	0	0	0	0	1	1	1	0	1	1	0	0	0	0	0	0	0	0	0	0	1	0	0	0	0	1	0	2	0	0	1	0	0	0	0	1	0	0	0	0
66	193	34	106	33	3	112	1	19	1	25	4	0	4	7	1	4	0	2	1	1	12	13	2	5	5	0	2	5	0	0	0	0	2	2	5	1	1	0	0	4	0	1	0	2	1	6	0	0	1	0	0	1	0	1	1	2	0	1	1	0	2	0	0	1	2	3	1	0	0	0	0	0	2	1	0	0	0	1	0	0	2	0	0	1	0	1	0	2	0	0	1	0	0	0	0	0	0	2	0	0	0	1	0	0	0	0	0	0	0	0	0	0	0	0	1	0	0	0	0	0	0	2	0	0	0	0	0	0	0	0	0	0	0	1	0	0	0	0	0	0	1	0	0	1	0	0	0	0	0	0	1	0	0
27	106	16	50	26	2	57	0	8	1	5	5	0	2	5	0	1	0	1	0	0	2	8	1	2	1	0	0	1	0	0	0	0	1	0	0	0	1	0	0	4	0	4	0	4	2	2	0	0	0	0	0	1	0	2	0	1	0	0	1	0	0	0	0	0	0	2	1	0	0	0	0	1	1	0	0	1	0	0	0	1	2	1	0	1	0	0	1	0	0	0	0	0	0	0	0	0	0	0	0	1	0	0	0	0	0	0	0	0	0	0	0	0	0	0	0	0	0	0	0	0	0	2	0	0	0	0	0	0	0	0	0	0	1	0	0	0	0	0	1	0	0	0	0	1	0	0	0	0	0	0	0	0	0
12	29	12	25	10	0	26	0	5	0	4	1	0	1	2	0	0	0	0	0	0	2	0	0	2	0	0	0	0	0	0	0	1	1	0	0	0	0	0	0	1	0	1	0	0	0	0	0	0	0	0	0	0	0	1	0	0	0	0	0	0	0	0	0	1	0	0	1	1	0	0	0	1	2	0	0	1	0	0	0	0	0	0	0	0	0	1	0	0	0	0	0	0	0	0	0	0	0	0	0	0	0	0	0	0	0	0	0	0	0	0	0	0	0	0	0	0	0	0	0	0	0	0	0	0	0	0	0	0	0	0	0	0	0	0	0	0	0	0	0	0	1	0	0	0	0	0	0	0	0	1	0	0	0
5	17	4	8	2	0	9	0	2	0	3	0	0	1	1	0	0	0	2	0	0	1	0	0	0	1	1	0	0	0	0	0	0	0	0	0	0	0	0	0	0	0	0	0	0	1	0	0	0	0	0	0	1	0	0	0	1	0	0	0	0	0	0	0	1	0	1	0	0	0	0	0	0	0	0	0	0	0	0	0	0	1	0	0	0	0	0	0	0	0	0	0	0	0	0	0	0	0	0	0	0	0	0	0	0	0	1	0	0	0	0	0	0	1	0	0	0	0	0	0	0	0	1	0	0	0	0	0	0	0	0	0	0	0	0	0	0	0	0	0	0	1	0	0	0	0	0	0	0	0	0	0	0	0
11	28	4	19	3	2	16	1	3	0	2	1	0	2	1	0	0	0	0	0	0	0	0	0	0	0	0	0	0	0	0	0	0	0	0	0	0	0	0	0	0	0	1	0	0	1	0	0	0	0	0	0	0	0	0	0	0	0	0	0	0	0	0	0	0	2	0	0	0	0	0	0	0	0	1	0	0	0	0	0	0	0	0	0	0	0	0	0	0	0	0	0	0	0	0	0	0	0	0	0	0	0	0	0	0	0	0	0	0	0	0	0	0	0	0	0	0	0	0	1	0	0	0	0	0	0	0	0	0	0	0	0	0	0	0	0	0	0	0	0	0	0	0	0	0	0	0	0	0	0	0	0	0	0
52	156	31	81	28	2	97	1	13	1	24	7	0	3	9	0	6	1	6	0	1	5	1	0	1	0	0	1	3	0	0	0	1	0	1	2	0	0	0	0	2	1	1	0	1	3	7	0	0	0	0	0	2	0	1	1	1	0	2	0	0	1	0	0	1	3	1	2	0	1	0	0	2	5	1	0	0	0	0	1	0	0	0	0	0	0	0	1	2	0	0	0	0	0	1	0	0	0	0	0	0	1	0	0	0	0	0	0	0	0	0	0	0	1	0	0	0	0	2	0	0	1	5	0	0	0	0	0	0	0	0	0	0	0	0	0	0	0	0	1	0	0	0	0	0	0	0	0	0	0	0	0	0	0
0	1	1	1	0	0	0	0	0	0	0	0	0	0	0	0	0	0	0	0	0	1	0	0	0	0	0	0	0	0	0	0	0	0	0	0	0	0	0	0	0	0	0	0	0	0	0	0	0	0	0	0	0	0	0	0	0	0	0	0	0	0	0	0	0	0	0	0	0	0	0	0	0	0	0	0	0	0	0	0	0	0	0	0	0	0	0	0	0	0	0	0	0	0	0	0	0	0	0	0	0	0	0	0	0	0	0	0	0	0	0	0	0	0	0	0	0	0	0	0	0	0	0	0	0	0	0	0	0	0	0	0	0	0	0	0	0	0	0	0	0	0	0	0	0	0	0	0	0	0	0	0	0	0
4	0	2	9	1	0	5	0	1	0	0	0	0	0	0	0	0	0	0	0	0	0	0	0	0	0	0	0	1	0	0	0	0	0	0	0	0	0	0	0	0	0	0	0	0	0	1	0	0	0	0	0	1	0	0	0	0	0	0	0	0	0	0	0	1	0	0	0	0	0	0	0	0	0	0	0	0	0	0	0	0	0	0	0	0	0	0	0	0	0	0	0	0	0	0	0	0	0	0	0	0	0	0	0	0	0	0	0	0	0	0	0	0	1	0	0	0	0	0	0	0	0	0	0	0	0	0	0	0	0	0	0	0	0	0	0	0	0	0	0	0	0	0	0	0	0	0	0	0	0	0	0	0	0
17	46	11	34	5	1	29	1	4	1	12	3	0	0	2	0	0	0	0	0	0	2	1	0	0	0	0	0	0	0	0	0	0	0	0	1	0	1	0	1	0	0	0	1	2	1	1	0	0	0	0	0	1	0	2	0	3	0	2	0	0	0	0	0	0	1	0	1	0	1	0	0	0	0	0	0	0	0	1	0	0	1	0	0	1	0	0	0	1	0	0	1	0	0	0	0	0	0	0	0	0	0	0	0	0	0	0	0	0	0	0	0	0	1	0	0	0	0	1	0	0	0	1	0	0	0	0	0	0	0	0	0	0	0	0	0	0	0	0	0	0	0	0	0	0	0	0	0	0	0	0	0	0	0
15	37	9	18	4	0	19	0	3	0	5	1	0	0	3	0	0	0	0	0	0	4	2	0	0	1	0	0	2	0	0	0	0	0	0	1	0	0	0	0	0	0	0	0	0	1	1	0	0	0	0	0	0	0	0	0	1	0	0	0	0	1	0	0	0	0	1	0	0	1	0	0	1	1	0	0	0	0	0	2	0	0	0	0	0	0	0	0	0	0	0	0	0	0	0	0	0	0	0	0	0	0	0	0	0	0	0	0	0	0	0	0	0	0	0	0	0	0	0	0	0	0	0	0	0	0	0	0	0	0	0	0	0	0	0	0	0	0	0	0	0	0	0	0	0	0	0	0	0	0	0	0	0	0
5	32	4	11	1	1	24	0	3	0	2	1	0	0	0	0	0	0	0	0	0	0	1	1	0	0	0	1	0	0	0	1	0	0	0	1	0	0	0	0	1	0	0	0	0	0	0	0	0	0	0	0	2	0	2	1	1	0	0	0	0	0	0	0	1	1	0	0	1	0	0	0	0	0	0	0	0	0	1	0	0	0	0	0	0	0	0	0	0	0	0	0	0	0	0	0	0	0	0	0	0	0	0	0	0	0	0	0	0	0	0	0	0	0	0	0	0	0	0	0	0	0	0	0	0	0	0	0	0	0	0	0	0	0	0	0	0	0	0	0	0	0	0	1	0	0	0	0	0	0	0	0	0	0
3	11	0	2	2	0	6	0	1	0	1	0	0	0	2	0	0	0	0	0	0	2	0	0	0	0	0	0	0	0	0	0	0	0	0	0	0	0	0	0	0	0	0	0	0	0	0	0	0	0	0	0	0	0	0	0	0	0	0	0	0	0	0	0	0	0	0	0	0	0	0	0	0	0	0	0	0	0	0	0	0	0	0	0	0	0	0	0	0	0	0	0	0	0	0	0	0	0	0	0	0	0	0	0	0	0	0	0	0	0	0	0	0	0	0	0	0	0	0	0	0	0	1	0	0	0	0	0	0	0	0	0	0	0	0	0	0	0	0	0	0	0	0	0	0	0	0	0	0	0	0	0	0	0
8	33	8	17	5	0	19	0	1	2	8	2	0	1	5	0	1	0	0	1	0	0	3	2	0	1	0	0	0	0	0	0	0	0	0	0	0	0	0	1	0	0	0	0	1	0	0	0	0	0	0	0	0	0	1	0	1	0	0	0	0	0	0	0	0	2	0	0	0	0	0	0	2	1	0	0	1	0	1	1	0	0	0	0	0	0	0	0	0	0	0	0	0	0	0	0	0	0	0	0	0	0	0	0	0	0	1	0	0	0	0	1	0	0	0	0	0	0	0	1	0	0	0	0	0	0	0	0	0	0	0	0	0	0	0	0	0	0	0	0	0	0	0	0	0	0	0	0	0	0	0	0	0	0
43	140	22	73	38	2	88	1	16	1	15	9	0	2	6	0	3	0	2	0	1	8	3	1	0	4	0	0	0	0	0	1	0	2	0	4	1	0	0	1	1	0	0	1	1	0	6	0	0	0	0	0	2	0	3	2	0	0	0	0	0	0	0	0	0	3	1	1	3	1	0	0	0	0	2	2	1	0	0	1	0	1	3	0	1	1	0	0	1	0	0	1	1	0	0	0	0	1	1	0	0	0	1	0	0	0	0	0	0	0	0	0	0	1	1	0	0	0	0	1	0	0	0	1	0	1	0	0	0	0	0	0	0	0	0	0	0	0	0	0	0	0	0	0	0	0	1	0	1	0	0	0	0	0
0	2	2	1	3	0	0	0	1	0	0	0	0	0	0	0	0	0	0	0	0	0	0	0	0	0	0	0	0	0	0	0	0	0	0	0	0	0	0	0	0	0	0	0	0	0	0	0	0	0	0	0	0	0	0	0	0	0	0	0	0	0	0	0	0	0	0	0	0	0	0	0	0	0	0	0	0	0	0	0	0	0	0	0	0	0	0	0	0	0	0	0	0	0	0	0	0	0	0	0	0	0	0	0	0	0	0	0	0	0	0	0	0	0	0	0	0	0	0	0	0	0	0	0	0	0	0	0	0	0	0	0	0	0	0	0	0	0	0	0	0	0	0	0	0	0	0	0	0	0	0	0	0	0
1	8	1	7	1	3	5	0	1	0	0	0	0	0	0	0	0	0	0	0	0	0	1	0	0	0	0	0	0	0	0	0	0	0	0	0	0	0	0	0	0	0	0	0	1	0	0	0	0	0	0	0	0	0	0	0	0	0	0	0	0	0	0	0	0	1	0	0	0	0	0	0	0	0	0	0	0	0	0	0	0	0	0	0	0	0	0	0	0	0	0	0	0	0	0	0	0	0	0	0	0	0	0	0	0	0	0	0	0	0	0	0	0	0	0	0	0	0	1	0	0	0	0	0	0	0	0	0	0	0	0	0	0	0	0	0	0	0	0	0	0	0	0	0	0	0	0	0	0	0	0	0	0	0
0	0	0	1	0	0	2	0	0	0	0	0	0	0	0	0	0	0	0	0	0	0	0	0	0	0	0	0	0	0	0	0	0	0	0	0	0	0	0	0	0	0	0	0	0	0	0	0	1	0	0	0	0	0	0	0	0	0	0	0	0	0	0	0	1	0	0	0	0	0	0	0	0	0	0	0	0	0	0	0	0	0	0	0	0	0	0	0	0	0	0	0	0	0	0	0	0	0	0	0	0	0	0	0	0	0	0	0	0	0	0	0	0	0	0	0	0	0	0	0	0	0	0	0	0	0	0	0	0	0	0	0	0	0	0	0	0	0	0	0	0	0	0	0	0	0	0	0	0	0	0	0	0	0
17	38	9	12	1	0	15	0	7	1	7	2	0	5	1	0	1	0	0	0	0	0	1	0	2	0	0	0	2	0	0	0	0	0	2	0	0	0	0	0	0	0	0	0	0	0	0	0	0	0	1	0	0	0	0	0	0	0	0	0	0	0	1	0	0	1	0	0	0	2	0	0	0	0	0	1	0	0	1	0	0	0	0	0	0	0	0	0	0	0	0	0	0	0	0	0	0	0	1	0	0	0	0	0	0	0	0	0	0	0	0	0	0	0	0	0	0	0	0	0	0	0	1	0	0	0	0	0	0	0	0	0	0	0	0	0	0	0	0	0	0	0	0	0	0	0	0	0	0	0	0	0	0	0
2	5	3	2	3	1	2	0	0	0	0	1	0	0	0	0	0	0	0	0	0	0	0	0	0	0	0	0	0	0	0	0	0	0	0	0	0	0	0	0	0	0	0	0	0	0	1	0	0	0	0	0	0	0	0	0	0	0	0	0	0	0	0	0	1	0	0	0	0	0	0	0	0	0	0	0	0	0	0	0	0	0	0	0	0	0	0	0	0	0	0	0	0	0	0	0	0	0	0	0	0	0	0	0	0	0	0	0	0	0	0	0	0	0	0	0	0	0	0	0	0	0	0	0	0	0	0	1	0	0	0	0	0	0	0	0	0	0	0	0	0	0	0	0	0	0	0	0	0	0	0	0	0	0
17	40	10	25	11	0	27	0	2	0	4	0	0	0	1	0	1	0	0	0	0	1	1	0	0	0	1	1	0	0	1	0	0	1	0	1	0	0	0	0	0	0	1	0	0	1	2	0	0	0	0	0	1	0	0	1	0	0	0	0	0	0	0	0	0	1	1	0	0	1	0	1	1	0	0	0	0	0	1	0	0	0	0	0	0	0	1	0	1	0	1	0	0	0	0	1	0	0	1	0	0	0	0	0	0	0	0	0	0	0	0	0	0	0	0	0	0	0	0	1	0	0	0	0	0	0	0	0	0	0	0	0	0	0	0	0	0	0	0	0	0	0	0	0	1	0	0	0	0	0	0	0	0	0
17	54	9	27	9	0	27	1	2	1	9	1	0	2	0	0	2	0	1	0	0	2	1	0	4	1	1	0	0	0	0	0	0	0	1	0	0	0	0	0	0	0	0	0	1	1	3	0	0	0	0	0	0	0	0	0	0	0	0	0	0	0	0	0	0	1	0	0	0	0	0	0	1	2	0	0	0	0	0	0	0	1	0	1	1	0	0	0	0	0	0	1	0	0	0	0	0	0	0	0	0	0	0	0	0	0	0	0	0	0	0	0	0	0	0	0	0	0	0	0	0	0	1	0	0	0	0	0	0	0	0	0	0	0	0	0	0	0	0	0	0	0	0	0	0	0	0	0	0	0	0	0	0	0
1	4	0	1	1	0	2	0	0	0	0	0	0	0	0	0	0	0	0	0	0	0	0	0	0	0	0	0	0	0	0	0	0	0	0	0	0	0	0	0	0	0	0	0	0	0	0	0	0	0	0	0	0	0	0	0	0	0	0	0	0	0	0	0	0	0	0	0	0	0	0	0	0	0	0	0	0	0	0	0	0	0	0	0	0	0	0	0	0	0	0	0	0	0	0	0	0	0	0	0	0	0	0	0	0	0	0	0	0	0	0	0	0	0	0	0	0	0	0	0	0	0	0	0	0	0	0	0	0	0	0	0	0	0	0	0	0	0	0	0	0	0	0	0	0	0	0	0	0	0	0	0	0	0
13	63	15	33	11	2	43	1	6	0	7	3	0	1	4	1	0	0	1	0	1	5	0	0	2	0	1	0	1	0	0	0	0	0	0	3	0	0	0	0	2	0	3	0	0	1	6	0	0	0	0	0	1	0	1	2	2	0	0	0	0	0	0	0	0	1	0	0	0	1	0	0	1	2	0	0	0	0	0	1	0	1	0	0	0	0	0	0	0	0	0	0	0	0	0	0	0	0	0	0	0	0	0	0	0	0	0	1	0	0	0	0	0	0	0	0	0	0	0	0	0	0	0	0	0	0	0	0	0	0	0	0	0	0	0	0	0	0	0	0	0	0	0	0	0	0	0	0	0	0	0	0	0	0
12	29	3	24	3	2	20	0	5	0	7	0	0	3	0	0	0	0	0	0	0	2	1	0	1	0	0	0	0	0	0	0	0	0	0	0	0	0	0	0	0	0	1	0	0	0	1	0	0	0	0	0	0	0	0	0	0	0	0	0	0	0	0	0	0	0	0	0	0	0	0	0	1	0	0	0	0	0	0	0	0	0	0	0	0	0	0	0	1	0	0	0	0	0	0	0	0	0	0	0	0	0	0	0	0	0	0	0	0	0	0	0	0	0	0	0	0	0	0	0	0	0	2	0	0	0	0	0	0	0	0	0	0	0	0	0	0	0	0	0	0	0	0	0	0	0	0	0	0	0	0	0	0	0
11	18	3	7	3	1	9	0	0	0	4	1	0	2	1	0	0	0	0	0	0	0	2	0	0	0	0	0	0	0	1	0	0	1	0	1	0	0	0	0	0	0	0	0	0	0	0	0	0	0	0	0	2	0	0	0	0	0	0	0	0	0	0	0	0	0	1	0	0	0	0	0	0	1	0	0	0	0	0	0	0	0	0	0	0	0	0	0	0	0	0	0	0	0	0	0	0	1	0	0	0	0	0	0	0	0	0	0	0	0	0	0	0	0	0	0	0	0	0	0	0	0	1	0	0	0	0	0	0	0	0	0	0	0	0	0	1	0	0	0	0	0	0	0	0	0	0	0	0	0	0	0	0	0
2	1	2	0	1	0	0	0	0	0	0	0	0	0	0	0	0	0	0	0	0	0	0	0	0	0	1	0	0	0	0	0	0	0	0	0	0	0	0	0	0	0	0	0	0	0	0	0	0	0	0	0	0	0	0	0	0	0	0	0	0	0	0	0	0	0	0	1	0	0	0	0	0	0	0	0	0	0	0	0	0	0	0	0	0	0	0	0	0	0	1	0	0	0	0	0	0	0	0	0	0	0	0	0	0	0	0	0	0	0	0	0	0	0	0	0	0	0	0	0	0	0	0	0	0	0	0	0	0	0	0	0	0	0	0	0	0	0	0	0	0	0	0	0	0	0	0	0	0	0	0	0	0	0
7	13	2	8	5	0	6	0	3	0	1	0	0	1	0	0	1	0	0	0	0	1	0	0	1	0	0	0	0	0	0	0	0	0	0	0	0	0	0	0	0	0	1	0	0	1	0	0	0	0	0	0	0	0	2	0	0	0	0	0	0	0	0	0	0	0	0	0	0	0	0	0	0	2	0	0	0	0	0	0	0	0	0	0	0	0	0	0	0	0	0	0	0	0	0	0	0	0	0	0	0	0	1	0	0	0	0	0	0	0	0	0	0	0	0	0	0	0	0	0	0	0	0	0	0	0	0	0	0	0	0	0	1	0	0	0	0	0	1	0	0	0	0	0	0	0	0	0	0	0	0	0	0	0
5	20	3	10	3	0	17	0	3	0	3	1	0	0	1	0	1	0	0	0	0	1	0	0	2	0	0	0	0	1	0	0	0	0	0	0	0	0	0	0	1	0	0	0	0	0	0	0	0	0	0	0	0	0	0	0	1	0	1	0	0	0	0	0	0	1	0	0	0	1	0	0	0	1	0	0	0	0	0	0	0	1	0	0	0	0	1	0	0	0	0	0	0	0	0	0	0	0	0	0	0	0	0	0	0	0	0	0	0	0	0	0	0	0	0	0	0	0	0	0	0	0	0	0	0	0	0	0	0	0	0	0	0	0	0	0	0	0	0	0	0	0	0	0	0	0	0	0	0	0	0	0	0	0
13	46	16	30	6	0	30	0	9	1	6	3	0	1	4	0	1	0	0	0	0	4	3	2	3	0	0	0	2	0	0	0	1	0	0	0	1	0	0	0	2	1	2	0	1	0	2	0	0	0	1	1	0	0	0	0	1	0	0	0	0	1	0	0	0	2	0	0	0	0	0	0	0	0	0	0	0	0	0	0	0	0	0	0	0	0	0	1	0	0	0	0	0	0	0	0	0	0	0	0	0	0	1	0	0	0	0	0	0	0	0	0	0	0	0	0	0	0	0	0	0	0	1	0	0	0	0	0	0	0	0	0	0	0	0	0	0	0	0	0	0	0	0	0	0	0	0	0	0	0	0	0	0	0
10	19	4	13	6	0	16	0	4	0	6	1	0	0	0	0	0	0	1	0	0	2	1	0	2	0	0	0	0	1	0	0	0	1	1	0	0	0	0	0	0	0	0	0	0	0	0	0	0	0	0	0	1	0	1	0	0	0	0	0	1	0	0	0	0	0	0	0	0	0	0	0	0	0	0	0	0	0	0	0	0	0	0	0	0	0	0	0	0	0	0	0	0	0	0	0	0	0	0	0	0	0	0	0	0	0	0	0	0	0	0	0	0	0	0	0	0	0	0	0	0	0	0	0	0	0	0	0	0	0	0	0	0	0	0	0	0	0	0	0	0	0	0	0	0	0	0	1	0	0	0	0	0	0
5	35	4	19	5	1	20	1	7	0	4	0	0	0	0	0	0	0	0	0	0	1	0	0	1	1	0	0	0	0	0	0	0	1	0	0	0	0	0	0	0	0	1	0	1	1	1	0	0	0	0	0	1	0	0	0	0	0	0	0	0	0	0	0	0	1	2	0	0	0	0	0	0	0	0	0	1	0	1	0	0	1	0	0	1	0	0	0	1	0	0	0	1	0	0	0	0	0	0	0	0	0	0	0	0	0	0	0	0	0	0	0	0	1	0	0	0	0	0	0	0	0	0	0	0	0	0	0	0	0	0	0	0	0	0	0	0	0	0	0	0	0	0	0	0	0	0	0	0	0	0	0	0	0
15	31	8	12	6	0	13	1	6	0	2	1	0	0	2	0	0	0	0	0	1	1	1	0	0	0	0	0	0	0	0	0	0	0	1	0	0	0	0	0	0	1	1	0	0	0	0	0	0	0	0	0	0	0	4	1	0	0	0	0	0	0	0	0	0	0	1	0	0	0	0	0	1	0	0	0	0	0	1	0	0	0	0	0	0	0	0	0	0	0	0	0	0	0	0	0	0	0	0	0	0	0	0	0	0	0	0	0	0	0	0	0	0	0	0	0	0	0	0	0	0	0	0	0	0	0	0	0	0	0	0	0	0	0	0	0	0	0	0	0	0	0	0	0	0	0	0	0	0	0	0	0	0	0
5	16	7	7	4	1	11	0	1	0	1	0	0	2	0	0	0	0	0	0	0	1	1	1	1	0	2	1	1	0	0	0	0	0	0	0	0	0	0	0	0	0	1	0	0	0	1	0	0	0	0	0	1	0	0	0	0	0	0	0	0	0	0	0	0	0	0	0	0	1	0	0	1	0	0	0	0	0	0	1	0	0	0	0	0	0	0	1	0	0	0	0	0	0	0	0	0	0	0	0	1	0	0	0	0	0	1	0	0	0	0	0	0	1	0	0	0	0	0	0	0	0	0	0	0	0	0	0	0	0	0	0	0	0	0	0	0	0	0	0	0	0	0	0	0	0	0	0	0	0	0	0	0	0
0	6	2	1	0	0	0	0	0	0	1	1	0	0	0	0	0	0	0	0	0	1	1	0	0	0	0	0	0	0	0	0	0	0	0	0	0	0	0	0	0	0	0	0	0	0	0	0	0	0	0	0	0	0	1	0	0	0	0	0	0	0	0	0	0	0	0	0	0	0	0	0	0	0	0	0	0	0	0	0	0	0	0	0	0	0	0	0	0	0	0	0	0	0	0	0	0	0	0	0	0	0	0	0	0	0	0	0	0	0	0	0	0	0	0	0	0	0	0	0	0	0	0	0	0	0	0	0	0	0	0	0	0	0	0	0	0	0	0	0	0	0	0	0	0	0	0	0	0	0	0	0	0	0
73	192	45	130	49	10	132	0	19	0	22	13	1	4	14	0	2	1	5	1	3	9	8	2	7	0	0	1	4	0	0	1	0	1	2	4	0	0	0	0	0	0	0	0	0	3	5	0	0	0	0	0	6	0	2	2	3	0	3	1	0	0	0	0	1	5	1	2	2	2	0	1	1	5	1	2	0	0	4	1	1	2	0	0	0	0	1	0	0	0	1	0	0	0	0	0	0	0	0	0	0	0	0	0	0	0	0	0	0	0	0	0	0	1	1	0	0	0	0	0	1	0	4	0	0	0	0	0	0	0	0	1	0	1	0	0	0	0	0	1	0	1	0	1	1	0	0	0	1	0	0	0	0	0
2	9	1	3	1	0	6	0	1	0	3	0	0	0	0	0	0	0	0	0	0	0	0	0	0	0	0	0	0	0	0	1	0	1	0	0	0	1	0	0	0	0	0	0	0	0	0	0	0	0	0	0	0	0	0	0	0	0	0	0	0	0	0	0	0	0	0	0	0	0	0	0	0	0	0	0	0	0	0	0	0	0	0	1	0	0	0	0	0	0	0	0	0	0	0	0	0	0	0	0	0	0	0	0	0	0	0	0	0	0	0	0	0	0	0	0	0	0	0	0	0	0	0	0	0	0	0	0	0	0	0	0	0	0	0	0	0	0	0	0	0	0	0	0	0	0	0	0	0	0	0	0	0	0
2	19	4	7	2	0	8	0	2	0	2	0	0	1	1	0	0	0	0	0	0	0	1	0	0	0	0	0	0	0	0	0	0	0	0	0	0	1	0	0	0	0	0	0	0	0	1	0	0	0	0	0	0	0	0	0	0	0	0	0	0	0	0	0	0	0	0	0	0	0	0	0	0	0	0	0	0	0	0	0	0	0	0	1	0	0	0	0	0	0	0	0	0	0	0	0	0	0	0	0	0	0	0	0	0	0	0	0	0	0	0	0	0	0	0	0	0	0	0	0	0	0	0	0	0	0	0	0	0	0	0	0	0	1	0	0	0	0	0	0	0	0	0	0	1	0	0	0	0	0	0	0	0	0
7	22	5	14	3	1	19	0	1	0	4	1	0	0	4	0	1	0	0	0	0	1	1	0	0	0	0	0	0	0	0	0	0	0	0	1	0	0	0	0	0	0	0	0	0	0	1	0	0	0	0	0	1	0	0	0	0	0	0	0	0	0	0	0	0	0	0	0	0	0	0	0	0	1	0	1	0	0	1	0	1	0	0	0	0	0	0	0	0	0	0	0	0	0	0	0	0	0	0	0	0	0	0	0	0	0	0	0	0	0	0	0	0	0	1	0	0	0	0	0	0	0	0	0	0	0	0	0	0	0	0	0	0	0	0	0	0	0	0	0	0	1	0	0	0	0	0	0	0	0	0	0	0	0
2	5	2	3	0	0	9	1	1	0	2	1	0	0	0	0	0	0	0	0	0	0	0	0	0	0	1	0	1	0	0	0	0	0	0	1	0	0	0	0	0	0	0	0	0	0	0	0	0	0	0	0	0	0	1	0	0	0	0	0	0	0	0	0	0	1	0	0	0	0	0	0	0	1	0	0	0	0	1	0	0	0	0	0	0	0	1	0	0	0	0	0	0	0	0	0	0	0	0	0	0	0	0	0	0	0	0	0	0	0	0	0	0	0	0	0	0	0	0	0	0	0	0	0	0	0	0	0	0	0	0	0	0	0	0	0	0	0	0	0	0	0	0	0	0	0	0	0	0	0	0	0	0	0
8	28	2	16	11	1	13	0	4	0	1	0	0	0	0	0	0	0	0	0	0	2	1	0	1	0	0	0	0	0	0	0	0	0	0	0	0	0	0	0	1	0	0	0	0	1	0	0	0	0	0	0	0	0	0	0	0	0	0	0	0	1	0	0	1	0	0	0	0	0	0	0	0	1	0	0	0	0	0	0	0	0	0	0	0	0	0	1	0	0	0	0	0	0	0	0	0	0	0	0	0	0	0	0	0	0	0	0	0	0	0	0	0	0	0	0	0	0	0	0	0	0	0	0	0	0	0	0	0	0	0	0	0	0	0	0	0	0	0	0	0	0	0	0	0	0	0	0	0	0	0	0	0	0
9	30	8	7	6	1	8	0	1	0	5	0	0	0	2	0	1	0	1	0	0	0	0	1	1	1	0	0	0	0	0	0	0	0	0	0	0	0	0	0	0	0	0	0	0	0	0	0	0	0	0	0	0	0	0	1	0	0	1	0	0	0	0	0	0	0	0	0	0	0	0	0	0	0	0	0	0	0	0	1	0	0	0	0	0	0	0	0	0	0	0	0	0	0	0	0	0	0	0	0	0	0	0	0	0	0	0	0	0	0	0	0	0	0	0	0	0	0	0	1	0	0	0	0	0	0	0	0	0	0	0	0	0	0	0	1	0	0	0	0	0	0	0	0	0	0	0	0	0	0	0	0	0	0
6	24	6	11	2	1	14	0	0	0	3	2	0	1	2	0	0	0	0	0	0	3	0	0	0	0	0	0	0	0	0	0	2	0	0	0	0	0	0	0	0	0	0	0	0	0	0	0	0	0	0	0	0	0	0	0	0	0	0	0	0	0	0	0	0	0	2	0	0	0	0	0	1	0	0	0	0	0	0	0	0	0	0	0	0	0	0	0	0	0	0	0	0	0	0	0	0	0	0	0	0	0	0	0	0	0	1	0	0	0	0	0	0	0	0	0	0	0	0	0	0	0	1	0	0	0	0	0	0	0	0	0	0	0	0	0	0	0	0	0	0	0	0	0	0	0	0	0	0	0	0	0	0	0
2	18	3	8	0	0	6	0	1	0	0	0	0	1	2	0	0	0	0	0	1	1	0	0	0	0	0	0	0	0	0	0	0	0	0	1	0	0	0	0	0	1	0	0	0	0	0	0	0	0	0	0	0	0	0	0	0	0	0	0	0	0	0	0	0	1	0	0	0	1	0	0	0	1	0	0	1	0	0	0	0	0	0	0	1	0	0	0	0	0	0	0	0	0	0	0	0	0	0	0	0	0	0	0	0	0	0	0	0	0	0	0	0	0	0	0	0	0	0	0	0	0	0	0	0	0	0	0	0	0	0	0	0	0	0	0	0	0	0	0	0	0	0	0	0	0	0	0	0	0	0	0	0	0
6	19	7	7	3	0	6	0	0	1	1	0	0	0	0	0	0	0	0	0	0	1	0	1	0	0	0	0	0	0	0	0	0	0	0	0	0	0	0	1	0	0	0	0	0	0	2	0	0	0	0	0	0	0	2	0	0	0	0	0	0	0	0	0	0	1	0	0	0	0	0	0	0	0	0	0	0	0	0	0	0	0	0	0	0	0	0	0	0	0	0	0	0	0	0	0	0	0	0	0	0	0	0	0	0	0	0	0	0	0	0	0	0	0	0	0	0	0	0	0	0	0	0	0	0	0	0	0	0	0	0	0	0	0	0	0	0	0	0	0	0	0	0	0	0	0	0	0	0	0	0	0	0	0
2	26	3	7	4	0	20	1	3	0	2	2	0	0	0	0	0	0	0	0	0	1	0	1	1	0	0	1	0	1	0	0	0	0	0	1	0	0	0	0	1	0	0	0	0	0	0	0	0	0	1	0	1	0	1	0	0	0	0	0	0	0	0	0	0	0	0	0	0	0	0	0	0	0	0	0	0	0	0	0	0	0	1	0	0	0	0	0	0	0	0	0	0	0	0	0	0	0	0	0	0	0	0	0	0	0	0	0	0	0	0	0	0	0	0	0	0	0	0	0	0	0	0	0	0	0	0	0	0	0	0	0	0	0	0	0	0	0	0	0	0	0	0	0	1	0	0	0	0	0	0	0	0	0
0	0	0	0	0	0	1	0	0	0	0	0	0	0	0	0	0	0	0	0	0	0	0	0	0	0	0	0	0	0	0	0	0	0	0	0	0	0	0	0	0	0	0	0	0	0	0	0	0	0	0	0	0	0	0	0	0	0	0	0	0	0	0	0	0	0	0	0	0	0	0	0	0	0	0	0	0	0	0	0	0	0	0	0	0	0	0	0	0	0	0	0	0	0	0	0	0	0	0	0	0	0	0	0	0	0	0	0	0	0	0	0	0	0	0	0	0	0	0	0	0	0	0	0	0	0	0	0	0	0	0	0	0	0	0	0	0	0	0	0	0	0	0	0	0	0	0	0	0	0	0	0	0	0
9	37	9	37	18	1	37	1	5	1	10	3	0	0	3	0	0	0	0	0	0	4	1	1	1	0	0	0	0	0	0	0	0	0	0	0	0	0	0	1	0	0	0	0	1	1	1	0	0	0	0	0	3	0	0	1	0	0	0	0	0	0	0	0	1	2	0	0	0	0	0	0	1	1	0	0	1	0	0	0	0	1	0	0	0	0	2	0	0	0	0	0	0	0	0	0	0	0	0	0	0	0	0	0	0	0	0	0	0	0	0	1	0	0	0	0	0	0	0	0	0	0	0	0	0	0	0	0	0	0	0	0	0	0	0	0	0	0	0	0	1	0	0	0	0	0	0	0	0	0	0	0	0	0
17	65	22	32	15	3	41	1	9	1	18	4	0	3	3	0	0	0	1	0	1	3	1	0	2	1	0	2	3	0	0	0	0	0	0	1	0	0	0	0	0	0	2	0	0	1	2	0	0	1	0	0	3	0	0	1	0	0	1	0	0	0	0	0	1	1	0	0	0	0	0	0	1	1	1	0	0	0	1	0	0	0	0	0	0	0	0	0	0	0	0	0	0	0	0	0	0	0	0	1	1	0	0	0	0	0	0	0	0	0	0	0	0	0	0	0	0	0	0	0	0	0	3	0	0	0	0	0	0	0	0	0	0	0	0	1	0	0	0	0	0	1	0	0	1	0	0	0	0	0	0	0	0	0
0	0	0	0	0	0	1	0	0	0	0	0	0	0	0	0	0	0	0	0	0	0	0	0	0	0	0	0	0	0	0	0	0	0	0	0	0	0	0	0	0	0	0	0	0	0	0	0	0	0	0	0	0	0	0	0	0	0	0	0	0	0	0	0	0	0	0	0	0	0	0	0	0	0	0	0	0	0	0	0	0	0	0	0	0	0	0	0	0	0	0	0	0	0	0	0	0	0	0	0	0	0	0	0	0	0	0	0	0	0	0	0	0	0	0	0	0	0	0	0	0	0	0	0	0	0	0	0	0	0	0	0	0	0	0	0	0	0	0	0	0	0	0	0	0	0	0	0	0	0	0	0	0	0
7	13	4	8	2	0	7	0	2	0	6	0	0	1	0	0	0	0	0	0	0	0	1	1	0	0	0	0	0	0	0	0	0	0	0	0	0	0	0	0	1	0	0	1	0	0	1	0	0	0	0	0	0	0	0	0	0	0	0	0	0	0	0	0	0	0	0	0	0	0	0	0	0	0	0	0	0	0	0	0	0	0	0	0	0	0	0	0	0	0	0	0	0	0	0	0	0	0	0	0	0	0	0	0	0	0	0	0	0	0	0	0	0	0	0	0	0	0	0	0	0	0	0	0	0	0	0	0	0	0	0	0	0	0	0	0	0	0	0	1	0	0	0	0	0	0	0	0	0	0	0	0	0	0
7	36	7	13	4	1	33	0	4	0	2	1	0	0	1	0	0	0	0	1	1	3	2	0	0	0	0	0	0	0	0	0	0	0	0	1	0	0	0	0	0	0	0	0	0	0	0	0	0	0	1	0	0	0	0	0	0	0	1	0	0	0	0	0	0	1	0	0	0	1	0	0	0	0	0	0	0	0	1	0	0	0	0	0	0	0	1	0	1	0	0	0	0	0	0	0	0	0	0	0	0	0	0	0	0	0	1	0	0	0	0	0	0	0	0	0	0	0	0	0	0	0	0	0	0	0	0	0	0	0	0	0	0	0	0	0	0	0	0	0	0	1	0	0	0	0	0	0	0	0	0	0	0	0
1	1	0	2	0	0	0	0	0	0	0	0	0	0	0	0	0	0	0	0	0	0	0	0	0	0	0	0	0	0	0	0	0	0	0	0	0	0	0	0	0	0	0	0	0	0	0	0	0	0	0	0	0	0	0	0	0	0	0	0	0	0	0	0	0	0	0	0	0	0	0	0	0	0	0	0	0	0	0	0	0	0	0	0	0	0	0	0	0	0	0	0	0	0	0	0	0	0	0	0	0	0	0	0	0	0	0	0	0	0	0	0	0	0	0	0	0	0	0	0	0	0	0	0	0	0	0	0	0	0	0	0	0	0	0	0	0	0	0	0	0	0	0	0	0	0	0	0	0	0	0	0	0	0
2	10	2	9	2	0	9	0	1	0	1	1	0	0	1	0	0	0	0	0	1	1	0	1	0	0	0	0	0	1	0	0	0	0	0	0	0	0	0	0	0	0	0	0	0	0	0	0	0	0	0	0	0	0	0	0	0	0	1	0	0	0	0	0	0	1	0	0	0	0	0	0	0	1	0	0	1	0	0	0	0	0	0	0	0	0	0	0	0	1	0	0	0	0	0	0	0	0	0	0	0	0	0	0	0	0	0	0	0	0	0	0	0	0	0	0	0	0	0	0	0	0	0	0	0	0	0	0	0	0	0	0	0	0	0	0	0	0	0	0	0	0	0	0	0	0	0	0	0	0	0	0	0	0
0	1	1	0	2	0	1	0	0	0	0	0	0	0	0	0	0	0	0	0	0	0	0	0	0	0	0	0	0	0	0	0	0	0	0	0	0	0	0	0	0	0	1	0	0	0	0	0	0	0	0	0	0	0	0	0	0	0	0	0	0	0	0	0	0	0	0	0	0	0	0	0	0	0	0	0	0	0	0	0	0	0	0	0	0	0	0	0	0	0	0	0	0	0	0	0	0	0	0	0	0	0	0	0	0	0	0	0	0	0	0	0	0	0	0	0	0	0	0	0	0	0	0	0	0	0	0	0	0	0	0	0	0	0	0	0	0	0	0	0	0	0	0	0	0	0	0	0	0	0	0	0	0	0
7	20	1	9	4	0	9	0	0	0	1	2	0	0	3	0	0	0	0	0	0	3	0	0	1	0	0	0	0	0	0	0	0	0	0	1	0	0	0	0	0	0	0	0	0	1	1	0	0	0	0	0	0	0	2	0	0	0	0	1	0	0	0	0	0	0	0	0	1	0	0	0	0	1	0	0	0	0	0	0	0	0	0	0	0	0	0	0	0	1	0	0	0	0	0	0	0	0	0	0	0	0	0	0	0	0	0	0	0	0	0	0	0	0	0	0	0	0	0	0	0	0	0	0	0	0	0	0	0	0	0	0	0	0	0	0	0	0	0	0	0	0	0	0	0	0	0	0	0	0	0	0	0	0
0	5	0	3	0	0	3	0	1	0	1	0	0	0	0	0	0	0	0	0	0	0	0	0	0	1	0	0	0	0	0	0	0	0	0	0	0	0	0	0	0	0	1	0	0	0	0	0	0	0	0	0	0	0	0	0	0	0	0	0	0	0	0	0	0	0	0	1	0	0	0	0	0	0	0	0	1	0	0	0	0	1	0	0	0	0	0	0	0	0	0	0	0	0	0	0	0	0	0	0	0	0	0	0	0	0	0	0	0	0	0	0	0	0	0	1	0	0	0	0	0	0	0	0	0	0	0	0	0	0	0	0	0	0	0	0	0	0	0	0	0	0	0	0	0	0	0	0	0	0	0	0	0	0
2	10	3	2	1	0	4	0	0	0	0	0	0	0	0	0	0	0	1	0	0	0	0	0	0	0	0	0	0	0	0	0	0	0	0	0	0	0	0	0	0	0	0	0	0	0	1	0	0	0	0	0	0	0	0	0	0	0	0	0	0	0	0	0	0	0	0	0	0	1	0	0	0	0	0	0	0	0	0	0	0	0	0	0	0	0	0	0	0	0	0	0	0	0	0	0	0	1	0	0	0	0	0	0	0	0	0	0	0	0	0	0	0	0	0	0	0	0	0	0	0	0	0	0	0	0	0	0	0	0	0	0	0	0	0	0	0	0	0	0	0	1	0	0	0	0	0	0	0	0	0	0	0	0
9	26	4	14	4	0	16	0	7	0	3	1	0	3	1	0	2	0	0	1	0	2	0	1	1	0	1	0	0	0	0	0	0	2	0	0	0	0	1	0	1	0	1	0	0	0	0	0	0	0	0	0	0	0	0	0	0	0	0	0	0	0	0	0	0	0	1	0	0	0	0	0	0	0	1	0	1	0	1	0	1	1	0	0	0	0	0	0	0	0	0	0	0	0	0	0	0	0	0	0	0	0	0	0	0	0	0	0	0	0	0	0	0	0	0	0	0	0	0	0	0	0	0	0	0	0	0	0	0	0	0	0	0	0	2	0	0	0	0	0	0	0	0	0	0	0	0	0	0	0	0	0	0	0
13	63	17	34	7	2	28	0	5	0	8	1	0	1	3	1	1	0	1	0	0	2	0	0	0	0	0	1	0	0	0	0	0	0	0	1	1	0	0	0	0	0	0	0	0	0	3	0	0	0	0	0	1	0	2	1	1	0	0	0	0	0	0	0	0	1	0	0	0	0	0	0	0	0	0	0	0	0	1	1	0	0	0	0	0	0	0	0	0	0	0	0	1	0	0	0	0	0	1	0	0	0	0	0	0	0	0	1	0	0	0	0	0	0	0	0	1	0	0	0	0	0	1	0	0	0	0	0	0	0	0	0	0	0	0	0	0	0	0	0	0	0	0	0	0	0	0	0	0	0	1	0	0	0
16	56	13	19	15	1	34	1	4	0	12	1	0	0	2	0	2	0	0	0	0	3	1	0	1	0	2	0	0	1	0	0	0	0	0	0	0	0	0	0	1	1	0	0	0	1	2	0	0	0	0	0	0	0	1	0	0	0	0	1	0	1	0	0	2	0	2	0	1	1	0	0	0	5	1	0	0	0	1	0	0	0	1	0	0	0	1	0	0	0	0	0	0	0	1	0	0	0	0	0	0	1	1	0	0	0	0	0	0	0	0	0	0	0	0	0	0	0	0	0	0	0	0	0	0	0	0	0	0	1	0	0	0	0	0	0	0	0	0	0	0	1	1	0	0	0	0	0	0	0	0	0	0	0
2	2	2	3	1	0	1	0	1	0	0	0	0	1	0	0	0	0	0	0	0	0	1	0	1	0	0	0	0	0	0	0	0	0	0	0	0	0	0	0	0	0	0	0	0	0	0	0	0	0	0	0	0	0	0	0	0	0	0	0	0	0	0	0	0	0	0	0	0	0	0	0	0	0	0	0	0	0	0	0	0	0	0	0	0	0	0	0	0	0	0	0	0	0	0	0	0	0	0	0	0	0	0	0	0	0	0	0	0	0	0	0	0	1	0	0	0	0	0	0	0	0	0	0	0	0	0	0	0	0	0	0	0	0	0	0	0	0	0	0	0	0	0	0	0	0	0	0	0	0	0	0	0	0
11	18	6	13	7	0	7	0	1	0	1	1	0	1	2	0	0	0	0	0	0	1	0	0	1	1	0	0	0	0	0	0	0	0	0	0	0	1	0	0	1	0	0	0	0	0	0	0	0	0	0	0	0	0	0	1	1	0	0	0	0	0	0	0	0	0	2	0	0	1	0	0	0	0	0	0	0	0	0	0	0	0	0	0	0	0	0	0	1	0	0	0	0	0	0	0	0	0	0	0	0	0	0	0	0	0	0	0	0	0	0	0	0	0	0	0	0	0	0	0	0	0	0	0	0	0	0	0	0	0	0	0	0	0	0	0	0	0	0	0	0	0	0	0	0	0	0	0	0	0	0	0	0	0
22	74	15	24	15	2	48	0	5	0	14	1	0	1	3	0	4	0	0	0	0	2	1	1	5	0	0	0	3	1	0	0	1	0	1	0	1	0	0	0	1	0	1	0	1	2	1	0	0	0	0	0	0	0	0	1	0	0	0	1	0	0	0	0	0	3	0	0	0	0	0	0	0	3	0	0	0	1	0	0	0	0	0	0	0	0	0	0	0	0	0	0	0	0	0	1	0	0	0	0	0	0	0	0	0	0	0	0	0	0	0	0	0	0	0	0	0	0	0	0	0	1	0	0	0	0	0	0	0	0	0	0	0	0	0	0	0	0	0	0	0	0	0	0	0	0	0	0	0	0	0	0	0	0
13	25	7	16	11	0	10	0	3	0	6	1	0	0	1	0	0	0	0	0	0	1	2	0	0	0	0	0	0	0	0	0	1	0	0	0	0	0	0	0	1	0	0	0	0	0	0	0	0	0	0	0	0	0	0	1	0	0	0	0	0	0	0	0	0	0	1	0	0	0	0	0	0	0	0	0	0	0	0	0	0	0	0	0	0	0	0	0	0	0	0	0	0	0	0	0	0	0	1	0	0	0	0	0	0	0	0	0	0	0	0	0	0	0	0	1	0	0	0	0	0	0	0	0	0	0	0	0	0	0	0	0	0	0	0	0	0	0	0	0	0	0	0	0	0	0	0	0	0	0	0	0	0	0
0	1	0	0	0	0	0	0	0	0	0	0	0	0	0	0	0	0	0	0	0	0	0	0	0	0	0	0	0	0	0	0	0	0	0	0	0	0	0	0	0	0	0	0	0	0	0	0	0	0	0	0	0	0	0	0	0	0	0	0	0	0	0	0	0	0	0	0	0	0	0	0	0	0	0	0	0	0	0	0	0	0	0	0	0	0	0	0	0	0	0	0	0	0	0	0	0	0	0	0	0	0	0	0	0	0	0	0	0	0	0	0	0	0	0	0	0	0	0	0	0	0	0	0	0	0	0	0	0	0	0	0	0	0	0	0	0	0	0	0	0	0	0	0	0	0	0	0	0	0	0	0	0	0
4	15	1	2	2	0	10	0	0	0	2	0	0	0	0	0	0	0	0	0	0	2	0	1	0	0	1	0	0	0	0	0	0	0	0	0	0	0	0	0	0	0	0	0	0	0	2	0	0	0	0	0	0	0	1	0	0	0	0	0	0	1	0	0	0	1	0	0	0	1	0	0	0	2	0	0	0	0	0	0	0	0	1	0	0	0	0	0	0	0	1	0	0	1	0	0	0	0	0	0	0	0	0	0	0	0	0	0	0	0	0	0	0	0	0	0	0	0	0	0	0	0	0	0	0	0	0	0	0	0	0	0	1	0	0	0	0	0	0	0	0	0	0	0	0	0	0	0	0	0	0	0	0	0
12	35	13	14	10	0	30	1	5	0	4	0	0	0	0	0	1	1	1	0	0	1	2	0	0	0	0	0	1	0	0	0	1	0	0	0	0	0	0	0	0	0	0	0	0	0	0	0	0	0	0	1	2	0	1	1	1	0	0	0	0	0	0	0	0	1	1	0	0	1	0	0	0	1	0	0	1	0	1	0	0	0	0	0	0	0	2	0	1	0	0	0	0	0	0	0	0	0	0	0	0	0	0	0	0	0	0	0	0	0	0	0	0	0	0	0	0	0	0	0	0	0	0	0	0	0	0	0	1	0	0	0	0	0	0	0	0	0	0	0	0	0	0	0	0	0	0	0	0	0	0	0	0	0
6	20	4	11	3	0	10	0	2	0	4	0	0	1	1	0	1	0	1	1	0	1	1	0	0	0	0	0	0	0	0	0	0	0	2	0	0	0	0	0	0	0	1	0	0	0	0	0	0	0	0	0	0	0	0	0	0	0	0	0	0	0	0	0	0	1	1	0	0	1	0	0	0	0	0	0	0	0	1	0	0	0	0	0	0	0	0	0	0	0	0	0	0	0	0	0	0	0	0	0	0	0	0	0	0	0	0	0	0	0	0	0	0	0	0	0	0	0	0	0	0	0	0	0	0	0	0	0	0	0	0	0	0	0	0	0	0	0	0	0	0	0	0	0	0	0	0	0	0	0	0	0	0	0
11	37	2	17	8	0	23	0	4	1	9	0	0	1	2	0	1	0	1	0	0	5	0	0	1	0	0	2	0	0	0	0	1	0	0	0	0	0	0	0	0	0	0	0	0	1	0	0	0	0	0	0	1	0	1	0	1	0	0	0	0	0	0	0	0	0	0	1	0	1	0	0	1	0	0	0	0	0	0	0	0	0	2	0	0	0	0	0	0	0	0	0	0	0	0	0	0	0	0	0	0	0	1	0	0	0	0	0	0	0	0	0	0	0	0	0	0	0	0	0	0	0	0	0	0	0	0	0	0	0	0	0	0	0	0	0	0	0	0	0	0	0	0	0	0	0	0	0	0	1	0	0	0	0
1	3	0	1	1	0	0	0	0	0	0	0	0	0	0	0	0	0	0	0	0	1	0	0	0	0	0	0	0	0	0	0	0	0	0	1	0	0	0	0	0	0	0	0	0	0	0	0	0	0	0	0	0	0	0	0	0	0	0	0	0	0	0	0	0	0	0	0	0	0	0	0	0	0	0	0	0	0	0	0	0	0	0	0	0	0	0	0	0	0	0	0	0	0	0	0	0	0	0	0	0	0	0	0	0	0	0	0	0	0	0	0	0	0	0	0	0	0	0	0	0	0	0	0	0	0	0	0	0	1	0	0	0	0	0	0	0	0	0	0	0	0	0	0	0	0	0	0	0	0	0	0	0	0
6	14	5	9	2	0	14	0	1	0	3	1	0	0	1	0	0	0	0	0	1	1	0	0	1	0	1	1	0	0	0	0	0	0	0	0	0	0	0	0	0	0	0	0	0	0	0	0	0	0	0	0	0	0	0	0	0	0	1	1	0	0	0	0	1	0	0	0	0	0	0	0	1	0	0	0	0	0	0	0	0	0	0	0	0	0	0	0	0	0	0	0	0	0	0	0	0	0	0	0	0	0	0	0	0	0	0	0	0	0	0	0	0	0	0	0	0	0	0	0	0	0	1	0	0	0	0	0	0	0	0	0	0	0	0	0	0	0	0	0	0	0	0	0	0	0	0	0	0	0	0	0	0	0
6	10	2	3	1	0	4	0	0	0	1	0	0	0	0	0	0	0	0	0	0	0	1	0	0	0	0	0	0	0	0	0	0	0	0	0	0	0	0	0	0	0	0	0	0	0	0	0	0	0	0	0	1	0	0	0	0	0	0	0	0	0	0	0	0	0	2	0	0	0	0	0	0	0	0	0	0	0	0	0	0	0	0	0	0	0	0	0	0	0	0	0	0	0	0	0	0	0	0	0	0	0	0	0	0	0	0	0	0	0	0	0	0	0	0	0	0	0	0	0	0	0	0	0	0	0	0	0	0	0	0	0	0	0	0	0	0	0	0	0	0	0	0	0	0	0	0	0	0	0	0	0	0	0
0	3	1	0	0	0	0	0	0	0	1	0	0	0	0	0	0	0	0	0	0	1	0	0	0	0	0	0	0	0	0	0	0	0	0	0	0	0	0	0	0	0	0	0	0	0	0	0	0	0	0	0	0	0	0	0	0	0	0	0	0	0	0	0	0	0	0	0	0	0	0	0	0	0	0	0	0	0	0	0	0	0	0	0	0	0	0	0	0	0	0	0	0	0	0	0	0	0	0	0	0	0	0	0	0	0	0	0	0	0	0	0	0	0	0	0	0	0	0	0	0	0	0	0	0	0	0	0	0	0	0	0	0	0	0	0	0	0	0	0	0	0	0	0	0	0	0	0	0	0	0	0	0	0
3	20	4	13	2	1	14	0	0	0	5	1	0	1	0	0	0	0	0	0	0	0	0	0	2	0	0	0	0	1	0	0	0	0	1	1	0	0	0	0	1	0	2	0	1	0	2	0	0	0	0	0	2	0	0	0	1	0	0	0	0	0	0	0	1	1	0	0	0	0	0	0	0	0	0	0	0	0	0	0	1	1	0	0	0	0	0	1	0	0	0	0	0	0	0	0	0	0	0	0	0	0	0	0	0	0	0	0	0	0	0	0	0	0	0	0	0	0	0	0	0	0	1	0	0	1	0	0	0	0	0	0	0	0	0	0	0	0	0	0	0	0	0	0	0	0	0	0	0	0	0	0	0	0
7	25	3	9	4	0	10	0	3	0	1	1	0	0	3	0	0	0	1	0	0	3	1	0	0	0	0	0	0	0	0	0	0	0	0	0	0	0	0	0	2	0	0	0	0	0	0	0	0	0	0	0	0	0	0	0	0	0	0	0	0	0	0	0	0	0	1	0	0	0	0	0	0	0	0	0	0	0	0	0	0	0	0	1	0	0	0	0	0	0	0	0	0	0	0	0	0	0	0	0	0	0	0	0	0	0	0	0	0	0	0	0	0	0	1	0	0	0	0	0	0	0	0	0	0	0	0	0	0	0	0	0	0	0	0	0	0	0	0	0	0	0	0	0	0	0	0	0	1	0	0	0	0	0
6	25	6	10	4	0	12	0	1	0	2	0	0	0	3	0	1	0	0	0	0	2	1	0	1	0	0	0	0	0	0	0	0	0	0	0	0	0	0	0	2	0	0	0	1	0	0	0	0	0	0	0	0	0	0	0	0	0	0	0	0	1	0	0	0	0	0	0	0	0	0	0	0	0	0	0	0	0	1	0	0	0	1	0	0	0	0	0	0	0	0	0	0	0	0	0	0	0	0	0	1	0	0	0	0	0	0	1	0	0	0	0	0	0	0	0	0	0	0	0	0	0	0	0	0	0	0	0	0	0	0	0	0	0	0	0	0	0	0	0	0	0	0	0	0	0	0	0	0	0	0	0	0	0
4	18	6	11	3	0	12	1	4	0	3	1	0	0	0	0	1	0	0	1	0	2	0	0	0	0	1	0	0	0	0	0	0	0	0	0	0	0	0	1	0	0	0	0	0	0	0	0	0	0	0	0	0	0	0	0	0	0	0	0	0	0	0	0	0	0	0	0	0	0	0	0	0	1	0	0	0	0	2	0	0	0	0	0	0	0	1	0	0	0	0	0	0	0	0	0	0	0	0	0	0	0	0	0	0	0	0	0	0	0	0	0	0	0	0	0	0	0	0	0	0	0	0	0	0	0	0	0	0	0	0	0	0	0	0	0	0	0	0	0	0	0	0	0	0	0	0	0	0	0	0	0	0	0
11	25	5	9	3	0	16	0	2	0	7	2	0	0	0	0	1	0	0	0	0	3	4	1	1	0	1	1	0	0	0	0	1	0	0	0	0	0	0	0	1	0	0	0	0	1	1	0	0	0	0	0	0	0	0	0	0	0	0	0	0	0	0	0	1	0	0	0	0	0	0	1	0	0	0	0	0	0	1	0	0	1	0	0	0	0	0	0	0	0	0	0	0	0	0	0	0	0	1	0	0	0	1	0	0	0	0	0	0	0	0	0	0	0	0	0	0	0	0	0	0	1	0	0	0	0	0	0	0	0	0	1	0	0	0	0	0	0	1	0	0	0	0	0	0	0	0	0	0	0	0	0	0	0
2	8	1	9	2	0	5	0	2	0	0	1	0	0	1	0	0	0	0	0	0	0	0	1	0	0	0	0	0	0	0	0	0	0	0	0	0	0	0	0	0	0	0	0	0	0	0	0	0	0	0	0	0	0	0	0	0	0	0	0	0	0	0	0	0	0	0	0	0	0	0	0	0	0	0	0	0	0	0	0	0	0	0	0	0	0	0	0	0	0	0	0	0	0	0	0	0	0	0	0	0	0	0	0	0	0	0	0	0	0	0	0	0	0	0	0	0	0	0	0	0	0	0	0	0	0	0	0	0	0	0	0	0	0	0	0	0	0	0	0	0	0	0	0	0	0	0	0	0	0	0	0	0	0
8	31	2	7	1	1	6	0	4	1	3	0	0	0	2	0	0	1	0	0	0	0	0	0	0	0	0	0	0	0	0	0	0	0	0	0	0	0	0	0	0	0	0	0	0	0	0	0	0	0	0	0	0	0	0	0	0	0	0	0	0	0	0	0	0	0	0	0	0	1	0	0	0	0	0	0	0	0	1	0	0	0	0	0	0	0	0	0	1	0	0	0	0	0	0	0	0	0	0	0	0	0	0	0	0	0	0	0	0	0	0	0	0	0	0	0	0	0	0	0	0	0	0	0	0	0	0	0	0	0	0	0	0	0	0	0	0	0	0	0	0	0	0	0	0	0	0	0	0	0	0	0	0	0
