2874	5223	5839	1986	1405	3347	191	1592	617	100	717	621	1008	506	174	373	1830	198	158	44	434	380	62	404	67	12	680	169	244	41	57	48	9	45	102	3	35	33	213	9	229	4	12	114	9	57	12	5	21	15	54	76	54	68	25	8	7	38	46	2	44	8	4	12	11	0	2	126	5	27	27	94	19	7	50	1	81	9	20	8	24	18	2	11	15	34	5	2	24	11	36	53	18	8	5	0	8	8	20	7	12	10	4	11	1	23	1	26	12	2	2	0	6	16	51	10	2	13	4	13	21	4	11	3	0	4	7	6	0	1	16	3	0	14	23	8	14	7	1	3	10	5	31	0	2	0	1	2	12	4	4	5	7
1096	2033	2135	662	528	1198	61	618	235	29	275	223	388	166	65	137	674	65	62	18	189	129	25	152	16	4	257	78	86	8	18	17	4	13	36	0	13	11	58	1	75	2	6	50	3	16	5	2	10	6	15	27	22	27	3	4	3	18	20	4	10	1	1	7	4	0	0	50	2	8	12	31	5	6	14	1	25	4	4	2	7	6	2	4	3	11	1	1	12	5	22	18	6	2	3	0	5	2	2	0	4	5	3	6	1	14	2	5	3	0	1	0	3	9	16	8	1	3	3	4	9	2	7	0	1	2	2	1	0	1	2	2	0	3	12	2	6	3	0	3	6	3	5	0	0	0	0	1	0	1	2	2	3
1730	3121	3470	1201	925	2059	138	912	349	55	416	367	632	318	127	252	1169	131	93	29	263	236	34	218	46	7	382	107	141	21	28	30	6	26	44	3	26	13	125	8	133	0	15	79	4	44	8	0	17	8	35	36	30	42	8	8	4	23	26	5	30	1	4	12	8	0	1	91	3	16	18	61	9	1	37	0	39	6	12	6	24	9	2	8	10	24	5	4	13	3	28	32	13	8	8	1	1	5	7	9	5	6	7	8	0	16	0	14	7	0	0	0	1	10	30	9	1	8	2	4	7	1	6	1	1	7	7	8	4	3	7	3	0	5	15	3	10	5	1	2	5	3	15	0	0	2	3	2	9	0	3	3	3
1752	3184	3402	1215	835	1924	108	911	348	67	457	339	672	311	119	238	1224	113	105	31	270	239	27	226	45	7	374	115	150	15	36	31	15	32	56	6	33	19	103	11	103	4	5	83	2	38	12	4	6	7	36	41	46	52	12	7	3	23	34	4	25	2	6	12	12	0	0	83	4	16	15	70	6	2	24	1	43	5	18	4	19	11	9	7	13	32	4	0	20	5	25	33	10	4	8	0	2	4	8	3	7	5	1	10	2	17	1	19	11	1	2	0	2	13	32	5	3	10	2	8	14	2	8	0	0	3	9	8	4	1	7	1	1	6	24	8	8	5	1	3	7	4	13	1	0	4	3	1	5	1	2	3	7
1137	2047	2219	740	578	1323	75	603	253	44	312	235	422	217	76	171	718	84	68	18	176	155	19	142	22	2	267	74	80	15	22	15	3	12	50	1	15	13	97	2	91	2	11	61	1	23	4	1	10	5	11	32	26	44	3	1	2	12	17	1	14	2	3	13	10	0	1	63	2	17	14	47	4	3	24	0	27	6	10	1	15	5	4	7	6	10	3	1	13	1	16	24	9	4	1	0	1	1	5	2	4	7	3	4	1	7	0	10	5	0	1	0	1	4	24	3	0	1	1	6	10	0	6	0	1	1	5	6	2	0	6	1	1	7	5	3	7	2	3	1	1	3	15	0	0	2	0	0	3	0	0	3	2
2789	4978	5474	1957	1307	3147	212	1399	557	89	676	599	982	475	221	400	1705	207	166	37	396	372	57	354	47	10	632	184	223	26	50	53	11	40	93	4	33	23	186	13	198	6	23	118	5	41	18	4	19	14	49	56	53	77	19	9	9	32	40	2	41	1	8	13	16	0	1	142	8	27	21	97	12	11	58	0	81	8	17	4	29	8	4	9	9	24	4	5	34	16	40	42	18	6	5	0	7	12	17	8	9	13	14	7	4	31	5	18	8	0	2	1	5	23	53	13	1	16	4	15	30	4	14	0	3	7	9	6	2	2	12	4	5	10	28	9	15	7	0	1	17	8	21	2	1	1	2	6	3	2	7	5	10
6	15	21	5	7	4	2	5	3	0	2	3	4	1	0	2	13	1	0	0	0	0	0	0	0	0	2	0	1	0	0	0	0	1	1	0	0	0	0	0	0	0	0	0	0	1	0	0	0	0	0	0	0	0	0	0	0	0	0	0	0	0	0	0	0	0	0	0	0	0	0	0	0	0	0	0	1	0	1	0	0	0	0	0	0	0	1	0	0	0	0	0	0	0	0	0	0	1	0	0	0	0	0	0	0	0	0	1	0	0	0	0	1	0	0	0	0	0	0	0	0	0	0	0	0	0	0	0	0	0	0	0	0	0	0	0	0	0	0	0	0	0	0	0	0	0	0	0	0	0	0	0	0
142	218	232	96	66	145	12	69	26	2	33	14	53	20	6	19	72	11	2	0	14	14	2	21	3	1	24	12	11	0	2	6	0	3	7	0	0	1	8	0	9	0	0	5	0	4	0	0	1	0	4	0	2	4	0	1	0	3	0	0	1	0	0	1	0	0	0	6	0	0	1	4	0	0	3	0	5	1	1	1	2	0	0	0	0	0	0	1	2	1	0	5	0	0	0	0	0	0	3	0	1	0	0	0	1	2	0	0	1	0	0	0	0	0	1	0	0	0	0	0	3	0	2	0	0	0	2	0	0	0	0	0	0	3	2	0	0	0	0	0	2	0	1	0	1	1	0	0	0	0	0	0	0
382	675	821	277	197	473	35	194	78	16	107	84	141	75	28	56	260	35	22	6	80	49	17	51	8	0	109	27	31	3	6	8	3	10	7	0	7	5	32	7	23	0	1	15	0	4	2	0	5	0	9	7	6	7	2	1	1	3	3	0	2	0	0	3	1	1	0	13	4	3	1	14	5	3	5	0	9	3	0	2	6	2	1	3	3	3	0	0	3	1	7	9	3	0	2	0	2	1	2	0	0	0	1	1	1	3	0	1	1	1	0	0	1	1	9	0	0	1	0	3	2	0	2	0	0	0	1	2	0	0	2	0	0	3	5	0	2	0	1	0	0	1	4	0	1	0	0	0	2	0	0	0	2
691	1276	1368	480	318	839	41	368	140	32	178	147	269	141	36	93	444	52	36	8	119	99	17	85	14	3	144	36	65	5	6	16	4	13	25	0	13	10	45	2	38	2	9	30	1	12	2	0	9	5	17	15	14	15	7	2	1	6	10	0	8	2	1	4	5	0	0	30	2	5	10	25	3	2	9	1	27	1	1	0	6	2	3	2	6	3	0	0	6	2	7	7	1	1	0	0	3	1	8	1	4	1	3	5	2	10	0	1	1	0	0	0	2	5	13	1	1	2	0	3	5	1	2	0	2	0	4	4	1	0	3	2	0	3	7	7	4	2	0	3	1	2	5	0	0	1	1	0	1	1	1	2	2
10	20	25	7	3	22	0	2	3	0	2	2	4	2	0	2	4	2	1	1	1	1	0	2	3	0	4	1	0	0	0	0	0	0	0	0	0	0	0	0	1	0	0	2	0	0	0	0	0	0	1	1	0	0	0	0	0	0	0	0	0	0	0	0	0	0	0	0	0	0	1	0	0	0	0	0	1	0	0	0	0	0	0	0	0	0	0	0	0	0	1	0	0	0	0	0	0	0	0	0	0	0	0	0	0	0	0	0	0	0	0	0	0	0	0	0	0	0	0	0	0	0	0	0	0	0	1	0	0	0	0	0	0	0	0	0	0	0	0	0	0	0	0	0	0	0	0	0	0	0	0	0	0
92	168	166	63	31	99	5	56	14	2	18	20	38	25	11	12	50	7	7	1	7	5	0	11	2	0	21	2	8	0	3	2	1	1	3	0	2	1	7	0	9	0	0	6	0	2	0	0	1	1	4	4	4	1	0	1	0	1	2	0	0	0	0	1	0	0	0	5	0	0	0	6	0	0	2	0	1	0	0	0	0	0	1	0	1	1	0	0	1	0	1	2	0	0	0	0	0	0	1	1	0	0	0	0	0	0	0	0	0	0	0	0	0	1	2	0	0	1	0	1	0	0	1	0	0	0	1	0	0	0	0	0	0	1	0	1	0	0	0	1	0	1	1	0	0	0	0	0	0	0	0	0	0
354	653	674	234	196	366	18	137	68	12	69	62	112	61	31	47	204	19	12	1	49	49	5	44	9	1	84	17	22	1	6	6	3	8	9	0	2	1	16	1	25	1	4	12	0	8	2	2	3	1	10	7	8	9	3	0	0	5	5	1	6	0	0	2	0	0	0	19	1	1	3	12	1	3	5	0	5	0	3	0	1	0	0	1	0	6	0	1	5	2	4	4	2	1	1	1	1	1	5	0	0	0	1	3	1	4	1	1	3	0	0	0	0	0	4	1	0	1	1	1	3	0	3	1	1	0	2	0	0	0	1	0	0	0	2	1	0	2	0	1	1	3	0	0	0	0	0	0	1	0	1	3	2
176	305	293	123	96	185	4	85	36	2	36	43	76	20	14	33	98	14	8	4	32	20	0	27	4	0	45	7	11	1	2	3	2	7	6	0	6	1	19	1	9	0	0	7	0	11	0	0	2	2	2	8	4	6	2	0	0	2	7	0	0	0	0	0	1	0	0	9	0	1	1	3	0	3	1	0	7	0	1	1	2	1	0	1	1	2	0	0	0	2	1	4	1	1	0	0	0	0	1	0	0	0	3	0	0	1	0	0	0	0	0	0	0	0	1	0	1	2	0	2	1	0	1	0	0	1	0	1	0	0	1	0	0	0	1	0	1	0	0	0	0	1	1	0	0	0	0	0	0	0	1	1	0
75	130	153	50	54	94	3	42	22	2	13	20	24	13	5	14	47	8	6	0	9	13	3	11	2	2	29	2	9	1	2	4	0	1	3	1	2	1	4	0	8	0	0	5	0	0	1	0	0	1	4	2	4	5	0	0	0	1	2	0	2	0	0	1	0	0	0	2	0	2	0	2	0	0	2	1	1	0	2	0	1	0	0	0	0	0	1	0	2	0	1	0	1	0	0	0	0	0	1	1	0	1	0	0	0	1	0	2	0	0	0	0	0	1	1	0	0	0	0	0	0	0	1	0	0	0	0	0	0	0	0	0	0	0	0	0	0	0	0	0	2	0	0	0	0	0	0	0	0	0	0	1	0
752	1333	1456	499	346	829	56	386	151	22	169	160	282	115	44	94	467	42	42	9	108	94	12	102	17	1	168	46	67	5	9	17	5	7	28	3	6	3	50	3	62	0	5	30	0	13	7	2	3	5	16	18	13	31	5	2	0	6	14	3	11	0	2	5	2	0	0	36	1	10	7	26	2	4	4	0	14	5	3	1	8	4	2	2	6	5	0	2	8	3	10	16	6	0	3	0	1	0	4	4	1	2	1	1	0	5	0	8	4	0	0	0	3	5	11	2	1	4	1	2	5	1	2	0	0	0	3	2	1	0	3	0	0	1	7	3	4	1	1	2	3	0	4	0	0	0	0	0	3	0	3	2	3
263	480	456	166	123	321	30	136	60	5	59	63	84	44	16	42	170	20	9	1	41	30	4	33	4	0	67	13	12	4	8	3	0	4	6	2	2	4	21	0	15	0	0	10	0	7	0	0	3	0	3	5	2	11	2	2	0	1	7	1	5	0	1	3	1	0	0	8	0	3	3	8	3	0	9	0	5	0	1	1	3	1	0	0	2	2	2	0	1	0	1	7	0	1	1	0	0	0	3	1	1	0	1	1	0	6	0	2	1	0	0	0	1	3	0	2	0	0	0	1	1	0	0	0	0	0	1	0	2	1	2	0	1	1	3	1	0	0	0	0	1	0	2	0	0	0	1	0	2	0	0	0	0
112	224	243	74	47	128	6	60	18	0	32	20	43	23	5	16	63	9	8	0	11	11	4	14	1	0	23	6	12	0	1	0	2	2	4	0	1	2	6	1	7	0	0	6	1	4	0	0	0	0	2	5	2	0	1	0	0	1	2	0	2	0	0	1	2	0	0	4	0	1	2	3	0	0	2	0	5	2	0	0	1	0	1	0	1	1	0	0	0	1	1	1	1	0	0	0	0	1	1	2	1	1	0	2	1	3	0	0	1	0	0	0	0	0	1	1	0	1	1	1	0	1	1	0	0	0	0	0	0	0	1	1	0	0	2	0	1	0	0	0	0	0	1	0	0	0	0	0	0	0	0	0	2
214	440	443	158	107	275	15	99	53	5	66	52	84	48	9	39	171	22	14	4	47	31	6	37	3	2	53	10	22	1	2	2	0	1	5	0	4	2	16	2	7	0	0	5	0	4	0	0	1	2	4	10	2	4	2	1	4	5	1	1	1	0	1	2	1	0	0	11	2	1	3	9	0	0	4	0	9	0	3	1	2	1	0	0	1	3	0	0	2	0	2	4	1	0	2	0	0	0	5	0	0	0	0	0	0	1	0	2	2	1	0	0	0	4	3	0	0	1	0	3	1	0	1	1	0	1	1	0	0	1	1	2	0	1	7	2	1	1	0	0	0	2	2	0	0	1	0	0	0	1	0	1	1
30	63	71	19	11	44	2	12	8	2	13	9	14	4	0	3	16	1	2	0	4	5	1	2	0	0	6	1	2	0	1	2	0	0	0	0	0	1	3	0	3	1	0	2	0	0	1	0	0	0	1	0	0	0	1	1	0	0	2	0	1	0	0	0	0	0	0	3	0	1	2	3	1	0	1	0	3	0	0	0	0	0	0	0	0	0	0	0	0	0	1	2	0	1	0	0	0	0	0	0	0	0	1	0	0	1	0	1	0	0	0	0	0	1	0	0	0	0	0	0	1	0	1	0	1	0	0	0	0	0	0	0	0	0	1	0	0	1	0	0	0	0	0	0	0	0	0	0	0	0	0	0	0
38	54	61	23	14	31	2	15	10	0	2	7	17	6	3	6	26	1	1	0	7	7	0	2	0	0	7	0	2	0	0	1	0	0	2	0	0	0	1	0	3	0	1	1	0	0	0	0	0	1	0	2	2	2	0	0	0	0	0	0	0	0	0	0	1	0	0	1	0	0	0	2	0	0	0	0	1	0	0	0	0	0	0	0	0	0	0	0	0	0	1	2	0	0	0	0	1	0	0	0	0	0	0	0	0	0	0	1	0	0	0	0	0	0	0	0	0	0	0	1	0	0	0	0	0	0	0	0	0	0	0	1	0	0	0	0	0	0	0	0	0	0	0	0	0	0	0	0	0	0	0	0	0
366	631	709	251	205	402	25	198	85	10	93	78	121	77	28	57	222	23	23	2	56	47	6	45	5	1	104	33	43	2	1	5	5	9	10	1	8	4	19	1	29	0	3	14	0	9	1	1	5	0	5	9	9	9	4	0	1	6	4	0	7	0	1	1	2	0	0	21	0	1	1	9	2	1	5	1	7	1	4	0	2	1	1	1	2	6	1	2	3	1	10	9	3	1	0	0	1	2	2	2	2	0	1	2	0	3	0	5	0	0	0	0	1	4	3	1	0	0	0	1	0	0	2	0	0	0	1	1	1	0	1	2	0	2	3	2	2	1	0	0	2	0	2	0	0	4	0	1	1	0	0	0	1
0	0	1	0	0	0	0	1	0	0	0	0	0	0	0	0	0	0	0	0	0	0	0	0	0	0	0	0	0	0	0	0	0	0	0	0	0	0	0	0	0	0	0	0	0	0	0	0	0	0	0	0	0	0	0	0	0	0	0	0	0	0	0	0	0	0	0	0	0	0	0	0	0	0	0	0	0	0	0	0	0	0	0	0	0	0	0	0	0	0	0	0	0	0	0	0	0	0	0	0	0	0	0	0	0	0	0	0	0	0	0	0	0	0	0	0	0	0	0	0	0	0	0	0	0	0	0	0	0	0	0	0	0	0	0	0	0	0	0	0	0	0	0	0	0	0	0	0	0	0	0	0	0
115	188	212	68	62	109	8	46	23	1	22	26	47	23	10	11	68	5	10	1	20	16	1	13	0	1	25	4	8	1	3	1	2	4	5	0	1	1	6	0	9	0	0	4	0	1	0	0	2	0	1	5	4	1	1	1	0	2	3	0	1	0	1	0	0	0	0	10	0	1	4	7	0	0	4	0	3	0	2	0	1	0	0	1	1	1	0	0	0	0	2	5	1	0	0	0	0	0	1	0	1	0	0	0	0	2	0	1	0	1	0	0	1	0	1	0	0	0	1	0	1	0	0	0	0	0	0	0	0	0	0	0	0	0	2	0	0	0	0	0	0	0	1	0	0	0	0	0	0	0	1	0	1
326	532	601	201	146	324	23	168	60	12	75	79	127	66	17	50	201	29	16	3	49	30	2	33	8	1	68	19	28	2	3	4	1	4	13	1	5	2	11	1	27	2	1	10	0	3	2	1	1	3	8	11	7	8	2	0	0	3	6	1	5	0	0	4	3	1	0	17	0	2	3	12	1	2	7	1	9	1	1	1	5	2	0	1	2	3	0	0	0	4	0	9	3	1	2	0	1	0	1	1	0	0	1	1	1	9	0	3	2	0	0	0	1	0	2	0	0	3	0	0	1	1	2	0	0	1	1	1	0	0	0	0	0	0	1	1	0	1	0	0	1	2	5	0	0	0	0	0	0	0	0	0	1
76	149	143	48	39	96	8	47	19	3	20	19	25	14	6	12	43	5	1	1	17	6	2	7	4	0	17	4	5	1	1	1	0	2	3	0	1	1	3	1	4	0	0	2	0	0	0	0	0	0	2	3	4	2	2	0	0	0	1	0	1	0	0	0	0	0	0	3	1	1	0	3	0	0	2	0	1	0	0	0	2	1	0	0	0	1	0	0	1	0	0	1	0	0	0	0	0	0	1	0	0	0	0	1	0	0	1	0	0	0	0	0	0	0	4	0	0	0	0	0	1	0	1	0	0	0	0	0	0	1	1	0	0	0	3	0	0	0	0	0	0	0	0	0	0	0	0	0	0	0	0	0	0
56	85	94	34	31	70	1	23	17	2	17	7	25	7	2	5	29	4	3	2	6	5	1	4	0	1	11	3	6	0	0	0	0	2	3	0	0	1	3	0	5	0	0	3	0	1	0	0	0	0	1	0	3	1	0	0	0	1	0	0	1	0	0	0	0	0	0	1	0	0	1	4	0	0	2	0	3	0	0	0	2	0	0	1	0	0	0	0	1	0	1	0	0	0	0	0	0	0	0	0	0	0	1	0	0	0	0	0	0	0	0	0	0	0	1	0	0	0	0	0	0	0	0	0	0	0	0	1	0	0	0	0	0	1	0	1	1	0	0	0	0	0	0	0	0	0	0	0	2	0	0	0	0
136	232	291	94	65	160	19	67	23	5	39	26	42	27	10	20	79	16	2	2	28	24	1	14	2	0	30	9	10	0	3	9	1	5	3	0	2	1	9	0	8	1	2	10	0	1	0	1	0	1	2	6	5	3	0	1	2	1	5	0	1	0	0	2	0	0	0	8	0	0	0	7	1	0	2	0	5	1	1	0	2	0	0	0	1	2	0	0	2	0	5	5	1	0	0	0	0	0	0	0	0	3	0	3	0	1	0	1	0	0	1	0	0	0	5	1	0	0	1	0	0	0	0	0	0	0	1	0	0	0	0	0	0	1	1	0	0	0	0	1	1	0	1	0	0	0	1	0	0	0	0	1	1
429	787	861	295	231	485	37	215	101	14	114	80	175	90	28	47	267	36	29	14	66	64	13	52	6	2	111	21	41	3	7	8	3	4	15	1	8	5	31	1	38	2	2	20	1	7	4	1	2	2	8	14	6	14	0	1	2	6	7	1	6	1	1	0	4	0	0	17	0	1	3	18	1	3	7	0	10	2	1	1	6	0	2	1	4	1	1	0	2	1	9	10	0	2	1	0	0	0	4	1	2	4	3	2	2	6	1	3	1	0	0	0	0	7	4	3	1	1	1	1	1	0	2	0	0	0	2	3	0	0	3	0	0	3	3	2	1	0	0	1	2	1	5	1	0	1	1	0	0	1	3	1	1
10	29	30	11	6	16	0	5	5	1	2	3	5	2	1	0	7	1	1	0	2	0	0	0	1	0	3	1	3	0	0	0	0	0	0	0	0	0	1	0	1	0	0	0	0	0	0	0	0	0	0	0	1	1	0	0	0	0	1	0	1	0	0	0	0	0	0	0	0	0	0	0	0	0	1	0	0	0	0	0	0	0	0	0	0	0	0	0	0	0	1	0	0	0	0	0	0	0	0	0	0	0	0	0	0	0	0	0	0	0	0	0	0	0	0	0	0	0	0	0	0	0	0	0	0	0	0	0	0	0	0	0	0	0	1	0	0	0	1	0	0	0	0	0	0	0	0	0	0	0	0	0	0
262	459	535	178	138	296	19	152	36	6	55	45	101	46	21	40	152	18	19	4	31	24	6	38	3	0	51	14	20	3	3	2	2	2	10	0	2	4	14	0	17	0	4	13	0	3	1	1	2	3	8	3	2	8	4	2	3	1	5	0	2	1	0	0	0	0	0	18	0	1	2	14	3	0	4	0	9	2	1	0	2	1	0	2	3	0	1	0	0	0	6	4	2	0	0	1	0	2	1	2	1	6	1	1	0	4	0	1	2	0	0	0	0	2	3	3	0	1	0	2	0	0	0	1	0	1	0	1	1	0	0	0	0	2	1	0	1	0	0	0	3	1	1	0	0	0	0	0	0	0	0	1	1
188	311	368	112	80	207	19	102	42	5	52	42	61	22	14	25	112	14	11	6	28	23	5	22	2	1	40	13	21	1	2	3	1	3	5	1	2	1	18	0	13	0	2	13	0	5	0	0	2	2	1	7	0	4	2	0	0	1	3	0	3	0	0	1	1	0	0	17	0	2	3	7	1	0	5	0	6	0	3	0	2	0	0	1	1	2	1	1	3	0	3	5	0	0	0	0	0	2	2	0	1	0	0	1	0	4	0	0	0	0	0	0	0	1	0	0	0	0	1	0	0	0	1	0	0	2	0	0	0	0	1	0	0	1	1	0	1	0	0	0	1	1	2	0	0	2	0	0	0	0	0	0	0
41	68	62	24	13	42	2	18	7	2	6	4	11	7	1	2	22	0	2	0	4	5	0	3	2	0	11	2	1	0	0	2	0	1	1	0	0	0	2	0	3	0	0	2	0	2	1	0	0	0	1	0	1	1	1	0	0	0	0	0	0	0	0	0	0	0	0	2	0	0	0	0	0	0	0	0	1	0	0	0	0	0	0	0	0	2	0	0	0	1	0	0	0	0	0	0	0	0	1	0	0	0	0	1	0	1	0	0	0	0	0	0	0	0	1	0	0	0	0	0	1	0	0	0	0	0	0	0	0	0	0	0	0	0	0	0	0	0	0	0	0	1	0	0	0	0	0	0	0	0	0	0	0
75	129	133	60	33	110	4	38	16	1	20	15	25	6	5	13	39	3	7	1	8	15	5	12	1	0	22	10	5	0	5	3	0	1	0	0	0	1	7	0	5	0	0	4	0	3	0	0	1	0	0	2	2	2	0	0	0	2	2	0	2	1	0	1	2	0	0	3	0	2	3	4	1	1	1	0	2	0	0	0	1	0	0	0	0	0	1	0	1	0	1	2	1	0	0	0	0	0	0	0	2	0	0	0	0	2	0	1	0	0	0	0	0	0	0	0	0	0	0	0	0	0	0	1	0	0	0	0	1	0	0	0	0	0	0	0	0	1	0	0	0	0	1	0	0	0	0	0	0	0	0	0	0
4	19	22	9	7	14	2	3	2	0	5	2	2	0	0	1	9	1	2	0	1	3	1	1	0	0	2	1	0	0	0	0	1	1	0	0	0	0	0	0	0	0	0	0	0	0	0	0	0	1	0	1	0	1	0	0	0	0	1	0	0	0	0	0	0	0	0	2	0	0	0	0	1	0	0	0	1	1	0	0	0	0	0	0	1	0	0	0	0	0	0	1	0	0	0	0	0	0	0	0	1	0	1	0	0	1	0	0	0	0	0	0	0	0	1	0	0	0	0	0	0	0	0	0	0	0	0	0	0	0	0	0	0	0	0	0	0	0	0	0	0	0	0	0	0	0	0	0	0	0	0	0	0
1	4	3	0	1	0	0	2	0	0	0	0	1	0	0	0	0	0	0	0	0	0	0	0	0	0	0	0	0	0	0	0	0	0	0	0	0	0	0	0	0	0	0	0	0	0	0	0	0	0	0	0	0	0	1	0	0	0	0	0	0	0	0	0	0	0	0	0	0	0	0	0	0	0	0	0	0	0	0	0	0	0	0	0	0	0	0	0	0	0	0	0	0	0	0	0	0	0	0	0	0	0	0	0	0	0	0	0	0	0	0	0	0	0	0	0	0	0	0	0	0	0	0	0	0	0	0	0	0	0	0	0	0	0	0	0	0	0	0	0	0	0	0	0	0	0	0	0	0	0	0	0	0
24	51	62	27	14	42	5	10	7	0	11	4	9	3	4	3	25	2	2	0	4	2	2	2	1	0	7	1	3	0	0	1	0	0	0	0	2	1	1	0	3	0	0	2	0	1	1	0	0	0	0	0	0	0	0	0	0	0	2	0	0	0	0	0	0	0	0	2	0	0	0	1	0	0	0	0	0	0	1	0	0	1	0	0	0	0	0	0	0	0	0	0	0	0	0	0	0	0	0	0	1	0	1	0	0	0	0	0	0	0	0	0	0	0	0	0	0	0	0	0	1	0	0	0	0	0	0	0	0	0	0	0	0	1	0	0	0	0	0	0	0	0	0	0	0	0	0	0	0	0	0	1	0
58	127	139	59	34	86	4	38	18	2	16	16	25	12	4	5	48	6	1	2	12	9	0	10	2	0	21	4	7	1	2	2	0	1	3	0	0	2	5	0	5	0	1	4	0	1	0	0	1	0	0	2	1	1	0	1	1	0	0	0	1	0	0	2	0	0	0	2	0	1	0	2	0	0	2	0	0	1	0	0	1	0	0	0	1	1	0	1	0	0	0	1	0	1	0	0	1	0	1	0	0	0	0	0	1	1	0	0	0	0	0	0	1	0	1	0	0	0	0	0	0	0	1	0	0	0	0	0	0	0	1	0	0	2	0	0	1	0	0	1	1	2	1	0	0	0	0	0	0	1	0	0	0
203	326	402	134	100	218	17	93	37	7	61	43	71	40	15	27	131	17	12	1	27	24	4	35	2	0	41	12	19	1	2	4	1	6	6	0	3	4	11	1	17	0	2	7	0	2	1	0	1	6	8	6	3	7	2	3	0	4	3	0	6	0	1	0	1	0	0	6	1	0	3	12	3	0	4	0	4	1	1	1	3	0	1	1	0	2	0	0	1	1	4	3	2	0	1	0	0	1	0	0	0	2	1	1	0	2	0	0	0	0	0	0	0	1	4	0	0	1	0	2	1	0	1	0	0	0	1	0	0	0	2	0	0	1	1	1	1	0	0	0	0	0	1	0	0	0	0	0	1	2	0	1	1
50	106	132	40	25	79	5	27	11	3	22	10	16	10	3	8	38	7	3	4	10	9	1	9	1	0	18	3	5	0	2	2	0	0	1	0	1	1	1	0	3	1	0	1	0	1	0	0	0	1	1	1	3	3	0	0	0	0	3	0	1	0	0	0	0	0	0	2	0	0	1	1	1	0	1	0	3	0	1	0	0	0	1	0	0	0	0	0	2	0	2	2	0	1	0	0	0	0	1	0	0	0	0	0	0	0	0	0	0	0	0	0	0	0	1	0	0	0	0	0	0	0	1	0	0	0	1	0	0	0	1	1	0	0	0	3	0	0	0	0	1	0	0	0	0	0	0	0	2	0	0	0	0
23	63	70	27	16	41	3	17	5	0	6	5	14	4	2	2	24	3	2	0	5	3	1	6	2	0	7	2	1	0	1	0	0	0	2	0	1	0	1	0	1	0	0	2	0	0	0	0	2	0	0	0	2	1	0	0	0	0	0	0	1	0	0	0	0	0	0	2	0	0	1	1	0	0	0	0	2	0	0	0	0	0	0	0	0	0	0	0	2	0	1	0	0	0	1	0	0	0	1	0	0	0	0	1	0	2	0	0	0	0	0	0	0	0	0	0	0	0	0	1	0	0	0	0	0	0	0	0	0	0	0	1	0	0	0	0	0	0	0	0	0	0	0	0	0	0	0	0	0	0	0	0	0
28	52	56	19	11	28	0	9	4	0	5	4	9	5	4	3	15	4	1	0	0	3	0	6	0	0	6	3	1	0	0	0	1	2	2	0	0	1	1	0	2	0	1	1	0	1	0	0	0	0	0	1	0	0	0	0	0	0	0	0	1	0	0	0	1	0	0	0	1	0	0	1	0	0	0	0	0	0	0	0	0	0	1	0	0	0	0	0	0	0	1	0	0	0	0	0	0	0	1	0	0	0	0	0	0	1	0	1	0	0	0	0	0	0	0	0	0	0	0	0	0	0	0	0	0	0	0	0	0	0	0	0	0	0	0	0	0	0	0	0	0	0	0	0	0	0	0	0	0	0	0	0	0
71	145	134	46	24	81	2	34	13	4	17	18	26	9	12	16	52	7	4	1	17	8	0	13	1	0	19	6	10	0	0	2	0	2	2	1	1	2	1	0	7	0	0	1	0	1	1	0	0	1	0	3	1	3	0	0	0	1	0	0	0	0	0	1	0	0	0	1	0	0	1	6	0	0	2	0	2	0	0	0	0	1	0	1	0	0	0	0	2	1	1	3	1	0	0	0	0	1	0	0	1	0	0	0	0	0	0	0	0	0	0	0	0	0	0	0	1	0	0	0	0	0	0	0	0	0	0	1	0	0	1	0	0	0	1	1	0	0	0	0	1	0	0	0	0	0	0	0	0	0	0	0	0
38	59	68	19	19	41	1	23	8	2	11	11	14	5	2	3	15	1	2	1	7	5	1	6	0	0	4	3	0	0	1	0	0	0	0	0	0	0	1	0	4	1	0	2	0	1	0	0	0	0	0	1	0	1	0	0	0	0	1	0	0	0	0	0	0	0	0	2	0	0	1	2	0	0	0	0	2	0	1	0	1	0	1	0	0	0	0	0	1	0	1	1	0	0	0	0	0	0	0	1	1	1	0	0	0	0	0	0	0	0	0	0	0	0	1	0	0	0	0	0	0	0	0	0	0	0	0	1	0	0	0	0	0	0	1	0	0	0	0	0	1	1	0	0	0	0	0	0	0	0	0	0	0
39	78	76	30	20	45	3	16	7	1	4	9	20	5	1	8	26	5	2	2	6	4	1	3	1	0	10	1	1	0	1	2	1	0	0	0	1	1	3	0	3	0	0	1	0	1	0	0	0	0	2	2	0	0	2	0	0	0	0	0	0	0	0	0	1	0	0	3	0	0	0	2	0	0	1	0	0	0	0	0	1	0	0	1	1	2	0	0	0	0	1	1	0	0	0	0	0	0	1	0	0	0	0	0	0	0	0	0	0	0	0	0	0	1	1	0	0	0	0	0	0	0	0	0	0	0	0	0	0	0	0	0	0	0	1	1	1	0	0	0	0	0	0	0	0	0	0	0	1	0	0	0	0
41	77	78	30	25	45	3	16	11	0	10	6	11	8	2	7	25	3	1	0	10	6	2	4	0	0	9	4	3	0	0	1	0	0	0	0	1	0	4	0	5	0	0	1	0	0	1	0	0	0	0	1	0	0	0	0	0	1	1	0	1	0	0	0	0	0	0	0	0	1	0	4	0	0	0	0	2	0	0	0	1	2	0	0	0	0	0	0	0	0	1	2	1	0	0	0	1	0	0	0	0	0	0	0	0	0	0	0	0	0	0	0	0	0	2	0	0	0	0	0	0	0	0	0	0	0	0	0	0	0	1	0	0	0	0	0	1	1	0	0	0	0	0	0	0	0	0	0	0	0	0	0	0
132	262	267	82	71	170	10	67	25	2	46	36	47	24	9	20	90	9	5	0	24	12	2	20	5	1	41	9	16	1	3	0	1	7	8	1	2	2	7	2	13	0	2	8	1	0	0	0	0	0	3	2	1	2	1	0	0	1	1	0	0	0	0	2	0	0	0	8	0	2	0	7	0	1	4	0	6	1	1	0	1	0	0	1	4	0	0	0	1	0	3	2	0	0	0	0	0	2	0	0	3	2	0	0	0	2	0	1	0	0	0	1	0	2	2	0	0	3	0	1	0	0	1	0	1	1	0	1	0	0	0	0	0	1	1	2	1	1	0	0	0	0	0	0	0	0	0	1	0	0	0	0	1
18	28	29	17	5	26	0	9	3	0	4	5	8	5	1	0	11	2	0	0	2	3	0	1	0	0	6	2	1	0	0	1	0	0	0	0	0	1	1	0	1	0	0	1	0	0	0	0	2	0	1	1	0	0	0	0	0	0	1	0	0	0	0	0	0	0	0	1	0	1	0	0	0	0	2	0	0	0	0	0	0	0	0	0	0	1	0	0	1	0	0	0	0	0	0	0	0	0	0	0	0	0	0	0	0	0	0	0	0	0	0	0	0	0	0	0	0	0	0	0	0	0	0	0	0	0	0	0	0	0	0	0	0	0	0	1	0	0	0	0	0	0	2	0	0	0	0	0	0	0	0	0	0
1	1	1	1	0	1	1	0	0	0	0	1	0	0	1	2	1	0	0	0	0	1	0	0	0	0	0	0	0	0	0	0	0	0	0	0	0	0	0	0	0	0	0	0	0	0	0	0	0	0	0	0	0	0	0	0	0	0	0	0	0	0	0	0	0	0	0	0	0	0	0	0	0	0	0	0	0	0	0	0	0	0	0	0	0	0	0	0	0	0	0	0	0	0	0	0	0	0	0	0	0	0	0	0	0	0	0	0	0	0	0	0	0	0	0	0	0	0	0	0	0	0	0	0	0	0	0	0	0	0	0	0	0	0	0	0	0	0	0	0	0	0	0	0	0	0	0	0	0	0	0	0	0
5	8	9	3	3	2	0	0	2	0	1	0	4	4	1	3	0	0	0	0	0	0	0	0	0	0	1	0	3	0	0	1	0	0	0	0	0	0	0	0	0	0	0	0	0	0	0	0	0	0	0	0	0	1	0	0	0	0	0	0	0	0	0	0	0	0	0	0	0	0	0	0	0	0	0	0	0	0	0	0	0	0	0	0	0	0	0	0	0	0	0	0	0	0	0	0	0	0	0	0	0	0	0	0	0	0	0	0	0	0	0	0	0	0	0	0	0	0	0	0	0	0	0	0	0	0	0	0	0	0	0	1	0	0	0	0	0	0	0	0	0	0	0	0	0	0	0	0	0	0	0	0	0
0	3	3	0	1	0	0	0	0	0	0	1	0	1	0	0	0	0	1	0	0	0	0	0	0	0	0	0	0	0	0	0	0	0	0	0	0	0	0	0	0	0	0	1	0	0	0	0	0	0	0	0	0	0	0	0	0	1	0	0	0	0	0	0	0	0	0	0	0	0	0	0	0	0	0	0	0	0	0	0	0	0	0	0	0	0	0	0	0	0	0	0	0	0	0	0	0	0	0	0	0	0	0	0	0	0	0	0	0	0	0	0	0	0	0	0	0	0	0	0	0	0	0	0	0	0	0	0	0	0	0	0	0	0	0	0	0	0	0	0	0	0	0	0	0	0	0	0	0	0	0	0	0
28	47	54	17	21	33	1	19	6	2	7	6	15	2	3	4	11	4	1	1	3	2	0	5	0	1	4	0	1	0	1	0	0	0	1	0	0	0	2	0	3	0	0	0	0	0	0	0	1	0	0	4	2	1	0	0	0	0	0	0	1	0	0	0	0	0	0	2	0	1	0	1	0	0	1	0	1	0	0	0	0	1	0	0	0	2	0	0	0	0	0	0	0	0	0	0	0	0	0	0	0	0	0	0	0	1	0	1	0	0	0	0	0	0	1	0	0	0	0	0	0	0	0	0	0	0	0	0	0	0	0	0	0	1	0	0	0	0	0	0	0	0	0	0	0	0	0	0	0	0	1	0	0
13	28	41	15	10	21	2	7	3	0	6	3	5	2	3	2	8	1	0	0	1	3	0	1	2	0	5	2	2	0	0	0	0	0	1	0	0	0	1	0	2	0	1	0	0	0	0	0	0	0	0	0	0	0	2	0	0	0	0	0	0	0	0	0	0	0	0	0	0	0	0	2	0	0	0	0	0	0	0	0	0	0	0	0	0	0	0	0	2	0	0	1	0	0	0	0	0	1	0	0	0	0	0	0	0	0	0	1	0	0	0	0	0	0	0	0	0	0	0	0	0	0	0	0	0	0	0	0	0	0	0	0	0	0	0	0	1	0	0	0	0	0	0	0	0	0	0	0	0	0	1	0	0
21	26	29	5	11	15	2	11	5	0	2	2	8	0	1	1	8	1	0	0	1	2	0	2	0	0	1	0	1	0	0	1	0	0	0	0	0	0	1	0	1	1	1	0	0	0	0	0	0	0	0	0	0	0	0	0	0	0	0	0	0	0	0	0	1	0	0	2	0	0	0	0	0	0	0	0	0	0	0	0	0	0	0	0	0	0	0	0	0	1	0	0	1	0	0	0	1	0	0	0	0	0	0	0	0	1	0	0	0	0	0	0	0	0	0	0	0	0	0	0	0	0	0	0	0	0	0	0	0	0	1	0	0	0	0	0	0	0	0	0	0	0	0	0	0	0	0	0	0	0	0	0	0
12	23	26	10	4	14	0	6	4	0	3	1	3	2	0	1	6	0	0	0	1	3	0	0	0	0	2	0	0	0	1	0	0	0	0	0	0	0	1	0	0	0	0	0	0	0	0	0	0	0	0	0	0	0	0	0	0	0	0	0	0	0	0	0	0	0	0	1	0	0	0	0	0	0	0	0	0	0	0	0	1	0	0	0	0	0	0	0	0	0	0	0	0	0	0	0	0	0	1	0	0	0	0	0	0	0	0	0	0	0	0	0	0	0	1	0	0	0	0	0	0	1	0	0	0	0	0	0	0	0	0	0	0	0	0	0	0	0	0	0	0	0	0	0	0	0	0	0	0	0	0	0	0
222	384	442	152	117	241	12	111	45	11	54	38	76	33	10	35	150	16	11	1	33	34	4	35	6	0	51	15	24	0	4	6	3	0	6	0	3	2	19	1	22	0	1	16	0	4	1	0	1	3	5	6	6	4	1	1	1	4	6	0	3	1	0	0	3	0	1	15	0	3	1	6	0	1	2	0	4	1	0	1	3	0	0	1	3	6	1	1	2	1	4	8	1	1	1	0	0	0	1	1	2	2	1	1	0	2	0	4	0	0	0	0	0	0	5	2	1	1	0	1	2	0	0	0	0	0	1	1	0	0	0	0	0	2	2	0	0	0	0	0	2	0	2	0	0	1	0	1	1	0	0	2	0
7	24	19	7	7	14	1	5	1	1	1	0	7	2	0	0	6	0	1	0	3	1	0	1	0	0	3	2	3	1	1	0	0	0	1	0	0	0	0	0	0	0	0	0	0	0	0	0	0	0	0	0	0	0	0	0	0	0	0	0	0	0	0	0	0	0	0	1	0	0	0	1	0	0	0	0	0	0	0	0	0	0	0	0	0	0	0	0	0	1	0	0	0	0	0	0	0	1	0	0	0	0	1	0	0	0	0	0	0	0	0	0	0	0	1	0	0	0	0	0	0	0	0	0	0	0	0	0	0	0	0	0	0	0	0	0	0	0	0	0	0	0	0	0	0	0	0	0	0	0	0	0	0
7	10	6	2	1	3	0	4	1	0	2	0	0	1	0	4	4	0	0	0	1	0	0	0	0	0	0	0	0	0	1	0	0	0	0	0	0	0	0	0	1	0	0	0	0	0	0	0	0	0	0	0	0	0	0	0	0	0	0	0	0	0	0	0	0	0	0	0	0	0	0	0	0	0	0	0	0	0	0	0	0	0	0	0	1	0	0	0	0	0	0	0	0	0	0	0	0	0	0	0	0	0	0	0	0	0	0	0	0	0	0	0	0	0	0	0	0	0	0	0	0	0	0	0	0	0	0	0	0	0	0	0	0	0	0	0	0	0	0	0	0	0	0	0	0	0	0	0	0	0	0	0	0
5	16	15	2	4	9	1	5	2	1	3	1	1	1	1	0	6	0	0	0	3	1	0	0	0	0	2	1	1	1	0	1	0	0	0	0	0	0	2	0	1	0	0	0	0	0	0	0	0	0	0	0	0	0	0	0	0	0	0	0	0	0	0	0	1	0	0	0	0	0	0	1	0	0	0	0	0	0	0	0	0	0	0	0	0	0	0	0	0	0	0	0	0	0	0	0	0	0	0	0	0	0	0	0	0	0	0	0	0	0	0	0	0	0	0	0	0	0	0	0	0	0	0	0	0	0	0	0	0	0	0	0	0	0	0	0	0	0	0	0	0	0	0	0	0	0	0	0	0	0	0	0	0
82	155	142	58	30	104	8	51	17	3	25	15	27	16	6	13	55	6	1	0	14	14	2	9	0	0	14	4	5	1	0	4	0	1	2	0	0	0	8	1	5	0	0	1	1	4	0	0	0	0	0	1	2	1	2	0	1	1	2	0	0	0	0	1	0	0	0	2	1	0	0	3	0	1	1	0	1	0	0	0	0	0	0	0	1	0	0	0	0	0	1	1	1	0	1	0	0	0	2	0	0	0	0	1	0	1	0	0	0	0	1	0	0	0	0	0	0	0	0	0	0	0	0	0	0	0	0	0	0	0	0	0	0	0	0	0	0	1	0	0	1	0	0	0	0	1	0	1	1	0	0	2	0
1	4	5	2	1	1	0	0	1	0	0	0	3	0	0	0	0	0	0	0	0	0	0	1	0	0	0	0	0	0	0	0	0	0	0	0	0	0	0	0	0	0	0	0	0	0	0	0	0	0	0	0	0	0	0	0	0	0	0	0	0	0	0	0	0	0	0	0	0	0	0	0	0	0	0	0	0	0	0	0	0	0	0	0	0	0	0	0	0	0	0	0	0	0	0	0	0	0	0	0	0	0	0	0	0	0	0	0	0	0	0	0	0	0	0	0	0	0	0	0	0	0	0	0	0	0	0	0	0	0	0	0	0	0	0	0	0	0	0	0	0	0	0	0	0	0	0	0	0	0	0	0	0
50	95	99	50	24	59	3	29	8	4	10	10	25	8	4	4	36	2	4	0	11	9	1	9	0	1	13	2	3	0	2	2	2	3	2	0	0	0	1	0	4	1	0	1	0	3	0	0	1	0	2	3	3	2	0	0	1	1	0	0	1	0	1	0	1	0	0	1	0	1	1	3	0	1	0	0	2	0	1	0	0	0	0	0	1	0	0	0	1	0	0	2	0	0	0	0	0	0	0	0	0	0	0	0	0	2	0	0	0	0	0	0	0	0	1	0	0	0	1	0	0	0	0	0	0	0	0	0	0	0	0	0	0	0	0	1	0	1	0	0	1	0	0	0	0	0	0	0	0	0	1	0	1
16	36	39	16	14	34	2	16	4	1	6	3	11	5	6	7	15	1	1	1	2	3	1	3	1	1	7	0	1	2	0	0	0	0	0	0	0	3	1	0	3	0	0	1	0	2	0	0	0	0	1	0	0	0	1	0	0	1	0	0	0	0	0	0	0	0	0	1	0	0	0	2	0	0	0	0	1	0	0	0	1	0	0	0	0	0	0	0	1	1	1	1	0	0	0	0	0	0	0	1	0	0	1	0	0	1	0	0	0	0	0	0	0	1	0	0	0	0	0	1	0	0	0	0	0	0	0	0	0	0	0	0	0	0	2	0	0	0	0	0	0	0	0	0	0	0	0	0	0	0	0	0	0
40	54	71	31	20	45	3	13	4	1	7	8	15	10	3	4	22	1	0	0	10	4	1	5	2	0	5	6	3	1	0	1	0	1	1	0	0	2	5	0	1	0	0	3	0	0	0	0	0	0	1	0	0	3	0	1	0	0	1	0	2	0	0	0	0	0	0	2	0	0	0	3	0	0	0	0	1	0	0	0	1	0	0	0	0	0	0	0	0	0	0	0	0	0	0	0	0	0	0	0	0	0	0	0	0	1	0	0	0	0	0	0	0	0	1	0	0	1	0	1	1	0	0	0	0	0	0	0	0	0	0	0	0	0	0	1	0	0	0	0	1	0	0	0	0	0	0	0	0	0	0	0	0
13	21	28	7	5	16	1	2	3	0	2	2	3	4	1	3	7	0	2	0	2	1	0	1	0	0	0	1	0	0	0	0	0	0	0	0	0	0	4	0	2	0	0	1	0	1	0	0	0	0	1	0	0	2	0	0	0	1	0	0	0	0	0	0	0	0	0	0	0	0	0	0	0	0	1	0	0	0	0	0	1	0	0	0	0	0	0	0	0	0	0	0	0	0	0	0	0	0	0	1	0	0	0	0	0	0	0	0	0	0	0	0	0	0	0	1	0	0	0	0	0	0	0	0	0	1	0	1	0	0	0	0	0	0	0	0	0	0	0	0	0	0	0	0	0	0	0	0	0	0	0	0	0
8	22	22	6	1	4	1	5	0	0	4	0	2	1	2	1	3	0	0	1	2	1	0	0	0	0	2	0	0	0	0	0	0	0	0	0	0	0	0	0	0	0	0	0	0	0	0	0	0	0	0	1	0	0	0	0	0	0	0	0	0	0	0	0	0	0	0	0	0	0	0	0	0	0	0	0	0	0	0	0	0	0	0	0	0	0	0	0	0	0	0	0	0	0	0	0	0	0	0	0	0	0	0	0	0	0	0	0	2	0	0	0	0	0	0	0	0	0	0	0	1	0	0	0	0	0	0	0	0	0	0	0	0	1	0	0	0	0	0	0	0	0	0	0	0	0	0	0	0	0	0	0	1
13	20	17	10	6	14	0	5	2	0	5	1	6	2	1	3	9	0	0	1	1	2	0	1	0	1	2	0	1	0	0	0	0	0	0	0	0	0	0	0	1	0	0	0	0	0	0	0	0	0	2	0	0	0	0	0	0	0	0	0	0	0	0	0	0	0	0	1	0	0	0	1	0	0	1	0	2	0	1	0	0	0	0	0	0	0	0	0	1	0	0	1	0	0	1	0	0	0	0	0	0	0	0	0	0	0	0	0	0	0	0	0	0	0	1	0	0	0	0	0	0	0	0	0	0	0	0	0	0	0	0	0	0	0	0	0	0	0	0	0	0	0	0	0	0	0	0	0	0	0	0	0	0
27	38	48	14	9	30	3	4	4	0	8	3	8	2	1	3	17	2	1	0	2	2	0	1	0	0	4	2	2	0	1	1	0	1	0	0	0	0	0	1	1	0	0	1	0	1	1	0	0	0	0	0	0	1	0	0	0	1	0	0	1	0	0	0	0	0	1	1	0	2	0	2	0	1	0	0	1	0	0	0	0	1	0	0	0	0	0	0	0	0	0	0	0	0	0	0	0	0	0	0	0	0	0	0	0	0	0	1	0	0	0	0	0	0	0	0	0	0	0	0	0	0	0	0	1	0	0	0	0	0	0	0	0	0	0	0	0	0	0	0	0	0	0	0	0	0	0	0	0	0	0	0	0
8	15	20	11	1	9	0	2	1	0	3	2	3	1	0	3	7	0	0	0	1	1	0	0	0	0	3	1	2	0	0	0	0	0	0	0	0	0	0	0	1	0	0	0	0	0	0	0	0	0	0	0	0	0	0	0	0	0	0	0	0	0	1	0	0	0	0	0	0	0	0	1	0	0	1	0	0	1	0	0	0	0	0	0	0	0	0	0	0	0	1	0	0	0	0	0	0	0	0	0	0	0	0	0	0	0	0	0	0	0	0	0	0	0	0	0	0	0	0	0	0	0	0	0	0	0	0	0	0	0	0	0	0	0	0	0	0	0	0	0	0	0	0	0	0	0	0	0	0	0	0	0	0
20	52	43	15	13	29	2	10	6	3	3	8	17	0	2	5	10	2	2	0	4	1	1	3	0	0	7	6	2	0	1	0	0	0	0	0	0	0	0	0	2	0	1	3	0	1	0	0	0	0	0	1	0	1	0	0	0	0	0	0	0	0	0	0	0	0	0	1	0	0	0	2	0	0	0	0	1	0	0	0	0	0	1	0	0	0	0	0	0	0	0	0	0	0	0	0	0	0	0	0	1	0	1	0	0	0	0	0	0	0	0	0	0	0	0	0	0	0	0	0	1	0	0	0	0	0	0	0	0	0	0	0	0	0	0	0	0	0	0	1	0	0	1	0	0	0	0	0	0	0	0	0	0
9	18	20	7	5	10	0	2	4	0	1	4	2	0	1	0	5	0	0	0	1	1	0	1	1	0	2	1	2	0	0	0	0	0	3	0	0	0	1	0	0	0	0	0	0	0	0	0	0	0	0	0	0	0	0	0	0	0	0	0	1	0	0	0	0	0	0	0	0	0	0	0	0	0	2	0	0	0	0	1	0	0	0	0	0	0	0	1	1	0	0	0	0	0	0	0	0	1	0	0	0	0	0	0	0	0	0	0	1	0	0	0	0	0	0	0	0	0	0	0	1	0	0	0	0	0	0	0	0	0	0	0	0	0	0	0	0	1	0	0	0	0	0	0	0	0	0	0	0	0	0	0	0
2	11	8	6	1	4	0	2	1	0	3	2	1	0	0	0	5	0	0	0	1	2	0	1	0	0	1	1	1	0	0	0	0	0	0	0	1	0	0	0	0	0	0	0	0	0	0	0	0	0	0	0	0	0	0	0	0	0	0	0	0	0	0	0	0	0	0	0	0	0	0	0	0	0	0	0	0	0	0	0	1	0	0	0	0	0	0	0	0	0	0	0	0	0	0	0	0	0	0	0	0	0	0	0	0	0	0	0	0	0	0	0	0	0	0	0	0	0	0	0	0	0	0	0	0	0	0	0	0	0	0	0	0	0	0	0	0	0	0	0	0	0	0	0	0	0	0	0	0	0	0	0	0
5	17	17	6	2	5	0	5	1	2	2	1	2	1	0	0	4	0	0	0	1	1	0	1	0	0	0	1	2	0	0	0	0	0	0	0	0	0	0	0	1	0	0	0	0	0	0	0	0	0	0	0	0	0	0	0	0	0	1	0	0	0	0	0	0	0	0	0	0	0	0	0	0	0	0	0	0	0	0	1	0	0	0	0	0	0	0	0	0	0	0	2	0	0	0	0	0	0	0	0	0	0	0	0	0	0	0	0	0	0	0	0	0	0	0	0	0	0	0	0	0	0	0	0	0	0	0	0	0	0	0	0	0	0	0	0	0	0	0	0	0	0	0	0	0	0	0	0	0	0	0	0	0
25	33	38	10	4	26	2	10	4	1	8	4	5	5	1	2	11	0	1	0	4	6	0	0	0	0	4	1	1	0	0	1	0	0	1	0	0	0	1	0	1	0	0	0	0	1	0	0	0	0	0	0	0	1	1	0	1	0	0	0	1	0	0	0	0	0	0	0	0	0	0	1	0	0	1	0	0	0	0	0	0	0	0	0	0	0	0	0	0	0	0	2	0	0	0	0	0	0	0	0	0	0	0	0	0	1	0	0	0	0	0	0	0	0	0	0	0	0	0	0	0	0	0	0	0	0	0	0	0	0	0	0	0	0	1	0	0	1	0	0	0	0	0	0	0	0	0	0	0	0	0	0	0
7	16	27	8	7	16	4	4	3	1	5	2	3	3	0	3	4	1	0	0	1	2	1	2	0	0	3	1	1	0	0	0	0	1	3	0	0	0	0	0	2	0	0	0	0	0	0	0	0	0	0	1	0	0	0	1	0	0	0	0	0	0	0	0	0	0	0	0	0	0	0	0	0	0	1	0	1	0	0	0	0	0	0	0	0	0	0	0	1	0	0	1	0	0	1	0	0	0	0	0	0	0	0	0	0	0	0	0	0	0	0	0	0	0	0	0	0	0	0	0	0	0	0	0	0	0	0	0	0	0	0	0	0	0	0	0	0	0	0	0	0	0	0	0	0	0	0	0	0	0	0	0	0
6	11	17	4	5	8	1	5	2	0	5	1	4	2	0	3	4	1	1	0	3	0	0	1	0	0	1	1	1	0	0	0	0	0	0	0	1	0	0	0	1	0	0	0	0	0	0	0	0	0	0	0	0	0	0	0	0	0	0	0	0	0	0	0	0	0	0	1	0	0	0	0	0	0	0	0	0	0	0	0	0	0	0	0	0	0	0	0	0	0	0	0	0	0	0	0	0	0	0	0	0	0	0	0	0	0	0	0	0	0	0	0	0	0	0	0	0	1	0	0	0	0	0	0	0	0	0	0	0	0	0	0	0	0	0	0	0	0	0	0	0	0	0	0	0	0	0	0	0	0	0	0	0
2	4	9	2	0	1	0	2	0	0	0	0	1	0	0	2	0	0	1	0	1	0	0	0	0	0	2	0	0	1	0	0	0	0	0	0	0	0	1	0	0	0	0	0	0	0	0	0	0	0	0	0	0	1	0	0	0	0	0	0	0	0	0	0	0	0	0	1	0	0	0	0	0	0	0	0	0	0	0	0	0	0	0	0	0	0	0	0	0	0	0	0	0	0	0	0	0	0	0	0	0	0	0	0	0	0	0	0	0	0	0	0	0	0	0	0	0	0	0	0	0	0	0	0	0	0	0	0	0	0	0	0	0	1	0	0	0	0	0	0	0	0	1	0	0	0	0	0	0	0	0	0	0
37	67	58	16	13	27	0	19	9	1	6	8	15	6	3	3	16	2	3	1	8	4	1	7	0	0	11	1	0	0	1	2	0	0	1	0	0	0	2	1	2	0	0	2	0	0	0	0	0	1	0	0	0	1	0	1	0	0	0	0	0	0	0	0	0	0	0	2	0	0	0	4	0	0	0	0	0	0	0	0	0	0	0	0	0	0	0	0	1	1	0	1	0	1	0	0	0	0	0	0	0	0	0	0	0	0	0	0	2	0	0	0	0	0	0	0	0	0	0	1	0	0	0	0	0	0	0	0	0	0	1	0	0	0	1	0	0	0	0	0	0	0	1	0	0	0	0	1	0	0	0	0	0
5	7	4	4	2	4	0	2	1	0	1	0	4	0	0	1	1	0	0	0	1	0	2	0	0	0	2	0	0	0	0	0	0	0	0	0	1	0	0	0	0	0	0	1	0	0	0	0	0	0	0	0	0	0	0	0	0	0	0	0	0	0	0	0	0	0	0	0	0	0	0	1	0	0	0	0	1	0	0	0	0	0	0	0	0	0	0	0	0	0	0	0	0	0	0	0	1	0	0	0	0	0	0	0	0	0	0	0	0	0	0	0	0	0	0	0	0	0	0	0	0	0	0	0	0	0	0	0	0	0	0	0	0	0	0	0	0	0	0	0	0	0	0	0	0	0	0	0	1	0	0	0	0
4	6	11	5	3	3	1	5	0	0	0	1	1	1	0	0	1	0	0	0	0	0	0	0	0	0	0	0	0	0	0	0	0	0	0	0	0	0	0	0	1	0	0	0	0	0	0	0	0	0	0	0	0	0	0	0	0	0	0	0	0	0	0	0	0	0	0	0	0	0	1	0	0	0	0	0	0	0	0	0	0	0	0	0	0	0	0	0	0	0	0	0	0	0	0	0	0	0	0	0	0	0	0	0	0	0	0	0	0	0	0	0	0	0	0	0	0	0	0	0	0	0	0	0	0	0	0	0	0	0	0	0	0	0	0	0	0	0	0	0	0	0	0	0	0	0	0	0	0	0	0	0	0
5	7	10	4	2	7	0	3	1	0	3	0	0	1	0	1	2	1	0	1	1	1	0	1	0	0	6	1	0	0	0	0	0	0	0	0	0	0	1	0	0	0	0	0	0	0	0	0	0	0	0	1	0	0	0	0	0	0	0	0	0	0	0	0	0	0	0	0	0	0	0	1	0	0	0	0	0	0	0	0	0	0	0	0	0	0	0	0	0	0	0	0	0	0	0	0	0	0	0	0	0	0	0	0	0	0	0	0	0	0	0	0	0	0	0	0	0	0	0	0	0	0	0	0	0	0	0	0	0	0	0	0	0	0	0	0	0	0	0	0	1	0	0	0	0	0	0	0	0	0	0	0	0
10	31	23	12	6	18	2	4	4	0	3	6	6	4	0	0	8	1	1	0	2	1	1	3	0	0	6	0	0	0	0	1	0	0	1	0	0	0	3	0	0	0	0	0	0	0	0	0	0	0	1	0	0	0	0	0	0	0	0	0	0	0	0	0	0	0	0	1	0	0	0	0	0	0	0	0	0	0	0	0	0	0	0	0	0	0	0	0	0	0	1	0	0	0	0	0	0	0	0	0	0	0	0	0	0	1	0	0	0	0	0	0	0	0	0	0	0	0	0	0	0	1	0	0	0	0	0	1	0	0	0	0	0	0	0	0	0	0	0	0	0	0	0	0	0	0	0	0	0	0	0	0	0
10	18	17	7	5	15	0	3	0	0	3	2	3	3	0	1	6	1	0	0	3	2	0	3	0	0	1	0	0	0	0	0	0	1	0	0	0	0	0	0	0	0	0	0	0	0	0	0	0	0	0	0	0	0	0	0	1	1	0	0	0	0	0	0	0	0	0	1	0	0	0	1	0	0	0	0	0	0	0	0	0	0	0	0	0	0	0	0	0	0	1	0	0	0	0	0	0	0	2	0	0	0	1	0	0	0	0	0	0	0	0	0	0	0	0	0	0	0	0	0	0	0	0	0	0	0	0	0	0	0	0	0	0	0	0	1	0	0	0	0	1	0	0	0	0	0	0	0	0	0	0	0	0
8	9	15	4	5	6	0	7	1	0	2	0	4	1	1	1	2	0	0	0	1	1	1	2	0	0	0	1	0	0	0	0	0	0	0	0	0	0	0	0	0	0	0	0	0	0	0	0	0	0	0	0	0	0	0	0	0	0	0	0	0	0	0	0	0	0	0	0	0	0	0	0	0	0	0	0	1	0	0	0	0	0	0	0	0	0	0	0	0	0	1	0	0	0	0	0	0	0	0	0	0	0	0	0	0	0	0	0	0	0	0	0	0	0	0	0	0	0	0	0	0	0	0	0	0	0	0	0	0	0	0	0	0	0	0	1	0	0	0	0	0	0	0	0	0	0	0	0	0	0	0	0	0
1	1	4	1	0	0	0	0	0	0	0	0	1	0	0	0	0	0	0	0	0	0	0	1	0	0	0	0	0	0	0	0	0	0	0	0	0	0	0	0	0	0	0	0	0	0	0	0	0	0	0	0	0	0	0	0	0	0	0	0	0	0	0	0	0	0	0	0	0	0	0	0	0	0	0	0	0	0	0	0	0	0	0	0	0	0	0	0	0	0	0	0	0	0	0	0	0	0	0	0	0	0	0	0	0	0	0	0	0	0	0	0	0	0	0	0	0	0	0	0	0	0	0	0	0	0	0	0	0	0	0	0	0	0	0	0	0	0	0	0	0	0	0	0	0	0	0	0	0	0	0	0	0
21	40	37	10	14	25	1	8	2	1	7	6	6	3	0	2	17	2	0	1	5	2	1	3	0	0	4	2	1	0	0	1	0	0	1	0	0	0	1	0	2	0	0	1	0	1	0	0	0	1	3	1	2	0	0	0	0	0	0	0	1	0	0	0	0	0	0	0	0	0	0	0	0	0	0	0	0	0	0	0	1	0	0	0	1	2	0	0	1	0	0	0	1	0	0	0	0	0	0	0	0	0	1	0	0	0	0	0	1	0	0	0	0	1	0	0	0	0	0	0	0	0	0	0	0	0	1	0	0	0	0	0	0	0	1	0	0	0	0	0	0	0	0	0	0	0	0	0	0	0	0	0	0
10	9	12	3	4	8	0	5	2	0	2	1	1	2	1	1	2	0	0	0	1	1	0	0	0	0	2	2	1	0	0	0	0	0	0	0	0	0	1	0	1	0	0	0	0	0	1	0	0	0	0	0	0	0	0	0	0	0	0	0	0	0	0	0	0	0	0	0	0	0	0	0	0	0	0	0	0	0	0	0	0	0	0	0	0	0	0	0	0	0	0	0	0	0	0	0	0	0	0	0	0	0	0	0	0	0	0	0	0	0	0	0	0	0	1	0	0	0	0	0	0	0	0	0	0	0	0	0	0	0	0	0	0	0	0	0	0	0	0	1	0	0	0	0	0	0	0	0	0	0	0	0	0
0	2	3	2	1	0	0	0	0	0	1	1	0	0	0	0	1	0	1	0	0	0	1	1	0	0	0	0	0	0	0	0	0	0	0	0	0	0	0	1	1	0	0	0	0	0	0	0	0	0	0	0	0	1	0	0	0	0	1	0	0	0	0	0	0	0	0	1	0	0	0	0	0	0	0	0	0	0	0	0	0	0	0	0	0	0	0	0	0	0	0	0	0	0	0	0	0	0	0	0	0	0	0	0	0	0	0	0	0	0	0	0	0	0	0	0	0	0	0	0	0	0	0	0	0	0	0	0	0	0	0	0	0	0	0	0	0	0	0	0	0	0	0	0	0	0	0	0	0	0	0	0	0
34	86	80	26	19	59	2	17	7	4	8	11	17	11	3	7	20	5	0	2	8	6	1	1	0	0	9	1	1	0	0	2	0	0	1	0	0	0	2	0	4	0	0	5	0	1	0	0	0	0	0	0	4	1	0	0	0	0	0	0	2	0	0	0	0	0	0	3	0	0	0	3	0	1	0	0	1	0	0	0	2	0	0	0	0	1	0	0	0	0	1	0	0	0	0	0	0	0	0	0	0	0	0	0	0	0	0	0	1	0	0	0	0	0	1	1	0	0	1	0	0	0	0	0	0	0	0	0	0	0	0	0	0	0	0	0	0	0	0	0	0	0	1	0	0	0	0	0	0	0	0	0	0
1	0	2	3	2	3	0	0	1	0	0	0	0	0	0	0	0	0	0	0	1	0	0	0	0	0	0	0	1	0	0	0	0	0	0	0	0	0	0	0	0	0	0	0	0	0	0	0	0	0	0	0	0	0	0	0	0	0	0	0	0	0	0	0	0	0	0	0	0	0	0	0	0	0	0	0	0	0	0	0	0	0	0	0	0	0	0	0	0	1	0	0	0	0	0	0	0	0	0	0	0	0	0	0	0	0	0	0	0	0	0	0	0	0	0	0	0	0	0	0	0	0	0	0	0	0	0	0	0	0	0	0	0	0	0	0	0	0	0	0	0	0	0	0	0	0	0	0	0	0	0	0	0
5	5	9	3	3	4	0	0	0	0	0	0	0	0	0	0	2	0	0	0	2	2	0	0	0	0	1	0	1	0	0	0	0	0	1	0	0	0	0	0	0	0	0	0	0	0	0	0	0	0	0	0	0	0	0	0	0	0	0	0	0	0	0	0	0	0	0	0	0	0	0	0	0	0	0	0	0	0	0	0	0	0	0	0	0	0	0	0	0	0	0	0	0	0	0	0	0	0	0	0	0	0	0	0	0	0	0	0	0	0	0	0	0	0	0	0	0	0	0	0	0	0	0	0	0	0	0	0	0	0	0	0	0	0	0	0	0	0	0	0	0	0	0	0	0	0	0	0	0	0	0	0	0
4	3	6	1	0	0	0	0	0	0	1	1	1	0	1	0	2	0	0	0	0	0	0	1	0	0	0	0	0	0	0	0	0	0	0	0	0	0	0	0	0	0	0	0	0	0	0	0	0	0	0	0	0	0	0	0	0	0	0	0	0	0	0	0	0	0	0	0	0	0	1	0	0	0	0	0	0	0	0	0	0	0	0	0	0	0	0	0	0	0	0	0	0	0	0	0	0	0	0	0	0	0	0	0	0	0	0	0	0	0	0	0	0	0	0	0	0	0	0	0	1	0	0	0	0	0	0	0	0	0	0	0	0	0	0	0	0	0	0	0	0	0	0	0	0	0	0	0	0	0	0	0	0
11	16	18	8	4	14	2	10	3	0	6	3	5	4	1	0	6	0	1	0	1	3	0	1	0	0	3	1	1	0	0	0	0	0	0	0	0	0	1	0	0	0	0	0	0	0	0	0	0	0	0	0	1	2	0	0	0	0	1	0	0	0	0	0	0	0	0	0	0	0	0	2	0	0	1	0	0	0	0	0	0	0	0	0	0	0	0	0	0	0	0	1	0	0	0	0	0	0	0	0	0	0	0	0	0	0	0	0	0	0	0	0	0	0	1	0	0	0	0	0	0	0	0	0	0	0	0	0	0	0	0	0	0	0	0	0	0	0	0	0	0	0	0	0	0	0	0	0	0	0	0	0	0
1	3	7	3	0	1	0	0	0	0	1	1	1	0	0	0	2	0	0	0	0	2	1	1	0	0	0	1	0	0	0	0	0	0	0	0	0	0	0	0	0	0	0	0	0	0	0	0	0	0	0	0	0	0	0	0	0	0	0	0	0	0	0	0	0	0	0	0	0	0	0	1	0	0	0	0	0	0	0	0	0	0	0	0	0	0	0	0	0	0	0	0	0	0	0	0	0	0	0	0	0	0	0	0	0	0	0	0	0	0	0	0	0	0	0	0	0	0	0	0	0	0	0	0	0	0	0	0	0	0	0	0	0	0	0	0	0	0	0	0	0	0	0	0	0	0	0	0	0	0	0	0	0
0	7	3	0	2	1	0	0	0	0	0	0	1	1	0	0	2	0	0	0	1	1	0	0	0	0	0	0	1	0	0	0	0	0	0	0	0	0	0	0	0	0	0	0	0	0	0	0	0	0	0	0	0	0	0	0	0	0	0	0	0	0	0	0	0	0	0	0	0	0	0	0	0	0	0	0	0	0	0	0	0	0	0	0	0	0	0	0	0	0	0	0	0	0	0	0	0	0	0	0	0	0	0	0	0	0	0	0	0	0	0	0	0	0	0	0	0	0	0	0	0	0	0	0	0	0	0	0	0	0	0	0	0	0	0	0	0	0	0	0	0	0	0	0	0	0	0	0	0	0	0	0	0
3	7	6	3	3	3	0	2	1	0	0	0	1	0	0	1	2	1	0	0	1	1	0	1	0	0	1	0	0	0	1	0	0	0	0	0	0	0	0	0	0	0	0	0	0	0	0	0	0	0	0	0	1	1	0	0	0	0	0	0	0	0	0	0	0	0	0	0	0	0	0	1	0	0	0	0	0	0	0	0	0	0	0	0	0	0	0	0	0	0	0	0	0	0	0	0	0	0	0	0	0	0	0	1	0	0	0	0	0	0	0	0	0	0	0	1	0	0	0	0	0	0	0	0	0	0	0	0	0	0	0	0	0	0	0	0	0	0	0	0	0	0	0	0	0	0	0	0	0	0	0	0	0
1	1	1	0	0	4	0	2	0	0	0	1	0	0	0	0	2	0	0	0	0	0	0	0	0	0	0	0	1	0	0	0	0	0	1	0	0	0	0	0	0	0	0	0	0	0	0	0	0	0	0	0	0	0	0	0	0	0	0	0	0	0	0	0	0	0	0	0	0	0	0	0	0	0	0	0	0	0	0	0	0	0	0	0	0	0	0	0	0	0	0	0	0	0	0	0	0	0	0	0	0	0	0	0	0	0	0	0	0	0	0	0	0	0	0	0	0	0	0	0	0	0	0	0	0	0	0	0	0	0	0	0	0	0	0	0	0	0	0	0	0	0	0	0	0	1	0	0	0	0	0	0	0
40	69	73	26	19	49	0	16	4	0	8	9	16	8	1	6	19	1	2	0	5	2	0	8	0	0	5	3	2	2	1	1	0	1	1	0	1	0	3	0	3	0	0	1	0	2	0	0	1	1	2	1	1	0	1	0	0	0	0	0	1	0	1	0	0	0	0	1	0	0	0	1	0	0	1	0	0	0	0	1	0	0	0	0	0	0	0	0	0	0	0	0	0	0	0	0	0	0	0	0	0	0	0	1	0	1	0	0	1	0	0	0	0	0	0	1	0	0	0	0	0	0	0	0	0	0	1	0	0	0	0	0	0	0	0	0	0	1	0	0	0	0	0	0	0	0	0	0	0	0	0	0	0
8	13	17	5	3	15	0	5	5	1	1	4	4	2	1	0	2	0	0	0	1	0	0	2	1	0	0	0	0	0	0	0	0	0	1	0	0	0	2	0	0	0	0	0	0	0	0	0	0	0	0	0	0	0	0	0	0	0	0	0	0	0	0	0	0	0	0	0	0	0	0	0	0	0	0	0	0	0	0	0	1	0	0	0	0	0	0	0	0	0	0	0	0	0	0	0	0	0	0	0	0	0	0	0	0	1	0	1	0	0	0	0	0	0	0	0	0	0	0	0	0	0	0	0	0	0	0	0	0	0	0	0	0	0	0	0	0	0	0	0	0	0	0	0	0	0	0	0	0	0	0	0	0
2	4	8	2	2	5	2	4	1	0	0	1	1	1	1	0	0	0	0	0	1	1	0	0	0	0	2	0	0	0	0	0	0	0	0	0	0	0	0	0	1	0	0	0	0	1	0	0	0	0	0	0	0	2	0	0	0	0	0	0	0	0	0	0	0	0	0	0	0	0	0	0	0	0	0	0	1	0	0	0	0	0	0	0	0	0	0	0	0	0	0	0	0	0	0	0	0	0	0	0	0	0	0	0	0	0	0	0	0	0	0	0	1	0	0	0	0	0	0	0	0	0	1	0	0	0	0	0	0	0	0	0	0	0	0	0	0	0	0	0	0	0	0	0	0	0	0	0	0	0	0	0	0
6	8	15	6	2	4	2	4	1	1	1	1	0	0	0	0	4	0	1	0	0	0	0	0	0	0	2	0	0	1	0	1	0	0	0	0	0	0	1	0	0	0	0	0	0	0	0	0	0	0	0	0	0	0	0	0	0	0	0	0	0	0	0	0	0	0	0	0	0	0	0	0	0	0	0	0	0	0	0	0	0	0	0	0	0	0	0	0	0	0	0	0	0	0	0	0	0	0	0	0	0	0	0	0	0	0	0	0	0	0	0	0	0	0	0	0	0	0	0	0	0	0	0	0	0	0	0	0	0	0	0	0	0	1	0	0	0	0	0	0	0	0	0	0	0	0	0	0	0	0	0	0	0
2	8	9	2	6	10	0	2	3	0	1	2	4	1	0	0	3	1	1	0	1	3	0	0	0	0	1	0	1	0	0	1	0	1	1	0	0	0	1	0	0	0	0	1	0	0	0	0	0	0	0	0	0	0	0	0	0	0	0	0	0	0	0	0	0	0	0	0	0	0	0	1	1	0	1	0	0	0	0	0	0	0	0	0	0	1	0	0	0	0	0	1	0	0	0	0	0	0	0	0	0	0	0	0	0	0	0	0	0	0	0	0	0	0	0	0	0	0	0	0	0	0	0	0	0	0	0	0	0	0	0	0	0	0	0	0	0	0	0	0	0	0	0	0	0	0	0	0	0	0	0	0	0
6	19	19	11	8	10	0	12	10	0	1	4	2	1	1	2	12	0	0	0	1	3	0	3	0	0	3	0	2	0	0	0	0	1	1	0	0	0	1	0	0	0	0	0	0	0	0	0	0	1	0	0	0	0	0	0	0	0	0	0	0	0	0	0	0	0	0	2	0	1	0	0	0	1	0	0	2	0	0	0	0	0	0	0	0	0	0	0	1	1	0	1	0	0	0	0	0	0	0	0	0	0	1	0	0	0	0	0	0	0	0	0	0	0	0	0	0	0	0	0	0	0	0	0	0	0	0	0	0	0	0	0	0	0	0	0	1	0	0	0	0	0	0	0	0	0	0	0	0	0	0	0	0
11	17	26	5	4	12	0	5	4	0	5	0	3	3	0	2	4	1	0	0	1	1	0	1	0	0	6	0	1	0	0	1	0	0	0	0	0	1	0	0	0	0	0	0	0	0	0	0	0	0	0	0	0	0	0	0	0	0	0	0	0	0	0	0	0	0	0	0	0	0	0	0	0	0	0	0	1	0	0	0	0	0	0	0	0	0	0	0	1	0	0	0	0	0	0	0	0	0	0	0	0	0	0	0	0	0	0	0	0	0	0	0	0	0	0	0	0	0	0	0	0	0	0	0	0	0	0	0	0	0	0	0	0	0	0	0	0	0	0	0	0	0	0	0	0	0	0	0	0	0	0	0	0
1	3	3	1	1	1	0	1	0	0	0	0	0	0	0	0	1	0	0	0	0	0	0	0	0	0	1	0	0	0	0	0	0	0	0	0	0	0	0	0	0	0	0	0	0	0	0	0	0	0	0	0	0	1	0	0	0	0	0	0	0	0	0	0	0	0	0	0	0	0	0	0	0	0	0	0	0	0	0	0	0	0	0	0	0	0	0	0	0	0	0	0	0	0	0	0	0	0	0	0	0	0	0	0	0	0	0	0	0	0	0	0	0	0	0	0	0	0	0	0	0	0	0	0	0	0	0	0	0	0	0	0	0	0	0	0	0	0	0	0	0	0	0	0	0	0	0	0	0	0	0	0	0
4	10	10	3	3	5	0	0	0	1	0	2	3	0	0	0	2	0	0	0	2	0	0	1	0	0	3	0	0	0	0	0	0	0	0	0	0	0	0	0	0	0	0	0	0	0	0	0	0	0	0	1	0	0	0	0	0	0	0	0	0	0	0	0	0	0	0	0	0	0	0	0	0	0	1	0	0	0	0	0	0	0	0	0	1	0	0	0	0	0	0	0	1	0	0	0	0	0	0	0	0	0	0	0	0	0	0	0	0	0	0	0	0	0	0	0	0	0	0	0	0	0	0	0	0	0	0	0	0	0	0	0	0	0	0	0	0	0	0	0	0	0	0	0	0	0	0	0	0	0	0	0	1
4	2	2	2	1	0	0	0	0	0	0	0	1	0	0	0	2	0	0	0	0	0	0	0	0	0	0	0	0	0	0	0	0	0	0	0	0	0	0	0	0	0	0	0	0	0	0	0	0	0	0	0	0	0	0	0	0	0	0	0	0	0	0	0	0	0	0	0	0	0	0	0	0	0	0	0	0	0	0	0	0	0	0	0	0	0	0	0	0	0	0	0	0	0	0	0	0	0	0	0	0	0	0	0	0	0	0	0	0	0	0	0	0	0	0	0	0	0	0	0	0	0	0	0	0	0	0	0	0	0	0	0	0	0	0	0	0	0	0	0	0	0	0	0	0	0	0	0	0	0	0	0	0
8	15	8	7	5	5	0	2	0	0	4	0	0	2	0	1	2	0	1	0	2	1	0	1	0	0	2	1	1	0	0	0	0	0	0	0	0	0	0	0	0	0	0	1	0	0	0	0	0	0	0	0	0	0	1	0	0	0	0	0	0	0	0	0	1	0	0	0	0	0	0	0	0	0	0	0	0	0	0	0	0	0	0	0	0	0	0	0	0	1	0	0	1	0	0	0	0	0	0	0	0	0	0	0	0	0	0	0	0	0	0	0	0	0	0	0	0	0	0	0	0	0	0	0	0	0	0	0	0	0	0	0	0	0	0	0	0	0	0	0	0	1	0	0	0	0	0	0	0	0	0	0	0
5	7	6	1	1	9	1	0	2	1	0	0	3	0	0	0	5	1	0	0	0	0	0	0	0	0	0	0	0	1	0	0	0	0	0	0	0	0	0	0	0	0	0	0	0	0	0	0	0	0	0	0	0	0	0	0	0	0	0	0	0	0	0	0	0	0	0	0	0	0	0	0	0	0	0	0	0	0	0	0	0	0	0	0	1	0	0	0	0	0	0	0	0	0	0	0	0	0	0	0	0	0	0	0	0	0	0	1	0	0	0	0	0	0	0	0	0	0	0	0	0	0	0	0	0	0	0	0	0	0	0	0	0	0	0	0	0	0	0	0	0	0	0	0	0	0	0	0	0	0	0	0	0
5	9	15	3	3	4	0	3	0	0	2	1	1	1	0	0	3	0	1	0	2	0	0	0	0	0	2	0	0	0	0	0	0	0	1	0	0	0	1	0	0	0	0	1	0	0	0	0	0	0	0	1	0	0	0	0	0	0	0	0	0	0	0	0	0	0	0	0	0	0	0	0	0	0	0	0	0	0	0	0	0	0	0	0	0	1	0	0	0	0	1	0	0	0	0	0	0	0	0	0	0	0	0	0	1	0	0	0	0	0	0	0	0	0	0	0	0	0	0	0	0	0	0	0	0	0	0	0	0	0	1	0	0	0	0	0	0	0	0	0	0	0	0	0	1	0	0	0	0	0	0	0	0
7	13	17	3	2	9	0	3	1	0	1	1	5	1	1	2	3	1	0	0	2	2	0	5	0	0	1	0	1	0	0	0	0	0	0	0	1	0	0	0	1	0	0	0	0	0	0	0	0	0	0	0	0	0	0	0	0	0	0	0	0	0	0	0	0	0	0	1	0	0	0	0	0	0	0	0	0	0	0	0	0	0	0	0	0	0	0	0	0	0	0	3	0	0	0	0	0	0	0	0	0	0	0	0	0	0	0	0	0	0	0	0	0	0	0	0	0	0	0	0	0	0	0	0	0	0	0	0	0	0	0	0	0	0	0	0	0	0	0	0	0	0	0	0	0	0	0	0	0	0	0	0	0
0	0	2	0	1	0	0	0	0	0	0	0	0	0	0	0	0	0	0	0	0	0	0	0	0	0	0	0	1	0	0	0	0	0	0	0	0	0	0	0	1	0	0	0	0	0	0	0	0	0	0	0	0	0	0	0	0	0	0	0	0	0	0	0	0	0	0	0	0	0	0	0	0	0	0	0	0	0	0	0	0	0	0	0	0	0	0	0	0	0	0	0	0	0	0	0	0	0	0	0	0	0	0	0	0	0	0	0	0	0	0	0	0	0	0	0	0	0	0	0	0	0	0	0	0	0	0	0	0	0	0	0	0	0	0	0	0	0	0	0	0	0	0	0	0	0	0	0	0	0	0	0	0
1	7	7	4	3	4	1	3	0	0	1	0	2	0	2	1	2	0	1	0	0	0	0	0	1	0	1	1	0	0	0	0	0	1	1	0	0	0	1	0	0	0	0	1	0	0	0	0	0	0	0	0	0	0	0	0	0	0	0	0	0	0	0	0	0	0	0	1	0	0	0	0	0	0	0	0	0	0	0	0	0	0	0	0	0	0	0	0	0	0	1	0	0	0	0	0	0	0	0	0	0	0	0	0	0	0	0	0	0	0	0	0	0	0	0	0	0	0	0	0	0	0	0	0	0	0	0	0	0	0	0	0	0	0	0	0	0	0	0	0	0	0	0	0	0	0	0	0	0	0	0	0	0
0	0	0	3	0	0	0	0	0	0	0	1	0	0	0	0	0	0	0	0	1	0	0	0	0	0	0	0	0	0	0	0	0	0	0	0	0	0	0	0	0	0	0	0	0	0	0	0	0	0	0	0	0	1	0	0	0	0	0	0	0	0	0	0	1	0	0	0	0	0	0	0	0	0	0	0	0	0	0	0	0	0	0	0	0	0	0	0	0	0	0	0	0	0	0	0	0	0	0	0	0	0	0	0	0	0	0	0	0	0	0	0	0	0	0	0	0	0	0	0	0	0	0	0	0	0	0	0	0	0	0	0	0	0	0	0	0	0	0	0	0	0	0	0	0	0	0	0	0	0	0	0	0
2	3	5	2	1	2	0	1	0	0	0	0	2	0	0	0	3	0	0	0	0	0	0	0	0	0	0	0	0	0	0	0	0	0	0	0	0	0	0	0	0	0	0	0	0	0	0	0	0	0	0	0	0	0	0	0	0	0	1	0	0	0	0	0	0	0	0	0	0	0	0	0	1	0	0	0	0	0	0	0	0	0	0	0	0	0	0	0	0	0	0	0	0	0	0	0	0	0	0	0	0	0	0	0	0	0	0	0	0	0	0	0	0	0	0	0	0	0	0	0	0	0	0	0	0	0	0	0	0	0	0	0	0	0	0	0	0	0	0	0	0	0	0	0	0	0	0	0	0	0	0	0	0
9	25	26	10	4	12	1	5	2	1	3	1	1	0	2	3	8	1	1	0	2	2	0	1	0	0	0	0	0	0	0	0	0	0	0	0	0	0	0	0	0	0	0	1	0	0	0	0	0	0	0	0	0	0	1	0	0	0	0	0	0	0	0	0	0	0	0	0	0	0	0	0	0	0	0	0	0	0	0	0	0	0	0	0	0	0	0	0	0	0	0	0	0	0	0	0	0	0	0	0	0	0	0	0	0	0	0	0	0	0	0	0	0	0	1	0	0	0	0	0	0	0	0	0	0	0	0	0	0	0	0	0	0	0	0	0	1	0	0	0	0	0	0	0	0	0	0	0	0	0	0	0	0
13	16	15	3	3	6	1	7	2	0	6	0	2	1	1	3	5	1	0	0	2	2	0	1	0	0	1	2	2	0	0	0	0	0	0	0	0	1	0	0	2	0	0	0	0	0	0	0	0	0	0	0	1	0	0	0	0	0	0	0	0	0	0	0	0	0	0	1	0	0	0	0	0	0	0	0	0	0	0	0	0	0	0	0	0	0	0	0	0	0	0	0	0	0	0	0	0	0	0	0	0	0	0	0	0	0	0	0	0	0	0	0	0	0	0	0	0	0	0	0	0	0	0	0	0	0	0	0	0	0	0	0	0	0	0	0	0	0	0	0	0	0	0	0	0	0	0	0	0	0	0	0	0
2	1	1	0	0	0	0	1	1	0	0	0	0	3	0	0	2	0	0	0	0	1	0	0	0	0	2	0	0	0	0	0	0	0	0	0	0	0	0	0	0	0	0	0	0	0	0	0	0	0	0	0	0	1	0	0	0	1	0	0	0	0	0	0	0	0	0	0	0	0	0	0	0	0	0	0	0	0	0	0	0	0	0	0	0	0	0	0	0	0	0	0	0	0	0	0	0	0	0	0	0	0	0	0	0	0	0	0	0	0	0	0	0	0	0	0	0	0	0	0	0	0	0	0	0	0	0	0	0	0	0	0	0	0	0	0	0	0	0	0	0	0	0	0	0	0	0	0	0	0	0	0	0
3	8	4	3	0	4	0	1	0	0	0	2	1	0	0	0	3	0	0	0	1	0	0	0	0	0	0	0	0	0	0	0	0	0	0	0	0	0	0	0	0	0	0	0	0	0	0	0	0	0	0	0	0	0	0	0	0	0	0	0	0	0	0	0	0	0	0	0	0	0	0	0	0	0	0	0	0	0	0	0	0	0	0	0	0	0	0	0	0	0	0	0	0	0	0	0	0	0	0	0	0	0	0	0	0	0	0	0	0	0	0	0	0	0	0	0	0	0	0	0	0	0	0	0	0	0	0	0	0	0	0	0	0	0	0	0	0	0	0	0	0	0	0	0	0	0	0	0	0	0	0	0	0
30	41	51	12	10	21	2	14	3	1	7	5	10	4	3	2	14	1	1	0	3	3	1	2	2	0	9	1	0	0	0	1	0	0	0	0	0	0	0	0	2	0	0	1	0	1	1	0	0	0	0	0	0	0	2	0	0	0	0	0	0	0	0	0	1	0	0	2	0	0	0	1	0	0	1	0	0	1	0	0	0	0	0	0	0	0	0	0	0	0	0	0	0	0	0	0	0	0	0	0	0	0	0	1	0	1	0	1	0	0	0	0	0	0	1	0	0	0	0	0	0	0	0	0	0	0	0	0	0	0	0	0	0	1	0	0	0	0	0	0	0	0	0	0	0	0	0	0	0	0	0	0	0
1	0	2	1	0	1	0	0	1	0	0	0	0	0	0	0	1	0	0	0	0	0	0	0	0	0	0	0	0	0	0	0	0	0	0	0	0	1	0	0	0	0	0	0	0	0	0	0	0	0	0	0	0	0	0	0	0	0	0	0	0	0	0	0	0	0	0	0	0	0	0	0	0	0	0	0	0	0	0	0	0	0	0	0	0	0	0	0	0	0	0	0	0	0	0	0	0	0	0	0	0	0	0	0	0	0	0	0	0	0	0	0	0	0	0	0	0	0	0	0	0	0	0	0	0	0	0	0	0	0	0	0	0	0	0	0	0	0	0	0	0	0	0	0	0	0	0	0	0	0	0	0	0
26	44	41	14	12	33	3	11	9	3	7	4	8	2	1	3	11	1	1	1	4	2	0	4	0	0	11	0	2	2	0	1	1	0	1	0	0	0	1	0	2	0	0	1	0	0	0	0	0	0	0	1	1	1	0	0	0	0	1	0	0	0	0	0	0	0	0	0	0	0	0	0	1	0	1	0	1	0	0	0	0	0	0	0	0	0	0	0	0	0	0	0	1	0	0	0	0	0	0	0	0	0	0	0	0	1	0	1	0	0	0	0	0	0	1	1	0	0	0	0	0	0	0	0	0	0	0	0	0	0	0	0	0	1	0	0	0	0	0	0	0	0	0	0	0	1	0	0	0	0	0	0	0
1	2	6	7	1	3	1	2	0	2	1	0	1	2	0	0	3	0	0	1	0	0	0	1	0	0	1	0	0	0	0	0	0	0	1	0	0	1	0	0	1	0	0	0	0	0	0	0	0	0	0	0	0	0	0	0	0	0	0	0	1	0	0	0	0	0	0	0	0	0	0	0	0	0	0	0	0	0	0	0	0	0	0	0	0	0	0	0	0	0	0	0	0	0	0	0	0	0	0	0	0	0	0	0	0	0	0	0	0	0	0	0	0	0	0	0	0	0	0	0	0	0	0	0	0	0	0	0	1	0	0	0	0	0	0	0	0	0	0	0	0	0	0	0	0	0	0	0	0	0	0	0	0
11	26	34	10	12	20	2	6	2	0	4	3	4	0	1	2	5	2	0	0	0	2	0	2	0	0	0	1	0	0	0	0	0	0	2	0	1	0	1	0	1	0	0	0	0	0	0	0	0	0	0	0	0	0	0	0	0	0	0	0	0	0	0	0	0	0	0	1	0	0	0	1	0	0	0	0	0	0	0	0	0	0	0	0	0	0	0	0	0	0	0	0	0	0	0	0	0	0	1	0	0	0	0	0	0	0	0	0	0	0	0	0	0	0	0	1	0	0	0	0	0	0	0	0	0	0	0	0	0	0	0	0	0	0	0	0	0	0	0	0	0	0	0	0	0	0	0	0	0	0	0	0	0
7	16	19	9	4	11	0	6	2	0	2	1	2	0	0	1	6	1	0	0	1	0	0	1	0	0	0	0	1	1	0	0	0	0	1	0	0	0	1	0	0	0	0	0	0	0	0	0	0	0	0	0	0	1	0	0	0	0	0	0	0	0	0	0	1	0	0	0	0	0	0	0	0	0	0	0	0	0	0	0	0	0	0	0	0	0	0	0	0	0	0	0	0	0	0	0	0	0	0	0	0	0	0	0	0	0	0	0	0	0	0	0	0	0	0	0	0	0	0	0	0	0	0	0	0	0	0	0	0	0	0	0	0	0	0	0	0	0	0	0	0	0	0	0	0	0	0	0	0	0	0	0	0
1	4	4	1	2	3	1	1	0	0	1	0	0	0	0	0	0	1	0	0	0	0	1	0	0	0	0	1	0	0	0	0	0	0	1	0	0	0	0	0	0	0	0	0	0	0	0	0	0	0	0	0	0	0	0	0	0	0	1	0	0	0	0	0	0	0	0	1	0	0	0	1	0	0	0	0	0	0	0	0	0	0	0	0	0	0	0	0	0	0	0	0	0	0	0	0	0	0	0	0	0	0	0	0	0	0	0	0	0	0	0	0	0	0	0	0	0	0	0	0	0	0	0	0	0	0	0	0	0	0	0	0	0	0	0	0	0	0	0	0	0	0	0	0	0	0	0	0	0	0	0	0	0
0	6	3	0	1	0	0	2	0	0	0	0	1	1	0	0	0	0	1	0	1	0	0	1	0	0	1	1	0	0	0	0	0	0	0	0	0	0	0	0	0	0	0	0	0	1	0	0	0	0	0	0	0	0	0	0	0	0	1	0	0	0	0	0	0	0	0	0	0	0	0	0	0	0	0	0	0	0	0	0	0	0	0	0	0	0	0	0	0	0	0	0	0	0	0	0	0	0	0	0	0	0	0	0	0	0	0	0	0	0	0	0	0	0	0	0	0	0	0	0	0	0	0	0	0	0	0	0	0	0	0	0	0	0	0	0	0	0	0	0	0	0	0	0	0	0	0	0	0	0	0	0	0
1	2	1	1	1	0	0	0	0	0	1	0	0	2	0	0	0	0	0	0	0	1	0	0	0	0	0	0	0	0	0	0	0	0	0	0	0	0	1	0	0	0	0	0	0	0	0	0	0	0	0	0	0	0	0	0	0	0	0	0	0	0	0	0	0	0	0	0	0	0	0	0	0	0	0	0	0	0	0	0	0	0	0	0	0	0	0	0	0	0	0	0	0	0	0	0	0	0	0	0	0	0	0	0	0	0	0	0	0	0	0	0	0	0	0	0	0	0	0	0	0	0	0	0	0	0	0	0	0	0	0	0	0	0	0	0	0	0	0	0	0	0	0	0	0	0	0	0	0	0	0	0	0
2	6	11	2	1	5	0	2	1	0	0	2	2	0	0	0	1	0	0	0	1	1	1	0	0	0	1	0	0	0	0	1	0	0	0	0	1	0	0	0	0	0	0	0	0	0	0	0	0	0	0	0	0	1	0	0	0	0	0	0	0	0	0	0	0	0	0	0	0	0	0	0	0	0	0	0	0	0	1	0	0	0	0	0	0	0	0	0	0	0	0	0	0	0	0	0	0	0	0	0	0	0	0	0	0	0	0	0	0	0	0	0	0	0	0	0	0	0	0	0	0	0	0	0	0	0	0	0	0	0	0	0	0	0	0	0	0	0	0	0	0	0	0	0	0	0	0	0	0	0	0	0	0
4	8	4	4	3	3	0	0	0	1	1	0	3	1	0	1	2	0	0	0	0	0	0	0	0	0	0	0	1	1	0	0	0	0	0	0	0	0	0	0	0	0	0	0	0	0	0	0	0	0	0	0	0	0	0	0	0	0	0	0	0	0	0	0	0	0	0	1	0	0	0	0	0	0	0	0	0	0	0	0	0	0	0	0	0	0	0	0	0	0	0	0	0	0	0	0	0	0	0	0	0	0	0	0	0	0	0	0	0	0	0	0	0	0	0	0	0	0	0	0	0	0	0	0	0	0	0	0	0	0	0	0	0	0	0	0	0	0	0	0	0	0	0	0	0	0	0	0	0	0	0	0	0
2	0	0	0	0	0	0	0	0	0	0	0	1	0	0	0	0	0	0	0	1	0	0	0	0	0	0	0	0	0	0	0	0	0	0	0	0	0	0	0	0	0	0	0	0	0	0	0	0	0	0	0	1	0	0	0	0	0	0	0	0	0	0	0	0	0	0	0	0	0	0	0	0	0	0	0	0	0	0	0	0	0	0	0	0	0	0	0	0	0	0	0	0	0	0	0	0	0	0	0	0	0	0	0	0	0	0	0	0	0	0	0	0	0	0	0	0	0	0	0	0	0	0	0	0	0	0	0	0	0	0	1	0	0	0	0	0	0	0	0	0	0	0	0	0	0	0	0	0	0	0	0	0
12	26	26	6	8	17	1	5	2	0	6	5	7	3	0	4	6	1	0	0	2	1	0	2	0	0	1	1	4	0	0	1	0	1	0	0	0	1	2	1	1	0	0	2	0	1	0	0	0	0	1	0	1	0	0	0	0	0	0	0	0	0	0	0	0	0	0	1	0	0	0	0	1	0	0	0	0	0	0	0	0	0	0	0	0	0	0	0	0	0	0	0	0	0	0	0	0	0	0	0	1	0	0	0	0	0	0	0	0	0	0	0	0	0	0	0	0	0	0	0	0	0	0	0	0	0	0	0	0	0	1	0	0	0	0	0	0	0	0	0	0	0	0	0	0	0	0	0	0	0	0	0	0
0	0	3	0	0	1	0	1	0	0	0	0	2	0	0	0	0	0	0	0	0	0	1	0	0	0	0	0	0	0	0	0	0	0	0	0	1	0	0	0	0	0	0	0	0	0	0	0	0	0	0	0	0	0	0	0	0	0	0	0	0	0	0	0	0	0	0	0	0	0	1	0	0	0	0	0	0	0	0	0	0	0	0	0	0	0	0	0	0	0	0	0	0	0	0	0	0	0	0	0	0	0	0	0	0	0	0	0	0	0	0	0	0	0	0	0	0	0	0	0	0	0	0	0	0	0	0	0	0	0	0	0	0	0	0	0	0	0	0	0	0	0	0	0	0	0	0	0	0	0	0	0	0
0	2	1	2	1	2	0	2	0	0	0	2	1	0	0	0	0	0	0	0	0	0	0	0	0	0	1	0	0	0	0	0	0	0	0	0	0	0	0	0	0	0	0	1	0	0	0	0	0	0	0	0	0	0	0	0	0	0	0	0	0	0	0	0	0	0	0	0	0	0	0	0	0	0	0	0	0	0	0	0	0	0	0	0	0	0	0	0	0	0	0	0	0	0	0	0	0	0	0	0	0	0	0	0	0	0	0	0	0	0	0	0	0	0	0	0	0	0	0	0	0	0	0	0	0	0	0	0	0	0	0	0	0	0	0	0	0	0	0	0	0	0	0	0	0	0	0	0	0	0	0	0	0
4	7	11	3	2	9	1	1	0	0	0	0	0	0	0	1	2	0	0	0	0	0	0	1	0	0	1	1	0	0	0	0	0	0	0	0	0	0	0	0	1	0	0	0	0	0	0	0	1	0	0	0	0	0	0	0	0	0	0	0	0	0	0	0	0	0	0	0	0	0	0	0	0	0	0	0	0	0	0	0	0	0	0	0	0	0	0	0	0	0	0	0	0	0	0	0	0	0	0	0	0	0	0	0	0	0	0	0	0	0	0	0	0	0	0	0	0	0	0	0	0	0	0	0	0	0	0	0	0	0	0	0	0	0	1	0	0	0	0	0	0	0	0	0	0	0	0	0	0	0	0	0	0
0	2	1	3	1	2	0	2	0	0	2	1	0	0	0	1	0	0	0	0	0	0	0	0	0	0	2	0	0	0	0	0	0	0	0	0	0	0	0	0	0	0	0	0	0	0	0	0	0	0	0	0	0	0	0	0	0	0	0	0	0	0	0	0	0	0	0	0	0	0	0	0	0	0	0	0	0	0	0	0	0	0	0	0	0	0	0	0	0	0	0	0	0	0	0	0	0	0	0	0	0	0	0	0	0	0	0	0	0	0	0	0	0	0	0	0	0	0	0	0	0	0	0	0	0	0	0	0	0	0	0	0	0	0	0	1	0	0	0	0	0	0	0	0	0	0	0	0	0	0	0	0	0
3	4	4	4	3	8	0	4	1	0	2	0	1	0	0	1	1	0	1	0	0	0	0	1	0	0	1	0	1	0	0	0	0	0	0	0	0	0	0	0	2	0	0	0	0	0	0	0	0	0	1	0	0	1	0	0	0	0	0	0	0	0	0	0	0	0	0	0	0	0	0	0	0	0	0	0	0	0	0	0	0	0	0	0	0	1	0	0	0	0	0	0	0	0	0	0	0	0	0	0	0	0	0	0	0	0	0	0	0	0	0	0	0	0	1	0	0	0	0	0	0	0	0	0	0	0	0	0	0	0	0	0	0	0	0	0	0	0	0	0	0	0	0	0	0	0	0	0	0	0	0	0	0
2	10	5	2	0	5	0	2	1	0	2	0	1	1	0	1	2	0	0	0	0	0	0	1	0	0	1	0	0	0	0	0	0	0	0	0	0	0	0	0	0	0	0	0	0	0	0	0	0	0	0	0	0	0	0	0	0	0	0	0	0	0	0	0	0	0	0	0	0	0	0	0	0	0	0	0	0	0	0	0	0	0	0	0	0	0	0	0	1	0	0	0	0	0	0	0	0	0	0	0	0	0	0	0	0	0	0	0	0	0	0	0	0	0	0	0	0	0	0	0	0	0	0	0	0	0	0	0	0	0	0	0	0	0	0	0	0	0	0	0	0	0	0	0	0	0	0	0	0	0	0	0	0
0	2	1	1	0	0	0	0	0	0	0	0	0	0	0	0	0	0	0	0	0	0	0	0	0	0	0	0	0	0	0	0	0	0	0	0	0	0	0	0	0	0	0	0	0	0	0	0	0	0	0	0	0	0	0	0	0	0	0	0	0	0	0	0	0	0	0	0	0	0	0	0	0	0	0	0	0	0	0	0	0	0	0	0	0	0	0	0	0	0	0	0	0	0	0	0	0	0	0	0	0	0	0	0	0	0	0	0	0	0	0	0	0	0	0	0	0	0	0	0	0	0	0	0	0	0	0	0	0	0	0	0	0	0	0	0	0	0	0	0	0	0	0	0	0	0	0	0	0	0	0	0	0
5	5	3	5	1	2	0	1	0	0	1	0	2	0	0	1	1	0	0	0	1	1	0	1	0	0	3	0	3	0	0	0	0	0	0	0	0	0	0	0	0	0	0	0	0	0	0	0	0	0	0	0	0	0	0	0	0	0	0	0	0	0	0	0	0	0	0	0	0	0	0	0	0	0	0	0	0	0	0	0	0	0	0	0	0	0	0	0	0	0	0	0	0	0	0	0	0	0	0	0	0	0	0	0	0	0	0	0	0	0	0	0	0	0	0	0	0	0	0	0	0	0	0	0	0	0	0	0	0	0	0	0	0	0	0	0	0	0	0	0	0	0	0	0	0	0	0	0	0	0	0	0	0
1	3	6	1	0	1	0	3	0	0	0	0	1	1	0	0	2	1	0	0	0	0	0	0	1	0	0	1	0	0	0	0	0	0	0	0	0	0	0	0	0	1	0	0	0	0	0	0	0	0	0	0	0	1	0	0	0	0	0	0	0	0	0	0	0	0	0	0	0	0	0	0	0	0	1	0	0	0	0	0	0	0	0	0	0	0	0	0	0	0	0	0	0	0	0	0	0	0	0	0	0	0	0	0	0	0	0	0	0	0	0	0	0	0	0	0	0	0	0	0	0	0	0	0	0	0	0	0	0	0	0	0	0	0	0	0	0	0	0	0	0	0	0	0	0	0	0	0	0	0	0	0	0
0	16	18	6	4	5	0	6	0	0	2	2	4	0	1	1	4	0	0	0	0	1	0	0	0	0	2	0	2	0	0	0	0	0	0	0	0	0	2	0	2	0	0	1	0	0	0	0	0	0	1	0	0	0	0	0	0	0	0	0	0	0	0	0	0	0	0	0	0	0	0	0	1	0	1	0	2	0	0	0	0	0	0	0	1	0	0	0	0	0	1	0	0	0	0	0	0	0	0	0	0	0	0	0	0	0	0	0	0	0	0	0	0	0	0	0	0	0	0	0	0	0	0	0	0	0	0	0	0	0	0	0	0	0	0	0	0	0	0	0	0	0	1	0	0	0	0	0	0	0	0	0	0
1	7	5	3	0	3	0	2	1	0	0	1	2	0	0	0	2	0	0	0	0	1	0	0	0	0	0	0	0	0	0	0	0	0	0	0	0	0	0	0	0	0	0	1	0	0	0	0	0	0	0	0	0	0	0	0	0	0	0	0	0	0	0	0	0	0	0	0	0	0	0	1	0	0	0	0	0	0	0	0	0	0	1	0	0	0	0	0	0	0	0	0	0	0	0	0	0	0	0	0	0	0	0	0	0	0	0	0	0	0	0	0	0	0	0	0	0	0	0	0	0	0	0	0	0	0	0	0	0	0	0	0	0	0	0	0	0	0	0	0	0	0	0	0	0	0	0	0	0	0	0	0	0
3	2	2	0	0	1	0	1	0	0	0	1	0	0	0	1	0	0	1	0	0	0	0	0	0	0	0	0	0	0	0	0	0	0	0	0	0	0	0	0	0	0	0	0	0	0	0	0	0	0	0	0	0	0	0	0	0	0	0	0	0	0	0	0	0	0	0	0	0	0	0	0	0	0	0	0	0	0	0	0	0	0	0	0	0	0	0	0	0	0	0	0	0	0	0	0	0	0	0	0	0	0	0	0	0	0	0	0	0	0	0	0	0	0	0	0	0	0	0	0	0	0	0	0	0	0	0	0	0	0	1	0	0	0	0	0	0	0	0	0	0	0	0	0	0	0	0	0	0	0	0	0	0
6	3	5	2	0	4	1	2	0	0	0	0	1	0	0	0	4	0	0	0	1	0	0	0	0	0	1	0	0	0	0	0	0	0	0	0	1	0	0	0	0	0	0	1	0	0	0	0	0	0	0	0	1	0	0	0	0	0	0	0	0	0	0	0	0	0	0	0	0	0	0	0	0	0	1	0	0	0	0	0	0	0	0	0	0	0	0	0	0	0	0	0	0	0	0	0	0	0	0	0	0	0	1	0	0	0	0	0	0	0	0	0	0	0	0	0	0	0	0	0	0	1	0	0	0	0	0	0	0	0	0	0	0	0	0	0	0	0	0	0	0	0	0	0	0	0	0	0	0	0	0	0	0
3	9	11	7	3	7	0	5	3	0	2	2	3	0	0	0	3	1	0	0	2	1	0	3	0	0	3	0	0	0	0	0	0	0	0	0	0	1	1	0	1	0	0	0	0	0	0	0	0	0	0	0	0	0	0	0	0	0	0	0	0	0	0	1	0	0	0	1	0	0	0	0	0	0	0	0	0	0	0	0	0	0	0	0	0	0	0	0	0	0	0	0	0	0	0	0	0	0	0	0	0	0	0	0	0	0	0	0	0	0	0	0	0	0	0	0	0	0	0	0	0	0	0	0	0	1	0	0	0	0	0	0	0	0	0	0	0	0	0	0	0	0	0	0	0	0	0	0	0	0	0	0	0
4	8	3	2	1	1	0	0	0	0	0	0	1	0	0	0	0	0	0	0	2	0	0	1	0	0	1	0	0	0	0	0	0	0	0	0	1	0	0	0	0	0	0	1	0	0	0	0	0	0	0	0	0	0	0	0	0	0	0	1	0	0	0	0	0	0	0	0	0	0	0	0	0	0	0	0	0	0	0	0	0	0	0	0	0	0	0	0	0	0	0	0	0	0	0	0	0	0	0	0	0	0	0	0	0	0	0	0	0	0	0	0	0	0	0	0	0	0	0	0	0	0	0	0	0	0	0	0	0	0	0	0	0	0	0	0	0	0	0	0	0	0	0	0	0	0	0	0	0	0	0	0	0
4	2	4	0	0	2	0	0	0	0	0	0	0	0	1	0	1	0	0	0	0	0	0	0	0	0	0	0	2	0	0	0	0	0	0	0	0	0	0	0	0	0	0	0	0	0	0	0	0	0	0	0	0	0	0	0	0	0	0	0	0	0	0	0	0	0	0	0	0	0	0	0	1	0	0	0	0	0	0	0	0	0	0	0	0	0	0	0	0	0	0	0	0	0	0	0	0	0	0	0	0	0	0	0	0	0	0	0	0	0	0	0	0	0	0	0	0	0	0	0	0	0	0	0	0	0	0	0	0	0	0	0	0	0	0	0	0	0	0	0	0	0	0	0	0	0	0	0	0	0	0	0	0
8	19	17	5	3	9	0	3	2	0	2	2	1	1	0	2	3	1	0	0	2	1	0	3	0	0	3	0	0	0	0	0	0	0	0	0	0	0	0	0	1	0	0	0	0	0	1	0	0	0	1	0	0	0	0	0	0	0	1	0	1	0	0	0	0	0	0	2	0	0	0	0	0	0	1	0	0	0	0	0	0	0	0	0	0	0	0	0	0	0	0	0	0	0	0	0	1	0	0	0	0	0	0	0	0	0	0	0	0	0	0	0	0	0	0	0	0	0	0	0	0	0	1	0	0	0	0	0	0	0	0	0	0	0	0	0	0	0	0	0	0	0	2	0	0	0	1	0	0	0	0	0	0
8	19	15	6	4	12	0	5	1	0	0	3	2	0	0	0	4	1	1	0	1	1	0	2	0	0	4	0	0	0	0	0	0	0	1	0	0	0	0	0	0	0	0	1	0	0	0	0	1	0	0	0	1	0	1	0	0	0	0	0	0	0	0	0	0	0	0	0	0	1	0	1	0	0	0	0	1	0	0	0	0	0	0	0	0	0	0	0	0	0	0	0	0	0	0	0	0	0	0	0	0	1	0	0	0	0	0	0	0	0	0	0	0	0	0	0	0	0	0	0	0	0	0	0	0	0	0	0	0	0	0	0	0	0	0	0	0	0	0	0	0	0	0	0	0	1	0	0	0	0	0	0	0
0	2	2	0	1	2	0	1	0	0	1	0	0	0	0	1	0	0	0	0	0	0	0	0	0	0	0	0	0	0	0	0	0	0	0	0	0	0	0	0	0	0	0	0	0	0	0	0	0	0	0	0	0	0	0	0	0	0	0	0	0	0	0	0	0	0	0	0	0	0	0	0	0	0	0	0	0	0	0	0	0	0	0	0	0	0	0	0	0	0	0	0	0	0	0	0	0	0	0	0	0	0	0	0	0	0	0	0	0	0	0	0	0	0	0	0	0	0	0	0	0	0	0	0	0	0	0	0	0	0	0	0	0	0	0	0	0	0	0	0	0	0	0	0	0	0	0	0	0	0	0	0	0
0	0	5	1	3	4	0	1	0	0	0	1	2	0	1	0	2	0	0	0	1	0	0	0	0	1	0	0	0	0	0	1	0	0	0	0	0	0	0	0	0	0	0	0	0	0	0	0	0	0	0	0	0	0	0	0	0	0	0	0	0	0	0	0	1	0	0	0	0	0	0	0	0	0	0	0	0	0	0	0	0	0	0	0	0	0	0	0	0	0	0	0	0	0	0	0	0	0	0	0	0	0	0	0	0	0	0	0	0	0	0	0	0	0	1	0	0	0	0	0	0	0	0	0	0	0	0	0	0	0	0	0	0	0	0	0	0	0	0	0	0	0	0	0	0	0	0	0	0	0	0	0	0
1	2	1	0	0	2	0	1	0	0	0	0	0	0	0	0	0	0	0	0	0	0	0	1	0	0	1	0	0	0	0	0	0	1	0	0	0	0	0	0	1	0	0	0	0	0	0	0	0	0	0	0	0	0	0	0	0	0	0	0	0	0	0	0	0	0	0	0	0	0	0	0	0	0	0	0	0	0	0	0	0	0	0	0	0	0	0	0	0	0	0	0	0	0	0	0	0	0	0	0	0	0	0	0	0	0	0	0	0	0	0	0	0	0	0	0	0	0	0	0	0	0	0	0	0	0	0	0	0	0	0	0	0	0	0	0	0	0	0	0	0	0	0	0	0	0	0	0	0	0	0	0	0
3	4	2	2	1	3	1	3	0	1	1	0	2	0	0	1	2	0	0	0	0	1	1	0	0	0	0	0	0	0	0	0	0	0	0	0	0	0	0	0	0	0	1	1	0	0	0	0	0	0	0	0	0	0	0	0	0	0	0	0	1	0	0	0	0	0	0	0	0	0	0	0	1	0	0	0	0	0	0	0	0	0	0	0	0	0	0	0	0	0	0	0	0	0	0	0	0	0	0	0	0	0	0	0	0	0	0	0	0	0	0	0	0	0	0	0	0	0	0	0	1	0	0	0	0	0	0	0	0	0	0	0	0	0	0	0	0	0	0	0	0	0	0	0	0	0	0	0	0	0	0	0	0
