6956	6822	1264	6313	4996	1150	6733	4480	488	2113	1251	1292	360	1667	930	119	2160	1165	226	62	114	88	289	236	2333	82	1482	136	801	302	477	16	22	63	267	66	281	9	15	3	36	137	16	6	36	35	93	147	67	4	1	328	98	45	81	17	42	51	27	77	23	28	1	15	0	20	41	79	184	208	68	137	105	8	8	23	155	23	24	23	18	55	23	52	13	31	6	74	71	8	37	96	14	17	6	30	12	11	46	21	22	35	3	3	2	22	4	0	1	8	5	15	20	1	1	3	1	7	29	1	5	10	3	8	4	2	1	8	13	7	21	6	2	27	9	11	21	0	11	0	35	6	7	1	0	1	17	5	5	16	2	55	5	7
6014	5906	1024	5371	4123	1025	5708	3698	419	1769	1059	958	296	1348	721	105	1876	1009	167	41	107	76	256	217	2009	71	1385	122	667	196	463	6	23	49	229	75	270	9	13	4	31	119	21	12	34	29	74	125	61	5	0	263	88	32	66	16	42	54	16	42	18	20	0	19	0	25	41	67	173	181	57	112	96	17	9	21	124	15	22	20	11	44	14	53	10	21	2	60	71	9	30	80	17	8	12	20	6	12	46	18	17	26	6	2	1	28	9	1	1	5	6	13	11	1	1	6	0	6	16	0	2	7	0	6	4	2	0	10	1	7	25	3	6	19	8	10	22	0	3	0	24	9	3	1	0	1	10	7	4	5	3	48	3	1
8200	8015	1477	7451	5663	1400	7707	5325	554	2460	1480	1444	414	2002	1012	142	2442	1367	231	82	138	102	314	279	2711	96	1826	156	938	314	551	12	23	68	326	81	351	6	13	4	50	186	23	10	47	47	116	164	83	7	1	388	101	56	89	24	48	67	23	77	26	27	0	18	1	25	59	117	253	219	88	178	146	15	17	34	173	14	44	24	13	54	27	60	14	39	3	88	83	7	44	109	16	16	14	34	10	14	82	9	17	46	6	7	1	33	10	2	2	11	5	10	18	1	3	8	2	12	20	0	1	11	2	14	4	3	4	11	10	10	35	3	3	28	6	9	31	1	16	1	36	5	7	0	0	0	14	14	7	6	4	55	5	10
999	990	159	862	648	162	1028	655	64	319	162	197	52	209	138	17	284	162	21	6	23	11	43	33	297	22	235	20	121	35	61	1	4	9	51	10	31	2	3	1	6	21	3	0	4	3	12	17	10	0	0	42	9	12	9	2	4	8	2	8	1	3	0	4	0	2	15	8	25	36	13	21	13	2	1	3	25	2	1	3	3	3	3	9	1	8	0	10	9	1	6	14	0	0	2	2	0	2	9	1	4	5	0	0	0	2	0	0	0	2	0	0	1	0	0	3	0	0	2	0	0	0	0	3	1	0	0	0	0	0	5	0	1	6	1	2	2	0	0	0	8	0	1	0	0	0	2	1	0	0	1	7	0	1
617	574	126	509	423	102	546	360	42	165	100	108	37	143	84	12	173	107	17	7	8	5	32	22	196	9	113	13	64	32	34	0	2	8	21	5	31	1	0	0	1	15	0	1	3	1	5	10	2	0	0	26	9	4	5	1	5	4	0	5	0	2	0	1	0	0	3	4	19	12	4	15	10	1	1	0	16	2	1	1	4	6	2	4	1	6	0	7	7	1	3	15	1	1	1	3	1	2	3	1	4	0	1	0	0	1	1	0	0	1	1	1	2	0	0	0	0	0	2	0	0	0	0	0	0	1	0	0	1	0	0	1	0	0	0	2	1	0	1	0	5	1	1	0	0	0	0	0	0	0	1	7	0	2
2493	2558	478	2188	1668	433	2359	1544	143	795	401	428	135	587	300	52	766	450	80	22	43	27	87	92	872	26	529	48	245	107	159	4	9	23	99	13	98	1	6	0	10	56	11	3	12	7	34	46	21	4	0	129	35	17	33	6	16	20	3	36	7	6	2	9	0	3	15	33	79	85	22	46	45	3	7	6	58	9	18	5	7	14	11	21	5	19	1	23	28	4	13	26	14	5	4	14	2	1	24	7	7	12	1	2	0	6	0	0	0	3	1	4	2	0	2	3	0	3	6	1	4	6	1	3	1	0	0	3	4	3	5	3	1	7	3	7	12	0	4	0	15	2	3	0	1	0	2	5	3	1	0	21	0	5
505	573	111	471	380	96	528	351	50	166	96	92	35	132	67	11	168	103	16	2	12	4	27	22	178	5	124	6	73	24	38	2	4	2	26	6	23	1	1	0	2	10	0	0	0	8	10	9	5	0	0	28	8	2	5	0	2	2	3	3	0	4	1	1	0	2	3	6	17	15	5	11	6	3	0	3	12	1	1	3	1	4	1	5	1	4	0	6	12	0	3	5	1	0	1	1	3	1	4	0	2	2	1	0	0	1	0	0	1	0	0	2	0	0	0	0	0	0	3	0	0	1	0	2	0	0	1	1	1	0	0	1	0	3	1	1	2	0	0	0	3	0	0	0	0	0	1	1	1	0	0	2	0	3
837	842	164	764	548	164	794	512	54	274	160	171	44	206	97	8	274	150	18	14	11	11	31	34	315	11	174	23	106	28	62	1	0	4	42	11	37	1	2	0	3	21	1	1	4	1	8	17	5	0	0	34	8	10	11	3	5	3	2	9	2	4	0	1	0	4	6	10	27	20	7	13	13	2	2	1	22	2	6	5	1	4	5	3	1	3	0	7	7	1	4	9	3	0	2	3	0	3	6	4	5	2	0	1	0	3	3	0	0	1	1	0	1	0	0	0	0	1	2	0	1	2	0	1	1	0	0	1	0	0	4	2	0	2	0	5	5	0	1	0	1	2	0	0	0	0	2	3	1	1	0	6	0	0
354	368	72	341	276	61	420	223	38	127	74	67	14	87	63	8	129	71	9	0	6	4	15	9	142	7	85	5	46	14	27	1	0	2	18	3	17	0	1	0	2	6	2	1	3	0	7	4	2	2	0	21	8	2	3	0	2	3	1	5	2	2	0	2	0	0	3	2	17	10	4	4	11	0	0	3	9	1	2	0	0	2	3	4	0	4	1	5	3	0	2	6	0	0	0	3	0	2	2	0	3	9	0	0	0	0	1	0	0	0	1	1	1	0	0	0	0	1	3	0	0	1	0	1	0	0	1	0	0	1	1	1	0	0	1	0	0	0	0	0	2	0	0	0	0	0	1	0	0	1	0	0	0	0
1133	1118	202	1015	811	198	1097	747	93	326	220	218	66	283	134	17	389	190	31	7	21	11	58	42	376	17	260	21	122	37	68	1	6	10	36	10	46	3	2	0	4	23	4	0	5	6	11	21	5	2	0	53	26	4	12	2	7	9	2	14	4	2	0	8	0	4	5	12	42	35	9	32	22	5	2	5	18	1	2	4	1	4	2	12	0	7	0	18	8	4	5	14	7	5	0	3	3	4	8	1	2	8	2	1	0	3	0	0	1	2	0	0	2	0	0	2	0	2	2	0	0	2	0	2	0	0	0	0	0	0	5	1	1	4	0	3	1	0	1	0	12	1	2	0	0	0	1	0	2	1	1	7	0	1
524	544	106	486	384	92	466	345	40	151	91	98	24	134	65	7	187	99	17	5	7	10	32	27	197	3	137	9	67	28	46	0	4	1	20	7	22	2	1	0	2	7	3	1	4	2	12	7	7	0	0	19	5	6	6	3	2	4	2	2	1	7	0	2	0	3	4	5	14	15	2	14	10	2	3	1	9	0	1	3	1	1	3	3	3	6	0	8	10	1	2	8	0	0	1	1	1	0	5	1	4	2	0	1	0	2	0	0	0	1	0	0	1	0	0	1	0	0	3	0	0	0	1	1	0	0	0	0	1	1	2	1	0	0	0	0	1	1	1	0	4	0	1	0	0	1	1	0	0	1	1	2	0	1
7	8	1	8	10	0	7	5	2	2	0	5	1	0	1	0	4	1	0	0	1	0	4	0	3	1	3	0	1	0	0	0	0	0	1	0	1	0	1	0	0	0	0	0	0	0	0	0	0	0	0	0	0	0	0	0	0	0	0	0	0	1	0	0	0	0	0	0	0	0	0	0	1	0	0	0	0	1	0	0	0	0	0	0	0	0	0	0	0	0	0	0	0	0	0	0	0	0	0	0	0	0	0	0	0	1	0	0	0	0	0	0	0	0	0	0	0	0	0	0	0	0	0	0	0	0	0	0	0	0	0	0	0	0	0	0	0	0	0	0	0	0	0	0	0	0	0	0	0	0	0	0	0	0
366	319	58	291	232	60	328	242	13	107	56	61	21	90	41	5	92	61	11	2	4	2	9	10	118	3	76	6	36	15	24	0	2	4	15	3	17	1	0	0	0	6	0	1	4	2	9	4	2	0	0	16	10	1	6	0	2	1	1	1	2	2	0	0	0	0	1	7	5	10	5	6	7	0	0	2	10	0	1	0	1	1	1	2	0	0	0	3	5	0	4	1	0	1	1	1	0	0	5	1	1	3	1	2	0	4	0	0	0	1	0	0	0	0	0	0	0	0	0	0	0	2	0	1	0	0	0	0	0	0	2	0	0	1	1	1	0	0	1	0	3	0	1	0	0	0	1	0	0	1	0	1	0	1
488	420	90	396	296	80	436	257	33	155	67	66	20	99	61	7	115	62	16	5	4	2	20	23	160	8	103	11	52	17	30	0	1	1	12	5	18	2	0	1	0	19	2	1	4	4	10	10	4	0	0	13	9	2	3	0	3	5	1	8	1	1	1	2	0	1	1	4	17	17	3	7	6	0	0	1	7	0	6	0	0	5	2	1	0	5	1	2	4	0	1	3	1	1	0	2	0	2	3	1	1	1	0	1	0	3	0	0	0	0	0	0	0	0	0	0	1	1	0	0	0	1	1	1	1	0	0	0	0	0	1	0	0	2	3	1	1	1	0	0	4	0	1	0	0	0	2	0	1	0	0	4	0	1
865	920	167	794	636	164	807	528	79	272	147	175	61	184	103	20	297	146	28	7	16	18	43	24	322	7	226	16	91	24	59	2	4	10	28	11	44	0	5	0	2	18	3	2	5	6	11	15	11	0	0	59	8	4	15	1	9	8	3	6	4	5	0	2	0	2	4	13	22	29	7	14	11	2	1	1	20	2	1	3	3	6	0	4	1	6	0	10	7	1	6	13	2	0	1	1	2	2	8	2	3	4	1	0	1	2	1	0	0	3	0	3	3	0	0	1	0	2	0	0	0	0	0	1	1	0	1	2	0	2	4	0	0	6	4	2	2	0	0	0	7	3	1	0	0	0	1	1	0	0	1	4	0	0
98	103	14	92	71	23	106	67	6	18	16	21	4	27	11	4	24	22	4	0	0	3	3	4	33	1	18	1	18	5	6	0	0	1	1	1	6	0	0	0	0	4	0	0	0	0	1	4	1	0	0	4	3	1	0	0	0	0	0	1	1	0	0	0	0	0	0	2	3	5	2	1	1	0	0	0	2	0	1	0	0	0	0	2	0	0	0	0	3	1	1	2	0	1	0	0	1	1	1	0	0	0	0	0	0	0	0	0	0	0	0	0	0	0	0	0	0	0	1	0	0	0	0	0	0	0	0	1	0	0	0	0	0	1	0	0	0	0	0	0	0	0	0	0	0	0	0	0	0	0	0	0	0	0
87	96	18	73	80	18	103	59	4	28	17	19	7	26	12	1	31	13	1	5	0	1	6	2	37	2	23	2	14	3	4	0	0	0	5	2	1	0	0	0	2	2	0	0	0	0	1	0	1	0	0	7	1	0	1	0	1	0	2	0	1	2	0	0	0	1	1	2	0	1	1	4	1	0	0	0	2	0	0	1	0	1	0	0	0	0	0	0	0	0	1	1	0	0	1	1	0	1	0	0	0	0	1	0	0	0	0	0	0	0	0	0	1	0	0	0	0	0	0	0	0	0	0	0	0	0	0	0	0	0	0	0	0	1	0	0	0	0	0	0	0	0	0	0	0	0	0	0	0	0	0	1	0	0
714	651	136	617	475	124	648	398	37	203	96	122	35	177	73	9	191	113	17	6	14	7	28	24	225	5	136	10	59	32	48	1	2	7	22	5	21	2	2	0	6	16	1	0	4	5	11	10	5	1	1	19	8	3	6	3	3	12	3	10	2	4	0	2	0	0	1	9	14	19	5	8	10	1	2	2	20	0	0	2	2	6	3	3	3	6	0	15	10	0	1	11	0	0	0	5	1	0	5	0	1	4	1	1	0	3	0	0	0	0	0	2	0	0	0	0	0	0	2	0	0	2	0	2	0	0	0	0	1	1	1	0	0	2	0	1	1	0	1	0	2	1	1	0	0	0	2	0	1	0	0	6	0	0
860	831	172	782	552	129	830	506	50	257	128	182	39	199	99	17	270	138	28	13	10	11	38	29	311	13	199	19	78	33	68	0	2	14	35	16	32	0	2	0	4	25	2	0	5	2	9	19	7	1	0	24	15	4	7	4	6	7	3	7	1	2	0	2	0	2	6	13	27	15	4	18	11	3	3	2	29	2	3	3	2	5	0	5	2	2	0	7	8	0	5	9	0	3	1	1	2	2	9	3	2	2	1	3	1	5	0	0	0	1	1	2	2	0	0	3	0	0	2	0	0	3	0	1	1	0	0	1	0	2	1	0	0	3	2	2	5	0	1	0	3	1	2	0	0	0	0	2	0	1	0	4	0	0
325	332	45	277	228	66	329	211	17	85	59	54	17	79	34	6	91	57	12	3	11	2	13	14	104	4	74	8	38	12	11	0	2	2	16	1	16	0	1	1	2	11	1	0	2	0	6	6	3	1	0	14	11	2	3	1	5	3	1	4	1	1	0	1	0	0	0	2	7	13	3	6	7	1	0	3	7	0	3	0	0	1	0	2	0	1	2	1	2	1	0	5	3	1	1	2	0	1	1	0	2	1	0	1	1	1	0	0	0	0	0	1	1	0	0	0	0	0	1	0	0	0	0	1	0	0	0	0	0	0	1	1	0	2	0	1	2	0	1	0	1	0	0	0	0	0	2	0	0	0	0	2	0	1
811	755	168	762	594	160	775	540	51	235	144	139	38	188	105	18	250	118	20	5	14	13	42	28	291	14	181	17	83	37	45	1	0	7	33	12	32	2	4	1	3	16	4	0	4	5	10	18	7	3	1	40	10	5	5	3	2	4	0	7	1	6	0	2	0	1	6	20	31	19	8	19	19	1	3	1	19	1	5	3	2	5	1	7	1	4	1	5	11	0	3	9	1	2	3	2	0	2	7	4	3	2	1	0	0	2	0	0	0	0	0	1	2	1	0	0	0	0	2	0	0	4	0	2	1	0	0	1	1	2	2	0	0	3	1	1	4	0	2	0	5	2	1	0	0	0	2	1	0	1	0	4	0	0
667	675	130	631	460	106	695	482	48	188	143	109	41	174	87	16	222	126	27	5	9	8	28	20	218	11	154	13	90	22	39	0	5	5	24	5	29	3	2	0	4	16	3	2	2	2	2	13	7	0	0	33	8	2	15	2	5	9	3	11	3	0	0	2	2	3	3	9	21	18	6	13	11	0	0	0	18	1	1	0	1	4	6	5	0	2	0	9	12	0	3	11	2	3	0	2	0	0	5	1	1	5	0	0	0	0	1	0	0	1	0	0	0	0	0	0	0	1	3	0	0	2	1	1	1	0	0	1	0	0	2	1	0	0	0	1	6	0	2	0	3	1	0	0	0	0	0	0	0	1	0	4	1	1
155	177	28	147	112	35	159	90	14	43	34	26	12	41	16	3	47	26	5	2	3	0	11	4	56	1	25	1	19	6	14	0	1	3	5	1	3	0	0	0	2	1	0	0	0	1	2	2	1	0	0	9	1	1	3	0	1	2	0	4	1	0	0	1	0	1	0	2	5	4	6	2	4	1	1	0	4	0	1	0	0	0	0	2	1	1	0	0	2	0	2	3	0	0	0	1	0	0	1	1	1	0	1	0	0	0	0	0	0	0	0	0	1	0	0	0	0	0	1	0	1	1	0	0	0	0	0	0	0	0	0	0	0	3	0	0	0	0	0	0	0	0	0	0	0	0	0	0	0	0	0	1	0	0
82	82	16	79	61	24	84	52	5	35	16	22	3	18	6	1	26	11	0	0	1	1	3	3	30	2	21	4	13	2	12	0	0	0	2	1	4	0	0	0	0	2	0	0	0	1	1	1	1	0	0	2	3	0	2	1	0	0	0	0	0	0	1	1	0	1	0	0	3	4	1	4	1	0	0	2	2	0	0	0	0	0	0	0	0	0	0	1	0	0	0	0	0	0	0	0	0	0	0	0	1	0	0	0	0	1	0	0	0	0	1	0	0	0	0	1	0	0	0	0	0	0	0	0	0	0	0	0	0	0	1	0	0	0	0	0	0	0	0	1	1	0	0	0	0	0	0	0	0	0	0	0	0	0
366	377	72	329	270	61	374	255	35	117	74	69	24	105	57	8	126	59	8	5	11	5	16	16	119	4	93	5	49	16	22	0	3	2	13	5	20	0	1	0	1	4	0	1	2	0	9	7	4	1	0	22	6	3	9	0	4	5	1	5	2	0	2	0	0	1	1	7	10	13	0	3	6	0	0	0	7	3	2	1	0	8	3	2	2	3	1	2	4	0	0	8	1	0	1	3	0	0	1	2	0	4	0	0	0	1	0	0	0	0	0	0	2	0	0	0	0	0	0	0	0	0	0	2	0	0	0	1	0	0	0	0	0	1	1	0	0	0	0	0	1	0	0	0	0	0	0	0	0	0	0	4	0	0
16	21	5	15	22	3	26	14	1	10	5	2	1	5	3	1	2	1	1	0	0	0	0	1	1	1	1	0	0	1	2	0	0	0	2	0	0	0	0	0	0	0	0	0	0	0	0	0	1	0	0	1	1	0	0	0	0	0	0	0	0	1	0	0	0	0	0	0	1	0	0	0	1	0	0	0	0	0	0	0	0	0	0	0	0	0	0	0	0	0	0	0	0	0	0	0	0	0	0	0	0	0	0	0	0	0	0	0	0	0	0	0	0	0	0	0	0	0	0	0	0	0	0	0	0	0	0	0	0	0	1	0	0	0	0	0	1	0	1	0	1	0	0	0	0	0	0	0	0	0	0	0	0	0
14	12	1	9	5	0	9	2	1	3	3	2	0	1	3	0	3	2	0	0	0	0	0	0	1	0	2	0	1	1	1	0	0	0	0	0	0	0	0	0	0	0	0	0	1	0	1	0	0	0	0	0	0	0	0	0	0	0	0	0	0	0	0	0	0	0	0	0	0	0	0	0	0	0	0	0	1	0	0	0	0	0	0	0	0	0	0	0	0	0	0	0	0	0	0	0	0	0	0	0	0	0	0	0	0	0	0	0	0	0	0	0	0	0	0	0	0	0	0	0	0	0	0	0	0	0	0	0	0	0	0	0	0	0	0	0	0	0	0	0	0	0	0	0	0	0	0	0	0	0	0	0	0	0
47	46	6	32	30	9	38	27	5	14	8	12	2	9	4	0	10	11	0	1	3	1	3	0	11	2	8	0	7	1	5	0	0	1	1	0	2	0	0	0	0	1	0	0	0	0	0	2	1	0	0	0	0	1	0	0	1	1	0	0	0	0	0	1	0	1	0	0	1	6	0	1	1	0	0	0	3	0	0	0	0	0	0	1	0	0	0	1	0	0	0	1	0	0	0	0	0	0	0	0	0	0	0	0	0	0	0	0	0	0	0	0	0	0	0	0	0	0	0	0	0	0	0	0	0	0	0	0	0	0	0	0	0	0	0	0	0	0	0	0	0	0	0	0	0	0	0	1	0	0	1	0	0	0
170	185	40	152	119	28	157	99	7	59	24	33	10	40	20	3	61	18	5	1	4	1	8	5	49	4	28	3	20	10	9	0	0	1	6	3	8	1	1	0	2	3	0	0	0	0	2	4	1	0	0	9	4	1	1	2	0	4	0	2	0	0	1	0	0	0	0	6	4	9	3	3	3	1	0	0	1	0	1	1	0	1	0	0	0	1	1	1	2	0	0	1	0	0	1	0	0	0	4	3	0	0	0	0	0	0	0	0	0	2	1	1	0	0	0	0	0	0	0	0	0	0	1	0	0	0	0	1	0	0	2	0	0	1	0	0	0	0	0	0	1	0	0	0	0	0	0	0	0	0	0	2	0	0
429	452	86	404	323	85	450	298	30	151	95	97	18	119	60	6	119	83	7	4	8	3	15	12	147	7	97	14	50	24	37	1	2	3	19	6	15	1	1	0	3	11	2	0	3	2	5	6	4	0	0	16	6	4	5	3	4	6	0	1	1	1	0	0	0	2	1	5	13	9	9	13	9	1	1	2	11	1	1	0	0	0	4	6	0	3	0	1	6	0	1	4	0	0	0	2	1	0	2	1	0	0	1	0	0	1	1	0	1	0	0	0	0	0	0	0	0	1	0	0	0	0	0	1	0	0	0	1	0	0	3	0	1	2	0	2	2	0	0	0	1	1	0	0	0	0	0	1	1	1	1	5	0	0
1	4	1	3	2	0	2	0	0	0	0	0	0	0	0	0	2	0	0	0	0	0	0	0	0	0	2	0	0	0	0	0	0	0	0	0	0	0	0	0	0	0	0	0	0	0	0	0	0	0	0	1	0	0	0	0	0	0	0	0	0	0	0	0	0	0	0	0	0	0	0	0	0	0	0	0	0	0	0	0	0	0	0	0	0	0	0	0	0	0	0	0	0	0	0	0	0	0	0	0	0	0	0	0	0	0	0	0	0	0	0	0	0	0	0	0	0	0	0	0	0	0	0	0	0	0	0	0	0	0	0	0	0	0	0	0	0	0	0	0	0	0	0	0	0	0	0	0	0	0	0	0	0	0
87	76	12	72	40	8	68	45	8	21	10	14	2	13	7	2	22	15	1	0	1	1	4	3	19	1	20	1	12	1	6	0	0	0	2	2	3	0	0	0	0	2	0	0	0	0	1	2	1	0	0	4	0	1	2	0	1	2	0	1	1	0	0	0	0	1	0	1	1	0	0	0	2	0	0	0	1	0	0	0	0	0	0	0	1	0	0	1	1	0	0	2	0	0	0	0	0	0	0	1	0	0	0	0	0	0	0	0	0	0	0	0	0	0	0	0	0	0	0	0	0	0	0	0	0	1	0	0	0	0	0	1	0	1	0	0	0	0	0	0	0	0	0	0	0	0	0	0	0	0	0	1	0	0
22	20	1	25	22	1	24	15	1	6	3	4	2	3	2	1	5	2	1	0	2	0	2	1	11	0	6	0	7	1	1	0	0	1	0	0	0	0	0	0	0	1	0	0	0	0	0	0	0	0	0	1	1	0	0	0	1	0	0	0	0	0	0	0	0	0	0	0	0	0	0	1	0	0	0	0	0	0	0	0	0	0	0	0	0	0	0	2	0	0	1	0	0	0	0	0	0	0	0	0	0	0	0	0	0	0	0	0	0	0	0	0	0	0	0	0	0	0	0	0	0	0	0	0	0	0	0	0	0	0	0	0	0	0	0	1	0	0	0	0	0	0	0	0	0	0	0	0	0	0	0	1	0	0
70	71	15	56	57	6	54	32	5	21	10	14	10	19	6	2	24	7	2	0	2	0	0	1	18	1	19	3	11	1	5	0	1	0	1	0	4	0	1	0	0	0	0	0	1	0	3	0	0	0	0	4	0	0	0	0	0	3	0	0	0	0	1	2	0	0	0	1	3	2	3	2	0	0	0	0	1	0	0	0	0	0	0	0	1	0	0	0	1	0	0	3	0	0	0	1	0	0	0	0	0	0	0	0	0	0	0	0	0	0	1	0	0	0	0	0	0	0	0	0	0	0	0	1	0	0	0	0	0	0	0	0	0	0	0	0	1	0	0	1	0	0	0	0	0	0	0	0	0	0	0	0	0	0
32	40	8	26	31	6	27	25	3	4	8	5	3	8	5	0	8	7	0	1	0	0	2	2	12	1	7	0	6	0	2	0	0	1	0	1	1	0	0	0	0	0	0	0	0	1	0	1	0	0	0	3	0	2	1	0	0	1	0	1	0	0	0	0	0	0	0	0	2	1	0	0	0	0	0	0	0	0	0	0	0	0	0	0	1	0	0	0	0	0	0	0	0	0	0	0	0	0	1	0	0	0	0	0	0	0	0	0	0	1	0	1	0	0	0	0	0	0	0	0	0	0	0	0	0	0	0	0	0	0	0	0	0	0	0	0	0	0	0	0	0	0	0	0	0	0	0	0	0	0	0	0	0	0
55	56	13	52	39	5	59	38	6	17	10	11	3	17	10	1	14	10	2	1	1	0	1	2	19	0	13	3	5	4	4	0	0	0	1	0	0	0	0	0	0	1	0	0	1	0	2	2	0	0	0	2	0	0	0	0	0	0	1	1	0	0	0	0	0	0	0	0	1	1	2	1	0	0	1	0	3	0	0	0	0	1	0	0	0	1	0	1	1	0	0	1	0	0	1	0	0	1	1	0	1	0	0	0	0	1	0	0	0	0	1	0	0	0	0	0	0	1	0	0	0	0	0	0	0	0	0	0	0	0	1	0	0	0	0	0	0	0	0	0	0	0	0	0	0	0	0	1	0	0	0	1	0	0
186	201	38	161	118	32	172	113	8	61	35	31	11	34	27	2	69	28	6	0	4	1	10	4	50	1	50	5	25	5	13	0	0	2	9	1	8	0	0	0	0	3	0	0	0	1	3	0	1	0	0	8	5	2	2	0	0	1	0	1	1	1	0	1	0	0	0	3	11	9	1	2	2	0	0	0	1	0	0	1	0	0	0	2	2	2	0	0	1	0	2	2	1	0	0	0	0	1	1	1	0	2	0	0	0	1	0	0	0	0	0	0	0	0	0	0	0	0	0	0	0	0	0	0	0	0	0	0	1	0	0	0	0	0	0	1	1	0	0	0	1	0	1	0	0	0	0	0	0	1	0	2	0	0
31	31	6	23	25	7	44	13	1	12	5	7	0	6	3	0	17	5	0	0	0	1	1	2	12	0	3	1	7	1	2	0	0	0	1	0	1	0	0	0	0	0	0	0	0	0	0	2	0	0	0	0	1	0	1	0	0	0	0	0	0	0	0	0	0	0	0	0	2	0	1	0	0	0	0	0	0	0	0	0	0	1	0	0	0	0	0	2	0	0	0	0	0	0	0	0	0	0	0	0	0	0	0	0	0	0	1	0	0	0	0	0	0	0	0	0	0	0	0	0	0	0	0	0	0	0	0	0	0	0	0	0	0	0	0	0	0	0	1	0	0	0	0	0	0	0	0	0	0	0	0	0	0	2
78	93	8	69	68	15	69	50	6	31	16	15	4	27	13	2	19	9	4	0	1	0	0	3	25	0	23	0	12	4	11	0	0	2	1	0	1	0	1	0	1	0	0	0	1	3	1	1	1	0	0	4	1	1	1	0	0	3	0	0	0	1	0	1	0	0	1	0	0	2	1	0	2	0	0	0	0	0	0	0	0	0	0	0	0	0	0	0	0	0	0	2	0	0	0	0	0	0	0	0	2	0	0	0	0	0	0	0	0	0	0	1	1	0	0	0	0	1	0	0	0	0	0	0	0	1	0	0	0	0	1	0	0	0	0	0	0	0	0	0	0	0	0	0	0	0	0	0	1	0	0	0	0	0
188	177	36	134	98	33	159	104	11	57	24	25	5	39	21	2	42	33	10	6	1	3	11	7	52	1	28	0	13	9	10	0	0	3	7	3	13	1	2	0	0	1	0	0	0	0	0	2	1	0	0	4	2	0	3	0	2	1	1	1	2	0	0	1	0	0	2	2	7	4	1	1	3	0	0	2	5	0	1	0	0	1	1	1	0	0	0	1	3	0	1	0	1	0	0	1	0	0	1	1	0	1	0	0	0	0	0	0	0	0	0	0	0	0	0	0	0	0	0	0	0	0	0	0	0	0	0	0	1	0	1	0	0	0	0	1	1	0	0	0	1	0	1	0	0	0	0	0	1	0	0	2	1	0
40	34	4	30	22	4	25	30	1	12	5	4	1	9	6	0	6	5	1	0	0	0	5	1	15	0	9	2	9	2	1	0	0	0	0	1	3	0	1	0	0	2	0	0	0	0	0	1	2	0	0	1	1	0	0	0	1	2	0	0	0	0	0	0	0	0	0	1	0	0	2	1	0	0	0	0	1	0	0	0	1	0	0	1	0	0	0	0	2	0	0	0	0	0	0	0	0	0	0	1	1	0	0	0	0	0	0	0	0	1	0	0	0	0	0	0	0	0	0	0	0	0	0	0	0	0	0	0	0	0	0	0	0	0	0	0	0	0	0	0	0	0	0	0	0	0	0	0	0	0	0	0	0	0
57	59	15	49	41	7	51	29	1	15	12	4	3	12	4	1	13	14	2	0	0	1	2	2	15	0	11	1	4	2	6	0	0	0	3	0	4	0	0	0	0	2	0	0	1	0	0	1	2	0	0	2	0	1	0	0	0	2	1	1	0	0	0	0	0	0	1	0	0	2	0	1	2	0	0	0	1	0	0	0	0	0	0	0	0	0	0	0	0	0	0	0	0	0	0	0	0	0	1	1	0	1	0	0	0	1	0	0	0	0	0	0	0	0	0	0	0	0	0	0	0	0	0	1	0	0	0	0	0	1	0	0	0	1	0	0	0	0	0	0	0	0	0	0	0	0	0	0	0	0	0	0	0	0
145	136	23	120	102	16	145	70	4	36	26	28	8	28	18	1	50	24	6	1	1	2	9	5	36	0	20	1	15	8	10	0	0	0	5	4	4	0	0	0	0	4	0	0	2	0	1	3	1	0	0	8	1	0	0	0	0	1	1	1	0	0	0	1	0	2	1	0	4	3	1	0	3	0	0	0	7	0	1	0	1	3	0	1	0	1	0	0	1	0	2	1	1	0	0	1	1	0	1	0	0	0	0	1	0	0	0	0	0	1	0	1	0	0	0	0	0	0	0	1	0	0	0	1	0	0	0	0	0	0	0	0	0	0	0	0	0	0	0	0	0	0	1	0	0	0	0	0	0	0	0	0	0	0
34	42	6	25	34	6	40	25	3	19	6	7	1	11	3	1	12	7	0	0	1	0	1	1	16	1	5	0	2	3	1	1	0	0	3	1	1	0	0	0	0	1	0	0	0	0	0	1	0	0	0	3	0	1	0	0	1	0	0	0	0	0	0	0	0	0	0	0	3	0	0	1	0	0	0	0	0	0	0	1	0	0	0	0	0	0	0	1	0	0	0	0	0	0	0	0	0	0	1	0	0	1	0	0	0	0	1	0	0	0	0	0	0	0	0	1	0	0	0	0	0	0	0	0	0	0	0	0	0	0	0	0	0	0	0	0	0	0	0	0	0	0	0	0	0	0	0	0	0	0	0	1	0	0
16	8	2	7	7	1	11	4	1	3	2	0	0	5	3	1	4	1	2	0	0	1	0	1	1	1	2	0	1	0	1	0	0	0	0	0	1	0	0	0	0	1	0	0	0	0	1	0	0	0	0	0	1	0	2	0	0	0	0	0	0	0	0	0	0	0	0	0	0	0	0	0	0	0	0	0	1	0	0	0	0	0	0	0	0	0	0	1	0	0	0	0	0	0	0	0	0	0	0	0	0	1	0	0	0	0	0	0	0	0	0	0	0	0	0	0	0	0	0	0	0	0	0	0	0	0	0	0	0	0	0	0	0	0	0	0	0	0	0	0	0	0	0	0	0	0	0	0	0	0	0	0	0	0
42	40	9	44	26	7	33	20	3	12	10	6	0	8	1	1	12	4	1	1	0	1	1	0	15	1	9	2	2	2	0	0	0	1	3	0	0	0	0	0	0	1	0	0	0	0	1	0	1	0	0	1	1	0	0	0	0	0	0	0	0	0	0	1	0	0	0	1	1	0	0	0	1	0	0	0	0	0	0	0	0	1	0	2	0	0	0	0	0	0	1	2	0	0	0	0	0	0	0	0	0	0	0	0	0	0	0	0	0	0	0	0	0	0	0	0	0	0	0	0	0	0	0	0	0	0	0	0	0	0	0	0	0	0	0	0	0	0	0	0	0	0	0	0	0	0	0	0	0	0	0	0	0	0
14	15	4	20	11	2	15	11	1	4	2	4	0	10	1	1	3	1	0	0	0	0	1	0	1	1	2	0	2	1	1	0	0	0	1	0	0	0	0	0	0	1	0	0	0	0	0	0	1	0	0	0	0	0	0	0	0	0	0	0	0	0	0	0	0	0	0	0	1	1	1	2	0	0	0	0	0	1	0	0	0	0	0	0	0	0	0	0	0	0	0	0	0	0	0	1	0	0	0	0	0	0	0	0	0	0	0	0	0	0	0	0	0	0	0	0	0	0	0	0	0	0	0	0	0	0	0	0	0	0	0	0	0	0	0	0	0	0	0	0	1	0	0	0	0	0	0	0	0	0	0	1	0	0
79	69	11	85	64	18	79	44	3	35	14	8	6	19	9	4	30	14	4	0	2	1	1	4	39	1	15	1	13	4	6	0	0	0	1	0	3	0	0	0	0	4	0	0	0	1	1	1	0	0	0	7	0	1	1	1	0	2	0	0	0	0	0	1	0	1	0	2	1	2	3	4	1	0	0	0	1	1	0	0	0	1	1	0	0	0	0	2	0	0	2	0	0	0	1	1	0	0	0	0	0	0	0	0	0	0	0	0	0	1	0	0	0	0	0	0	0	0	0	0	0	0	0	0	1	0	0	1	0	0	0	0	0	0	0	0	0	0	0	0	1	0	0	0	0	0	0	1	0	0	0	2	0	0
52	77	13	63	36	7	71	49	2	23	15	5	1	17	14	1	29	15	2	1	1	0	2	4	20	3	16	0	6	2	6	0	2	1	6	1	1	0	1	0	0	0	0	0	1	0	1	0	0	0	0	4	0	1	0	0	0	0	0	1	1	0	0	0	0	0	1	0	2	0	1	1	1	0	1	1	3	1	1	0	0	0	0	0	0	0	1	1	1	0	1	2	0	1	0	0	0	1	0	0	0	0	1	0	0	0	0	0	0	0	0	1	1	0	0	0	0	0	0	0	0	0	0	0	1	0	0	0	0	0	1	1	0	1	0	0	0	0	0	0	1	0	0	0	0	0	0	0	0	0	0	0	0	0
32	49	4	38	29	5	44	27	7	16	9	8	2	10	3	0	15	5	0	0	1	1	5	1	13	1	13	2	6	1	2	0	0	1	4	1	3	0	0	0	0	1	0	0	0	0	1	2	0	0	0	3	1	0	1	0	1	0	0	1	0	0	0	0	0	2	0	0	0	2	0	0	0	0	0	0	0	1	0	0	0	0	0	0	0	0	0	0	0	0	0	0	0	0	0	0	0	0	0	0	0	1	0	0	0	0	0	0	0	0	0	0	0	0	0	0	0	0	0	0	0	0	0	0	0	0	0	0	0	0	0	0	0	0	0	0	0	0	0	0	0	0	0	0	0	0	0	0	0	0	0	0	1	0
55	57	11	42	36	8	40	33	3	12	11	8	3	12	7	0	19	11	0	0	0	1	3	3	23	2	9	1	6	1	2	0	0	0	4	1	2	0	0	0	0	2	1	0	0	0	1	0	0	0	0	3	1	0	1	0	0	0	1	1	1	0	0	1	0	0	0	1	4	4	1	0	2	0	0	0	1	0	1	0	1	0	0	1	0	0	0	1	0	0	0	0	0	0	0	1	0	1	1	0	0	0	0	0	0	0	0	0	0	1	0	0	1	0	0	0	0	0	0	0	0	0	0	0	0	0	0	0	0	0	0	0	0	1	0	0	0	0	0	0	2	0	0	0	0	0	0	0	0	0	0	1	0	0
34	32	8	38	17	6	42	20	2	8	6	8	2	6	3	1	11	9	2	1	0	1	1	0	12	0	8	0	6	4	6	0	0	0	0	0	1	0	0	0	0	2	0	0	0	0	1	2	0	0	0	1	0	0	0	0	1	0	0	0	1	0	0	0	0	0	0	1	0	2	1	0	0	0	0	0	1	1	1	0	0	0	0	0	0	0	0	0	1	0	0	1	0	0	0	0	0	0	0	0	0	0	0	0	0	0	0	0	0	0	0	0	0	0	0	0	0	0	0	0	0	0	0	0	0	0	0	0	0	0	0	0	0	0	0	0	0	0	0	0	1	0	0	0	0	0	0	0	0	0	0	0	0	0
14	6	0	6	4	0	8	2	0	3	1	0	1	3	1	0	1	0	0	0	0	0	0	1	1	0	2	1	2	0	1	0	0	1	0	0	1	0	0	0	0	0	0	0	0	0	0	0	0	0	0	1	0	0	0	0	0	0	0	0	0	0	0	0	0	0	0	0	0	0	0	0	1	0	0	0	0	0	0	0	0	0	0	0	0	0	0	0	0	0	0	0	0	0	0	0	0	0	0	0	0	0	0	0	0	0	0	0	0	0	0	0	0	0	0	0	0	0	0	0	0	0	0	0	0	0	0	0	0	0	0	0	0	0	0	0	0	0	0	0	0	0	0	0	0	0	0	0	0	0	0	0	0	0
50	63	12	72	44	10	55	32	2	13	5	13	3	9	8	0	20	15	1	1	1	1	4	3	22	4	13	1	6	2	4	0	0	0	4	1	0	0	0	0	0	2	0	0	0	0	1	1	0	0	0	1	2	1	1	0	0	0	0	0	1	0	0	1	0	1	1	2	3	0	0	2	0	0	0	0	1	0	0	0	0	1	0	0	1	1	0	1	1	0	1	0	2	0	0	0	0	0	2	0	0	0	0	0	0	2	0	0	0	0	0	0	0	0	0	0	0	0	0	0	1	0	0	0	0	0	0	0	0	0	0	0	0	0	0	1	0	0	0	0	0	0	0	0	0	0	0	0	0	0	0	0	0	0
56	50	6	28	37	6	43	34	4	18	13	8	5	18	3	0	21	10	1	0	2	0	1	1	20	2	10	2	3	2	6	0	0	2	1	0	1	0	0	0	0	1	1	0	1	0	0	0	0	0	0	4	1	2	0	0	2	0	0	1	1	0	0	0	0	0	0	0	1	0	0	3	1	0	1	0	4	0	0	0	0	2	0	1	0	2	0	1	1	0	0	3	0	1	0	0	0	0	0	0	0	1	0	0	0	0	0	0	0	0	0	0	0	0	0	0	0	0	0	0	0	0	0	0	0	0	0	0	0	0	2	0	1	0	0	0	0	0	0	0	0	0	0	0	0	0	0	0	0	0	0	0	0	0
30	21	7	20	20	7	21	11	0	10	3	3	2	7	2	1	7	5	1	2	0	0	3	1	9	0	5	1	2	0	1	0	1	1	0	0	1	0	0	0	1	0	0	0	1	1	1	1	1	0	0	0	0	0	0	0	0	0	0	0	1	0	0	0	0	0	0	1	0	2	0	0	0	1	0	0	0	0	0	0	0	0	0	0	0	0	0	0	0	0	0	1	0	0	0	1	0	0	0	0	0	0	0	0	0	0	0	0	0	0	0	0	0	0	0	0	0	0	0	0	0	0	0	0	0	0	0	0	0	0	0	0	0	0	0	0	0	0	0	0	0	0	0	0	0	0	0	0	0	0	0	0	0	0
2	2	0	0	2	0	3	2	0	1	1	0	0	0	0	0	0	0	0	0	0	0	0	1	0	0	3	0	2	0	0	0	0	0	0	0	0	0	0	0	0	0	0	0	0	0	0	0	0	0	0	0	0	0	0	0	0	0	0	0	0	0	0	0	0	0	0	0	0	0	0	0	0	0	0	0	0	0	0	0	0	0	0	0	0	0	0	0	0	0	0	1	0	0	0	0	0	0	0	0	0	0	0	0	0	0	0	0	0	0	0	0	0	0	0	0	0	0	0	0	0	0	0	0	0	0	0	0	0	0	0	0	0	0	0	0	0	0	0	0	0	0	0	0	0	0	0	0	0	0	0	0	0	0
25	30	9	24	32	6	22	10	3	8	3	5	0	6	3	0	10	6	4	0	0	0	0	0	14	0	8	1	2	2	0	0	0	0	0	0	2	0	0	0	0	0	0	0	0	0	0	1	0	0	0	1	0	1	2	1	0	1	0	0	0	1	0	0	0	0	0	0	1	0	1	1	0	0	0	0	0	0	0	0	0	0	0	0	0	0	0	0	1	0	0	0	0	0	0	0	0	0	0	0	0	0	0	0	0	0	0	0	0	0	0	0	0	0	0	0	0	0	0	0	0	0	0	0	0	0	0	0	0	0	0	0	0	0	0	0	0	0	0	0	0	0	0	0	0	0	0	0	0	0	0	0	0	0
28	26	4	22	16	6	22	16	1	11	6	4	1	14	5	0	17	3	2	0	0	0	2	1	8	0	2	0	4	1	1	0	0	0	1	0	3	0	0	0	1	0	0	0	0	1	1	0	0	0	0	1	0	0	0	1	0	0	0	0	0	0	0	0	0	1	0	0	1	0	0	0	1	0	0	0	1	0	0	0	1	0	0	0	0	0	0	1	0	0	1	1	0	0	0	0	0	0	0	0	0	0	0	0	0	0	0	0	0	0	0	0	1	0	0	0	0	0	1	0	0	0	0	0	0	0	0	0	0	0	0	0	0	0	0	0	0	0	0	0	0	0	0	0	0	0	0	0	0	0	0	1	0	0
7	7	1	9	4	0	8	5	1	4	2	2	0	2	0	0	1	0	0	0	0	0	0	2	4	0	3	0	1	0	0	0	0	0	0	0	0	0	0	0	0	0	0	0	0	0	0	0	0	0	0	1	0	0	1	0	0	0	0	0	1	0	0	0	0	0	0	0	0	0	0	0	0	0	0	0	0	0	0	0	0	1	0	0	0	1	0	0	0	0	0	0	0	0	0	0	0	0	0	0	0	0	0	0	0	0	0	0	0	0	0	0	0	0	0	0	0	0	0	0	0	0	0	0	0	0	0	0	0	0	0	0	0	0	0	0	0	0	0	0	0	0	0	0	0	0	0	0	0	0	0	0	0	0
45	32	10	40	24	13	34	34	1	10	7	11	2	13	7	0	14	7	0	0	2	0	1	3	12	1	6	0	2	0	9	0	0	0	4	0	1	0	1	0	0	0	0	0	0	0	0	0	0	1	0	3	1	1	1	0	0	0	0	0	0	0	0	0	0	0	0	0	3	1	1	0	0	0	0	0	0	0	1	0	0	1	0	1	0	0	0	0	1	0	0	0	0	0	0	0	0	0	1	0	0	0	0	0	0	0	0	0	0	0	0	0	0	0	0	0	0	0	0	0	0	0	0	0	0	0	0	0	0	0	0	0	0	0	0	0	0	0	0	0	0	0	0	0	0	0	0	1	0	0	0	0	0	1
0	2	0	0	1	0	2	1	0	0	0	0	0	0	0	0	0	0	0	0	0	0	0	0	0	0	0	0	0	0	1	0	0	0	0	0	0	0	0	0	0	0	0	0	0	0	0	0	0	0	0	0	0	0	0	0	0	0	0	0	0	0	0	0	0	0	0	0	0	0	0	0	0	0	0	0	0	0	0	0	0	0	0	0	0	0	0	0	0	0	0	0	0	0	0	0	0	0	0	0	1	0	0	0	0	0	0	0	0	0	0	0	0	0	0	0	0	0	0	0	0	0	0	0	0	0	0	0	0	0	0	0	0	0	0	0	0	0	1	0	0	0	0	0	0	0	0	0	0	0	0	0	0	0
36	36	10	38	23	7	29	27	5	12	4	5	2	7	5	0	13	4	0	1	1	1	0	2	9	0	12	2	4	1	2	0	0	0	2	0	0	0	0	0	0	0	0	0	0	0	0	1	0	0	0	0	0	1	0	0	0	0	0	1	0	0	0	1	0	0	0	0	1	2	1	1	2	0	0	0	1	1	0	0	1	0	1	0	0	0	0	0	1	0	0	0	0	0	0	0	0	0	0	1	0	1	0	0	0	0	1	0	0	0	0	0	0	0	0	0	0	0	1	0	0	0	0	0	0	0	0	0	0	0	0	0	0	0	0	0	0	0	0	0	1	0	0	0	0	0	1	0	0	0	0	0	0	0
4	3	0	1	0	1	3	5	0	1	0	1	0	0	0	0	1	2	1	0	0	0	0	0	3	0	1	0	0	0	0	0	0	0	0	0	0	0	0	0	0	0	0	0	0	0	0	0	0	0	0	0	0	0	0	0	0	0	0	0	0	0	0	0	0	0	0	0	0	0	0	0	0	0	0	0	0	0	0	0	0	0	0	0	0	0	0	0	1	0	0	0	0	0	0	0	0	0	0	0	0	0	0	0	0	0	0	0	0	0	0	0	0	0	0	0	0	0	0	0	0	0	0	0	0	0	0	0	0	0	0	0	0	0	0	0	0	0	0	0	0	0	0	0	0	0	0	0	0	0	0	0	0	0
20	24	2	17	16	7	26	15	1	6	3	8	1	5	4	1	6	2	4	0	0	0	1	1	6	1	3	1	3	1	1	0	0	1	1	0	1	0	0	0	0	1	0	0	0	0	0	2	0	0	0	0	0	0	0	0	0	1	0	0	0	0	0	0	0	0	1	0	2	1	0	0	0	0	0	0	1	0	0	0	0	0	0	0	0	1	0	0	0	0	0	0	0	0	0	0	0	0	0	0	0	0	0	0	0	0	0	0	0	0	0	0	0	0	0	0	0	0	0	0	0	0	0	0	0	0	0	0	0	0	0	0	0	0	0	0	0	0	0	0	0	0	0	0	0	0	0	0	0	0	0	0	0	0
22	33	3	17	22	5	35	9	1	8	4	10	0	5	2	0	7	5	0	0	0	0	1	1	8	0	9	0	2	1	1	0	0	0	1	0	1	1	0	0	0	2	0	0	0	0	1	0	0	0	0	2	3	0	0	0	0	0	0	0	0	0	0	0	0	0	0	0	0	0	2	0	0	0	0	0	0	0	0	0	0	0	0	0	0	0	0	1	0	0	0	0	0	0	0	0	0	0	0	0	0	0	0	0	0	0	0	0	0	0	0	0	0	0	0	0	0	0	0	0	0	0	0	0	0	0	0	0	0	0	0	0	0	0	0	0	0	0	0	0	1	0	0	0	0	0	0	0	1	0	0	0	0	0
6	10	3	14	12	1	11	9	1	4	4	1	0	0	1	0	1	0	0	0	0	0	0	0	3	0	1	0	2	0	2	0	0	0	0	0	0	0	0	0	0	0	0	0	0	0	0	0	0	0	0	0	0	0	0	0	0	0	0	0	0	0	0	0	0	0	0	0	0	0	0	0	0	0	0	0	0	1	0	0	0	0	0	0	0	0	0	0	0	0	0	0	0	0	0	0	0	0	0	0	0	0	0	0	0	0	0	0	0	0	0	0	0	0	0	0	0	0	0	0	0	0	0	0	0	0	0	0	0	0	0	0	0	0	0	0	0	0	0	0	0	0	0	0	0	0	0	0	0	0	0	0	0	0
9	13	2	19	9	1	8	7	1	9	2	1	0	3	0	1	3	2	0	0	0	0	0	2	5	0	2	0	5	1	0	0	0	0	0	0	1	0	0	0	0	0	0	0	0	1	0	0	0	0	0	0	0	0	0	0	0	0	0	0	0	0	0	0	0	0	0	1	0	1	0	0	0	0	0	0	0	0	0	0	0	0	0	0	0	0	0	0	0	0	0	1	0	0	0	0	0	0	0	0	0	0	0	0	0	1	0	0	0	0	0	0	0	0	0	0	0	1	0	0	0	0	0	0	0	0	0	0	0	0	0	0	0	0	0	0	0	0	0	0	0	0	0	0	0	0	0	0	0	0	0	0	0	0
21	23	3	23	20	3	17	13	1	9	3	5	1	5	0	0	4	6	1	0	0	0	0	0	9	0	3	2	2	0	2	0	0	1	1	0	0	0	0	0	0	0	0	0	0	0	0	0	0	0	0	0	0	0	0	0	0	1	0	1	0	1	0	0	0	0	1	1	0	2	0	1	1	0	0	1	2	0	0	0	0	0	1	0	0	0	0	0	0	0	0	0	0	0	0	0	0	0	0	0	0	0	0	0	0	0	0	0	0	0	0	0	0	0	0	0	0	0	0	0	0	0	0	0	0	0	0	0	0	0	0	0	0	0	0	0	0	0	0	0	0	0	0	0	0	0	0	0	0	0	0	0	0	0
33	36	7	28	16	2	23	15	1	6	1	6	1	8	1	1	10	7	2	1	1	0	3	1	11	0	13	0	3	2	4	0	0	0	2	0	3	0	0	0	0	1	0	0	0	0	0	0	0	0	0	1	0	0	2	0	0	0	0	0	0	0	0	0	0	1	0	1	1	1	0	2	1	0	0	0	0	0	0	0	0	0	0	1	1	0	0	2	0	0	0	0	0	0	0	0	1	0	0	0	0	1	0	0	0	0	0	0	0	0	0	0	0	0	0	0	0	0	0	0	0	0	0	0	0	0	0	0	0	0	0	0	0	1	0	0	0	0	0	0	0	0	0	0	0	0	0	0	0	0	0	0	0	0
72	59	15	48	38	14	64	47	5	27	17	8	4	13	18	1	20	9	1	0	1	2	6	1	23	0	11	0	10	4	4	0	0	0	4	0	3	0	1	1	1	0	0	0	0	0	2	0	1	0	0	1	0	0	0	0	1	0	1	0	0	0	0	0	0	0	1	0	3	1	1	3	1	0	1	0	1	1	0	0	1	0	0	0	0	0	0	0	0	0	0	1	0	0	0	1	0	0	0	0	0	1	0	0	0	1	0	0	0	0	0	1	0	0	0	0	0	0	0	0	0	0	0	0	0	0	0	0	1	0	1	0	0	0	0	1	0	0	0	0	1	0	0	0	0	0	0	0	0	0	0	0	0	0
27	17	4	15	14	4	17	12	2	4	2	1	0	8	1	0	7	6	0	0	0	0	1	1	7	0	2	0	3	1	1	0	0	0	1	0	0	0	0	0	0	1	0	0	1	0	1	0	0	0	0	1	0	0	0	0	1	0	0	0	0	0	0	0	0	0	0	0	0	0	0	0	1	0	0	0	0	0	0	0	0	0	0	1	0	0	0	0	0	0	0	2	0	0	0	0	0	0	0	0	0	0	0	0	0	0	0	0	0	0	0	0	0	0	0	0	0	0	0	0	0	0	0	0	0	0	0	0	0	0	0	0	0	0	0	0	0	0	0	0	0	1	0	0	0	0	0	0	0	0	0	0	0	0
7	7	1	7	6	0	10	3	0	1	1	0	0	3	1	0	3	1	1	0	0	0	0	0	2	0	2	0	1	0	0	0	0	0	1	0	1	0	0	0	0	1	0	0	0	0	0	0	0	0	0	1	0	0	0	0	0	0	1	0	0	0	0	0	0	0	0	0	0	0	0	0	0	0	0	0	0	0	0	0	0	0	0	0	0	0	0	0	0	0	0	0	0	0	0	0	0	0	0	0	0	0	0	0	0	0	0	0	0	0	0	0	0	0	0	0	0	0	0	0	0	0	0	0	0	0	0	0	0	0	1	0	0	0	0	0	0	0	0	0	0	0	0	0	0	0	0	0	0	0	0	0	0	0
29	31	6	38	18	4	22	16	4	9	7	7	2	6	3	1	5	0	0	0	0	0	2	0	9	1	6	1	4	0	2	0	0	0	4	0	2	0	0	0	0	1	0	0	1	0	1	1	0	0	0	2	1	0	0	0	0	0	0	0	0	0	0	0	0	0	0	0	1	3	0	2	0	0	0	0	0	0	0	0	0	0	0	0	0	0	0	0	1	0	0	0	0	0	0	0	0	0	1	0	0	0	0	0	0	0	0	0	0	0	0	0	0	0	0	0	0	0	0	0	0	0	0	0	0	0	0	0	0	1	0	0	0	0	0	0	0	0	0	0	0	1	0	0	0	0	0	0	0	0	0	0	0	0
13	9	1	15	11	1	9	9	1	7	1	2	1	4	2	0	9	2	1	0	0	0	0	0	4	1	3	1	4	0	0	0	0	0	1	0	1	0	0	0	0	0	0	0	0	0	0	0	0	0	0	1	0	0	0	0	1	0	0	0	0	0	0	0	0	0	0	1	0	0	0	0	0	0	0	0	0	0	0	0	0	1	0	0	0	0	0	0	0	0	0	0	0	0	0	0	0	1	1	0	0	0	0	0	0	0	0	0	0	0	0	0	0	0	0	0	0	0	0	0	0	0	0	0	0	0	0	0	0	0	0	0	0	0	0	0	0	0	1	0	0	0	0	0	0	0	0	0	0	0	0	0	0	0
106	125	20	100	81	29	95	75	8	35	20	18	13	26	13	1	34	15	4	0	1	5	3	4	28	2	17	2	11	4	8	0	1	1	6	2	3	0	1	0	0	4	0	0	2	1	3	2	1	0	0	8	2	1	1	0	2	1	2	2	1	1	0	0	0	1	1	2	2	2	1	1	1	0	0	0	2	0	2	0	0	1	1	2	0	1	0	2	1	0	1	0	0	1	0	2	0	0	1	0	0	0	0	0	0	0	0	0	0	0	0	0	0	0	0	0	0	0	0	0	0	2	0	0	0	0	0	0	0	0	0	0	0	0	0	0	1	0	1	0	1	0	0	0	0	0	0	0	0	0	0	0	0	0
4	4	1	4	1	0	1	1	0	2	0	0	0	1	1	0	0	0	0	0	0	0	0	0	0	0	1	0	0	0	0	0	0	0	0	0	1	0	0	0	0	0	0	0	0	0	0	0	0	0	0	0	0	0	0	0	0	0	0	0	0	0	0	0	0	0	0	0	0	0	0	0	0	0	0	0	0	0	0	0	0	0	0	0	0	0	0	0	0	0	0	0	0	0	0	0	0	0	0	0	0	0	0	0	0	0	0	0	0	0	0	0	0	0	0	0	0	0	0	0	0	0	0	0	0	0	0	0	0	0	0	0	0	0	0	0	0	0	0	0	0	0	0	0	0	0	0	0	0	0	0	0	0	0
17	14	5	11	11	4	15	7	1	6	2	5	0	0	3	0	6	4	1	0	0	1	0	1	5	0	1	0	1	0	2	0	0	0	1	0	2	0	0	0	0	2	0	0	0	0	0	0	0	0	0	0	0	0	0	0	0	1	0	0	0	0	0	0	0	0	0	0	1	0	0	0	2	0	0	0	0	0	0	0	0	0	0	0	0	0	0	0	1	0	0	0	0	0	0	0	0	0	0	0	0	1	0	0	0	1	0	0	0	0	0	0	0	0	0	0	0	0	0	0	0	0	0	0	0	0	0	0	0	0	0	0	0	0	0	0	0	0	0	0	0	0	0	0	0	0	1	0	0	0	0	0	0	0
8	6	2	10	5	1	8	2	0	5	1	4	0	0	0	0	3	4	1	0	0	1	0	0	1	0	1	0	3	2	0	0	0	0	0	0	0	0	0	0	0	0	0	0	0	0	0	0	0	0	0	0	1	0	0	0	0	0	0	0	0	0	0	1	0	0	0	0	0	1	1	0	0	0	0	0	0	0	0	0	0	0	0	0	0	0	0	0	0	0	1	0	0	0	0	0	0	0	0	0	0	0	0	0	0	0	0	0	0	0	0	0	0	0	0	0	1	0	0	0	0	0	0	0	0	0	0	0	0	0	0	0	0	0	0	0	1	0	0	0	0	0	0	0	0	0	0	0	0	0	0	0	0	0
21	24	3	14	16	2	10	6	2	6	4	2	0	2	5	0	2	4	2	0	0	0	0	1	9	0	4	1	1	2	2	0	0	0	1	0	1	0	0	0	0	1	0	0	0	0	0	0	0	0	0	1	0	0	0	0	1	0	0	0	0	0	0	0	0	0	1	0	0	0	0	2	2	0	0	0	0	0	0	0	0	0	0	0	0	0	0	0	0	0	0	1	0	0	0	0	0	0	0	0	0	0	0	0	0	0	0	0	0	0	0	0	0	0	0	0	0	0	1	0	0	0	0	0	0	0	0	0	0	0	0	0	0	0	0	0	0	0	0	0	0	0	0	0	0	0	0	0	0	0	0	1	0	0
15	9	0	13	9	4	9	8	3	3	1	1	0	4	4	0	5	2	1	0	1	0	1	0	4	0	0	0	1	0	0	0	0	0	1	0	0	0	0	0	0	0	1	0	0	0	0	0	0	0	0	0	0	2	0	0	0	1	0	0	1	0	0	0	0	0	0	0	1	0	0	0	0	0	0	0	0	0	0	0	0	0	0	0	0	0	0	0	0	0	0	0	0	0	0	0	0	0	0	0	0	1	0	0	0	0	0	0	0	0	0	0	0	0	0	0	0	0	0	0	0	0	0	0	0	0	0	0	0	0	0	0	0	0	0	0	0	0	0	0	0	0	0	0	0	0	0	0	0	0	0	0	0	0
27	36	4	35	18	3	27	13	1	11	5	2	0	7	1	0	7	1	1	0	0	1	1	2	5	2	2	0	2	0	2	0	0	0	3	0	0	0	0	0	0	1	0	0	0	0	1	0	0	0	0	3	0	1	1	0	0	0	0	0	0	0	0	0	0	0	0	0	0	1	1	0	0	0	0	0	1	0	0	0	0	2	0	0	0	0	0	0	2	0	0	1	0	0	0	0	0	0	0	0	0	0	0	0	0	0	0	0	0	0	0	0	0	0	0	0	0	0	0	0	0	0	0	0	0	0	0	0	0	0	0	0	0	0	0	0	0	0	0	0	0	0	0	0	0	0	0	0	0	0	0	0	0	1
6	10	2	5	9	4	8	5	0	3	5	0	0	1	0	0	4	0	1	0	0	1	2	0	4	0	1	0	1	1	1	0	0	0	1	0	0	0	0	0	0	1	0	0	0	0	0	0	0	0	0	2	1	0	0	0	0	0	0	0	0	0	0	0	0	0	0	0	0	0	0	1	0	0	0	0	0	0	0	0	0	0	0	0	0	0	0	0	0	0	1	0	0	0	0	0	0	0	0	0	0	0	0	0	0	0	0	0	0	0	0	0	0	0	0	0	0	0	0	0	0	0	0	0	0	0	0	0	0	0	0	0	0	0	0	0	0	0	0	0	1	0	0	0	0	0	0	0	0	0	0	0	0	0
9	4	3	7	3	0	10	3	1	1	0	3	0	1	1	0	2	1	2	0	0	0	2	1	1	0	4	0	0	0	3	0	0	0	0	0	0	0	0	0	0	0	0	0	0	0	0	0	1	0	0	0	0	0	0	0	0	0	0	0	0	0	0	0	0	0	0	0	0	0	0	0	0	0	0	0	0	0	0	0	0	0	0	0	0	0	0	0	0	0	0	0	0	0	0	0	0	0	0	1	0	0	0	0	0	0	0	0	0	0	0	0	0	0	0	0	0	0	0	0	0	0	0	0	0	0	0	0	0	0	0	0	0	0	0	0	0	0	0	0	0	0	0	0	0	0	0	0	0	0	0	0	0	0
7	5	2	5	1	1	11	1	0	2	0	2	2	1	0	0	2	1	0	0	1	0	0	0	1	0	1	0	1	1	1	0	0	1	0	0	0	0	0	0	0	0	0	0	0	0	0	0	0	0	0	0	0	0	0	0	0	0	0	0	0	0	0	0	0	0	0	0	0	0	0	0	0	0	0	0	0	0	0	0	0	0	0	0	0	0	0	0	1	0	0	1	0	0	0	0	0	0	0	0	0	0	0	0	0	0	0	0	0	0	0	0	0	0	0	0	0	0	0	0	0	0	0	0	0	0	0	0	0	0	0	0	0	0	0	0	0	0	0	0	0	0	0	0	0	0	0	0	0	0	0	0	0	0
17	20	4	12	14	2	28	13	0	5	6	1	2	5	3	0	7	4	0	2	0	0	2	0	6	1	5	1	2	0	1	0	0	0	0	0	0	0	0	0	1	0	0	0	0	0	0	0	0	0	0	1	0	0	0	0	1	0	1	0	0	0	0	0	0	0	0	0	0	2	1	0	0	0	0	0	0	0	0	0	0	0	0	0	0	0	0	0	0	0	0	0	0	0	0	0	0	0	0	0	0	1	0	0	0	0	0	0	0	0	0	0	1	0	0	0	0	0	0	0	0	0	0	0	0	0	0	0	0	0	0	0	0	0	0	0	1	0	0	0	0	1	0	0	0	0	0	0	0	0	0	0	0	0
9	14	3	9	8	0	16	4	2	6	0	4	1	4	2	0	3	0	0	0	0	0	0	1	5	0	1	1	3	0	0	0	0	0	1	0	1	0	1	0	0	1	0	0	0	0	0	1	0	0	0	0	0	0	0	0	0	0	0	0	0	0	0	0	0	0	0	0	0	0	0	0	0	0	0	0	1	0	0	0	0	0	0	0	0	0	0	1	0	0	0	0	0	0	0	0	0	0	0	0	0	0	0	0	0	0	0	0	0	0	0	0	0	0	0	0	0	0	0	0	0	0	0	1	0	0	0	0	0	0	0	0	0	0	0	0	0	0	0	0	1	0	0	0	0	0	0	0	0	0	0	0	0	0
0	1	1	0	1	0	0	0	0	0	0	1	0	0	0	0	1	2	0	0	0	1	0	0	1	0	1	0	0	0	0	0	0	0	1	0	0	0	0	0	0	0	0	0	0	0	0	0	0	0	0	0	0	0	0	0	0	0	0	0	0	0	0	0	0	0	0	0	0	0	0	0	0	0	0	0	0	0	0	0	0	0	0	0	0	0	0	0	0	0	0	0	0	0	0	0	0	0	0	0	0	0	0	0	0	0	0	0	0	0	0	0	0	0	0	0	0	0	0	0	0	0	0	0	0	0	0	0	0	0	0	0	0	0	0	0	0	0	0	0	0	0	0	0	0	0	0	0	0	0	0	0	0	0
9	2	0	4	0	1	5	2	0	1	0	1	0	1	0	0	1	0	0	0	0	0	0	0	0	0	1	0	1	0	0	0	0	0	0	0	0	0	0	0	0	0	0	0	0	0	0	0	0	0	0	1	0	0	0	0	0	0	0	0	0	0	0	0	0	0	0	0	0	0	0	0	0	0	0	0	0	0	0	0	0	0	0	0	0	0	0	0	0	0	0	0	0	0	0	0	0	0	0	0	0	0	0	0	0	0	0	0	0	0	0	0	0	0	0	0	0	0	0	0	0	0	0	0	0	0	0	0	0	0	0	0	0	0	0	0	0	0	0	0	0	0	0	0	0	0	0	0	0	0	0	0	0	0
0	2	0	1	0	0	1	1	1	0	0	1	0	0	0	0	0	0	0	0	1	0	0	0	0	0	0	0	0	0	0	0	0	0	0	0	0	0	0	0	0	0	0	0	0	0	0	0	0	0	0	0	0	0	0	0	0	0	0	0	0	0	0	0	0	0	0	0	0	0	0	0	0	0	0	0	0	0	0	0	0	0	0	0	0	0	0	1	0	0	0	0	0	0	0	0	0	0	0	0	0	0	0	0	0	0	0	0	0	0	0	0	0	0	0	0	0	0	0	0	0	0	0	0	0	0	0	0	0	0	0	0	0	0	0	0	0	0	0	0	0	0	0	0	0	0	0	0	0	0	0	0	0	0
4	11	1	4	2	2	4	2	0	5	0	2	0	1	1	0	5	1	0	0	0	0	0	0	2	0	1	0	0	2	1	0	0	2	0	0	0	0	0	0	0	1	0	0	0	0	0	0	0	0	0	2	0	0	0	0	0	0	0	1	0	0	0	0	0	0	0	0	0	0	0	0	1	0	0	0	0	0	0	0	0	0	0	0	0	0	0	0	1	0	0	0	0	0	0	0	0	0	0	0	0	0	0	0	0	0	0	0	0	0	0	0	0	0	0	0	0	0	0	0	0	0	0	0	0	0	0	0	0	0	0	0	0	0	0	0	0	0	0	0	0	0	0	0	0	0	0	0	0	0	0	0	0	0
26	35	3	32	16	5	17	13	4	8	7	5	1	10	4	1	7	3	2	0	0	0	2	2	8	0	5	1	3	0	1	0	0	0	1	0	0	0	0	0	0	1	0	0	0	1	1	1	0	0	0	1	1	0	0	1	0	0	0	0	0	0	0	0	0	0	0	0	0	0	1	1	0	0	0	1	1	0	0	0	0	0	1	0	0	0	0	1	0	0	0	0	0	0	0	0	0	0	0	0	0	0	0	0	0	0	0	0	0	0	0	0	0	0	0	0	0	0	0	0	0	0	0	0	0	0	0	0	0	0	0	0	0	0	0	0	0	0	0	0	0	0	0	0	0	0	0	0	0	0	0	1	0	0
45	44	9	43	37	12	51	29	3	13	6	7	4	8	5	0	13	13	1	0	1	2	1	1	13	0	8	1	7	3	4	0	0	0	0	0	3	0	0	0	0	0	0	0	0	1	1	2	0	0	0	2	2	0	1	1	0	0	0	0	0	0	1	0	0	0	0	0	2	1	2	3	2	0	0	0	1	0	0	0	1	1	0	2	0	0	0	1	0	0	0	2	0	0	0	0	0	0	1	0	0	0	0	0	0	0	0	0	0	0	0	0	0	0	0	0	0	0	1	0	0	0	0	0	0	0	0	0	0	0	0	0	0	0	0	0	0	0	0	0	1	0	1	0	0	0	0	0	0	0	0	0	0	0
106	90	11	95	60	18	80	44	4	22	14	18	6	11	13	3	21	15	3	0	1	1	2	3	34	0	21	3	11	7	12	0	0	0	2	2	7	0	0	0	0	1	0	0	0	0	0	1	4	0	0	3	3	1	0	1	0	0	0	1	0	1	0	0	0	0	0	1	2	3	0	0	1	0	0	0	2	0	1	1	1	0	0	0	0	0	0	1	0	0	0	2	0	0	0	0	0	0	0	0	0	1	0	1	0	0	0	0	0	0	2	0	0	0	0	1	0	0	0	0	0	0	0	0	0	0	0	1	0	0	0	0	0	1	0	0	0	0	0	0	0	0	0	0	0	0	0	0	0	0	0	0	0	0
28	23	6	15	25	4	20	20	1	5	8	4	0	3	2	1	14	4	0	0	0	1	0	1	6	0	6	0	2	1	2	0	0	0	3	0	1	0	0	0	0	2	0	0	0	0	0	0	0	0	0	1	0	0	0	0	0	0	0	0	1	0	0	1	0	0	0	0	0	1	0	0	0	0	0	0	1	0	0	0	0	0	0	0	0	0	0	1	0	0	0	0	0	0	0	0	0	0	0	0	0	0	0	0	0	0	0	0	0	0	0	0	0	0	0	0	0	0	0	0	0	0	0	0	0	0	0	0	0	0	0	0	0	0	0	0	0	0	0	0	0	0	0	0	0	0	0	0	0	0	0	0	0	0
25	22	4	16	24	3	19	21	1	9	6	8	1	4	1	0	7	4	0	0	0	0	0	0	6	0	4	0	1	2	0	0	0	0	0	0	1	0	0	0	0	0	0	0	0	0	1	0	0	0	0	2	1	0	0	0	0	0	0	0	0	1	0	0	0	0	0	0	0	2	1	2	0	0	0	0	1	1	0	0	0	0	0	0	1	0	0	0	0	0	0	0	0	1	0	0	0	0	0	0	0	0	0	0	0	0	0	0	0	0	0	0	0	0	0	1	0	0	0	0	0	0	0	0	0	0	0	0	0	0	0	0	0	0	0	0	0	0	0	0	0	0	0	0	0	0	0	0	0	0	0	0	0	0
9	15	2	21	13	5	17	15	1	3	2	1	0	8	3	0	5	4	0	0	0	0	1	1	2	0	7	0	2	1	2	0	0	0	1	0	1	1	0	0	0	0	0	0	0	1	0	0	0	0	0	1	2	0	0	0	0	0	0	0	0	0	0	0	0	0	0	0	0	0	0	0	0	0	0	0	0	0	0	0	0	0	0	0	0	0	0	0	0	0	0	0	0	0	0	0	0	0	0	0	0	1	0	0	0	0	0	0	0	0	0	0	0	0	0	0	0	0	0	0	0	0	0	0	0	0	0	0	0	0	0	0	0	0	0	0	0	0	0	0	1	0	0	0	0	0	0	0	0	0	0	0	0	0
1	0	0	0	3	0	2	0	1	0	0	0	0	1	0	0	0	0	0	0	0	0	0	0	1	0	0	0	0	0	0	0	0	0	0	0	0	0	0	0	0	0	0	0	0	0	0	0	0	0	0	0	0	0	0	0	0	0	0	0	0	0	0	0	0	0	0	0	0	1	0	1	0	0	0	0	0	0	0	0	0	0	0	0	0	0	0	0	0	0	0	0	0	0	0	0	0	0	0	0	0	0	0	0	0	0	0	0	0	0	0	0	0	0	0	0	0	0	0	0	0	0	0	0	0	0	0	0	0	0	0	0	0	0	0	0	0	0	0	0	0	0	0	0	0	0	0	0	0	0	0	0	0	0
17	11	2	14	14	0	25	16	1	5	3	2	0	6	2	0	9	4	0	0	1	0	3	0	9	0	4	0	0	0	3	0	0	1	0	0	0	0	0	0	0	0	0	0	0	1	1	0	0	0	0	3	0	0	0	1	0	0	0	0	1	0	0	1	0	0	0	2	1	0	0	0	0	0	0	0	1	0	0	0	0	1	0	0	0	0	0	0	0	0	0	0	0	0	0	0	0	0	0	0	1	0	0	0	0	0	0	0	0	0	0	0	0	0	0	0	1	0	0	0	0	0	0	0	0	0	0	0	0	0	0	0	0	0	0	0	0	0	0	0	0	0	0	0	0	0	0	0	0	0	0	0	0	0
8	8	2	8	3	0	7	4	2	6	1	0	2	4	1	0	2	2	0	0	0	0	0	0	4	0	0	1	1	0	0	0	0	0	0	0	0	0	0	0	0	0	0	0	0	0	0	0	0	0	0	1	0	0	1	0	0	0	0	0	0	0	0	0	0	0	0	0	0	0	0	0	0	0	0	0	0	0	0	0	0	0	0	0	0	0	0	0	0	0	0	0	0	0	0	0	0	0	0	0	0	0	0	0	0	0	0	0	0	0	0	1	0	0	0	0	0	0	0	0	0	0	0	1	0	0	0	0	0	0	0	0	0	0	0	0	0	0	0	0	0	0	0	0	0	0	0	0	0	0	0	0	0	0
19	23	3	17	17	3	22	8	0	5	5	2	0	5	4	0	6	7	0	0	0	0	2	0	12	0	8	0	1	3	1	0	0	0	1	0	1	0	0	0	0	1	0	0	0	1	0	0	0	0	0	0	0	0	1	0	0	0	0	0	0	0	0	0	0	1	0	0	0	1	0	0	1	0	0	1	0	0	0	0	0	1	0	2	0	1	0	0	0	0	0	1	0	0	0	0	0	1	0	0	0	0	0	0	0	1	0	0	0	0	0	0	0	0	0	0	0	0	0	0	0	0	0	0	0	0	0	0	0	0	0	0	0	0	0	0	0	0	0	0	0	0	0	0	0	0	0	0	0	0	0	0	0	1
1	0	0	0	0	0	0	0	0	0	0	0	0	0	1	0	0	0	0	0	0	0	0	0	0	0	0	0	0	0	0	0	0	0	0	0	0	0	0	0	0	0	0	0	0	0	0	0	0	0	0	0	0	0	0	0	0	0	0	0	0	0	0	0	0	0	0	0	0	1	0	0	0	0	0	0	0	0	0	0	0	0	0	0	0	0	0	0	0	0	0	0	0	0	0	0	0	0	0	0	0	0	0	0	0	0	0	0	0	0	0	0	0	0	0	0	0	0	0	0	0	0	0	0	0	0	0	0	0	0	0	0	0	0	0	0	0	0	0	0	0	0	0	0	0	0	0	0	0	0	0	0	0	0
21	23	4	20	15	4	18	11	1	11	6	2	2	2	3	0	7	4	1	1	1	0	0	0	8	0	5	0	4	0	1	0	0	0	1	0	0	0	0	0	0	2	0	0	0	1	0	0	0	0	0	2	0	0	0	0	0	0	0	0	0	0	0	0	0	0	0	0	0	0	0	2	0	0	0	0	1	0	0	0	0	0	0	0	0	0	0	0	0	0	1	1	0	0	0	0	0	0	0	0	0	0	0	0	0	0	0	0	0	0	0	0	1	0	0	0	0	0	0	0	0	1	0	0	0	0	0	0	0	0	0	0	0	0	0	0	1	0	0	0	0	0	0	0	0	0	0	0	0	0	0	0	0	0
0	5	0	0	3	0	1	2	0	0	0	0	0	1	0	0	1	0	0	0	0	0	0	0	0	0	1	0	0	0	0	0	0	0	0	0	0	0	0	0	0	0	0	0	0	0	0	0	0	0	0	1	0	0	0	0	0	0	0	0	0	0	0	0	0	0	0	0	0	0	0	0	0	0	0	0	0	0	0	0	0	0	0	0	0	0	0	0	0	0	0	0	0	0	0	0	0	0	0	0	0	0	0	0	0	0	0	0	0	0	0	0	0	0	0	0	0	0	0	0	0	0	0	0	0	0	0	0	0	0	0	0	0	0	0	0	0	0	0	0	1	0	0	0	0	0	0	0	0	0	0	0	0	0
2	4	0	1	1	2	3	2	0	1	0	0	0	0	0	0	0	0	0	0	0	0	0	0	2	0	1	0	0	0	0	0	0	0	0	0	0	0	0	0	0	0	0	0	0	0	0	0	0	0	0	0	0	0	0	0	0	0	0	0	0	0	0	0	0	0	0	0	0	0	0	1	0	0	0	0	0	0	0	0	0	0	0	0	0	0	0	0	0	0	0	0	0	0	0	0	0	0	0	0	0	0	0	0	0	0	0	0	0	0	0	0	0	0	0	0	0	0	0	0	0	0	0	0	0	0	0	0	0	0	0	0	0	0	0	0	0	0	0	0	0	0	0	0	0	0	0	0	0	0	0	0	0	0
7	9	1	7	10	4	9	4	2	4	0	1	0	2	1	0	2	0	0	0	0	0	0	1	5	0	2	0	1	1	1	0	0	0	0	0	1	0	0	0	0	0	0	0	0	0	0	0	0	0	0	0	0	0	0	0	0	0	0	0	0	0	0	0	0	0	0	0	0	0	0	0	0	0	0	0	0	0	0	0	0	0	0	0	0	0	0	0	0	0	0	0	0	0	0	0	0	0	0	0	0	0	0	0	0	0	0	0	0	0	0	0	0	0	0	0	0	0	0	0	0	0	0	0	0	0	0	0	0	0	0	0	0	0	0	0	0	0	0	0	0	0	0	0	0	0	0	0	0	0	0	0	0	0
11	8	5	19	9	2	13	4	1	4	3	2	0	9	2	0	6	0	0	0	0	0	0	2	4	0	4	0	0	0	2	0	0	0	2	0	0	0	0	1	0	0	0	0	0	0	0	0	0	0	0	2	0	2	0	0	0	0	1	0	0	0	0	0	0	0	0	0	0	0	0	1	0	0	0	0	0	0	0	0	0	0	0	0	0	0	0	0	0	0	0	0	0	0	0	0	0	0	0	0	0	0	0	0	0	0	0	0	0	0	0	0	0	0	0	0	0	0	0	0	0	0	0	0	0	0	0	0	0	0	0	0	0	0	0	0	0	0	0	0	0	0	0	0	0	0	0	0	0	0	0	0	1	0
3	9	1	5	3	0	6	3	0	4	2	1	0	2	1	0	1	1	0	0	0	0	0	0	0	0	1	0	2	0	1	0	0	0	0	0	0	0	0	0	0	0	0	0	0	0	0	0	0	0	0	1	0	0	0	0	0	0	0	0	0	0	0	0	0	0	0	0	0	0	0	0	0	0	0	0	0	1	0	0	0	1	0	0	0	0	0	0	0	0	0	0	0	0	0	0	0	0	0	0	0	0	0	0	0	0	0	0	0	0	0	0	0	0	0	0	0	0	0	0	0	0	0	0	0	0	0	0	0	0	0	0	0	0	0	0	0	0	0	0	0	0	0	0	0	0	0	0	0	0	0	0	0	0
5	7	1	6	7	1	6	2	0	1	2	0	1	3	1	0	1	0	0	0	0	0	1	2	2	0	0	0	1	0	0	0	0	0	0	1	0	0	0	0	0	0	0	0	0	0	0	0	0	0	0	0	0	0	1	0	0	0	0	0	0	0	0	0	0	0	0	0	0	0	0	0	0	0	0	0	1	0	0	0	0	0	0	0	0	0	0	0	0	0	0	1	0	0	0	0	0	0	0	0	0	0	0	0	0	0	0	0	0	0	0	0	0	0	0	0	0	0	0	0	0	0	0	0	0	0	0	0	0	0	0	0	0	0	0	0	0	0	0	0	0	0	0	0	0	0	0	0	0	0	0	0	0	0
12	12	2	9	9	0	12	8	0	7	1	0	0	2	0	0	1	0	1	0	0	0	2	2	3	0	3	0	0	1	0	0	0	0	0	0	0	0	0	0	0	0	0	0	0	0	0	1	0	0	0	0	0	0	0	0	0	0	1	0	0	0	0	0	0	0	0	0	1	0	0	0	0	0	0	0	1	0	0	0	0	0	0	0	0	0	0	0	0	0	0	0	0	0	0	0	0	0	0	0	0	0	0	0	0	0	0	0	0	0	0	0	0	0	0	0	0	0	1	0	0	0	0	0	0	0	0	0	0	0	0	0	0	0	0	0	0	0	0	0	0	0	0	0	0	0	0	0	0	0	0	0	0	0
26	21	4	25	29	5	37	17	3	8	4	5	1	3	3	0	6	7	0	0	0	0	2	2	7	1	6	0	4	0	2	0	0	0	1	0	1	1	1	0	0	0	0	0	0	0	0	1	0	0	0	1	0	0	0	0	0	0	0	0	1	0	0	1	0	0	0	0	2	0	2	0	0	1	0	0	0	0	1	0	0	0	0	0	0	0	0	1	1	0	0	1	0	0	0	0	0	0	0	0	0	0	0	0	0	0	0	0	0	0	0	0	0	0	0	0	0	0	0	0	0	0	0	0	0	0	0	0	0	0	0	0	0	0	0	0	0	0	0	0	0	0	0	0	0	0	0	0	0	0	0	1	0	0
22	13	7	15	7	1	16	10	1	4	0	3	2	3	1	0	2	5	1	1	0	1	1	0	3	0	1	0	1	0	0	0	0	1	1	0	0	0	0	0	0	0	0	0	0	0	0	1	0	0	0	2	0	0	0	0	0	0	0	0	0	0	0	0	0	0	1	0	0	1	0	0	0	0	0	1	1	0	0	0	1	0	0	0	0	0	0	0	0	0	0	0	0	0	0	0	0	0	0	0	0	0	0	0	0	0	0	0	0	0	0	0	1	0	0	0	0	0	0	0	0	0	0	0	0	0	0	0	0	0	0	0	0	0	0	0	0	0	0	0	0	0	0	0	0	0	0	0	0	0	0	0	0	0
13	10	3	16	9	4	18	10	1	4	1	1	2	5	1	0	3	2	0	1	1	0	0	0	7	0	0	0	3	1	1	0	0	0	0	0	1	0	0	0	0	1	0	0	0	0	0	0	0	0	0	0	0	0	0	0	0	1	0	0	0	0	0	0	0	1	0	0	0	0	0	1	0	0	0	0	0	0	0	0	0	0	0	0	0	0	0	2	0	0	0	0	0	0	0	0	0	0	0	0	0	1	0	0	0	0	0	0	0	0	0	0	0	0	0	0	0	0	0	0	0	0	0	0	0	0	0	0	0	0	0	0	0	0	0	0	0	0	0	0	0	0	0	0	0	0	0	0	0	0	0	0	0	0
9	7	1	5	11	1	13	8	1	0	3	0	0	1	0	0	0	0	0	0	0	0	0	0	1	1	1	0	1	0	1	0	0	0	0	0	0	0	0	0	0	1	0	0	0	0	0	0	0	0	0	0	0	0	0	0	0	0	0	0	0	0	0	0	0	0	0	0	0	1	0	0	0	0	0	0	0	0	0	0	0	0	0	0	0	0	0	0	0	0	0	0	0	0	0	0	0	0	0	0	0	0	0	0	0	0	0	0	0	0	0	0	0	0	0	0	0	0	0	0	0	0	0	0	0	0	0	0	0	0	0	0	0	0	0	0	0	0	0	0	0	0	0	0	0	0	0	0	0	0	0	0	0	0
5	4	0	3	2	1	2	1	1	0	0	1	0	0	1	0	0	1	0	0	0	0	0	0	0	0	0	0	0	0	0	0	0	0	0	0	0	0	0	0	0	0	0	0	0	0	0	0	0	0	0	0	0	0	0	0	0	0	0	0	0	0	0	0	0	0	0	0	1	0	0	0	0	0	0	0	0	0	0	0	0	0	0	0	0	0	0	0	0	0	0	0	0	0	0	0	0	0	0	0	0	0	0	0	0	0	0	0	0	0	0	0	0	0	0	0	0	0	0	0	0	0	0	0	0	0	0	0	0	0	0	0	0	0	0	0	0	0	0	0	0	0	0	0	0	0	0	0	0	0	0	0	0	0
9	12	1	13	8	2	12	6	0	4	3	1	0	2	0	0	5	3	0	0	1	0	0	1	4	0	3	0	2	1	0	0	0	0	1	0	1	0	0	0	0	0	0	0	0	0	0	0	0	0	0	1	0	0	0	0	0	0	0	0	0	0	0	0	0	0	0	0	1	0	0	0	0	0	0	0	0	0	0	0	0	0	0	0	0	0	0	0	0	0	0	1	0	0	0	0	0	0	0	0	0	0	0	0	0	0	0	0	0	0	0	0	0	0	0	0	0	0	0	0	0	0	0	0	0	0	0	0	0	0	0	0	0	0	0	0	0	0	0	0	0	0	0	0	0	0	0	0	0	0	0	2	0	0
0	1	1	0	1	0	4	1	0	2	0	0	0	0	0	0	1	0	0	0	0	0	0	0	1	0	0	0	0	0	0	0	0	0	0	0	0	0	0	0	0	0	0	0	0	0	0	0	0	0	0	1	0	0	0	0	0	0	0	0	0	0	0	0	0	0	1	0	0	0	0	0	0	0	0	0	0	0	0	0	0	0	0	0	0	0	0	0	0	0	0	0	0	0	0	0	0	0	0	0	0	0	0	0	0	0	0	0	0	0	0	0	0	0	0	0	0	0	0	0	0	0	0	0	0	0	0	0	0	0	0	0	0	0	0	0	0	0	0	0	0	0	0	0	0	0	0	0	0	0	0	0	0	0
3	3	1	1	3	2	1	4	0	0	0	0	0	0	0	1	1	2	2	0	0	0	0	0	2	0	0	0	0	0	0	0	0	0	0	0	0	0	0	0	0	0	0	0	1	0	0	0	0	0	0	0	0	0	0	0	0	0	0	0	0	0	0	0	0	0	0	0	0	0	0	0	0	0	0	0	0	0	0	0	0	0	0	0	0	0	0	0	0	0	0	0	0	0	0	0	0	0	0	0	0	0	0	0	0	0	0	0	0	0	0	0	0	0	0	0	0	0	0	0	0	0	0	0	0	0	0	0	0	0	0	0	0	0	0	0	0	0	0	0	0	0	0	0	0	0	0	0	0	0	0	0	0	0
30	28	4	26	17	7	30	20	4	10	14	6	2	7	3	0	9	9	3	0	1	0	2	1	12	0	8	1	4	2	1	0	0	0	1	1	4	0	0	0	0	0	0	0	1	0	0	1	0	0	0	1	1	0	2	0	0	1	0	1	0	0	0	0	0	0	0	0	2	0	1	0	0	0	0	0	0	0	0	0	0	1	0	0	0	1	0	1	0	0	0	1	0	0	0	0	0	0	0	0	0	0	0	0	0	0	0	0	0	0	0	0	0	0	0	0	0	0	0	0	0	0	0	0	0	0	0	0	0	0	0	0	0	0	0	0	0	0	0	0	0	0	0	0	0	0	0	1	0	0	0	0	0	0
1	1	0	0	0	1	3	1	0	2	1	0	0	0	0	0	0	0	0	0	0	0	0	0	0	0	0	0	0	0	0	0	0	0	0	0	0	0	0	0	0	0	0	0	0	0	0	0	0	0	0	0	0	0	0	0	0	0	0	0	0	0	0	0	0	0	0	0	0	0	0	0	0	0	0	0	0	0	0	0	0	0	0	0	0	0	0	0	0	0	0	0	0	0	0	0	0	0	0	0	0	0	0	0	0	0	0	0	0	0	0	0	0	0	0	0	0	0	0	0	0	0	0	0	0	0	0	0	0	0	0	0	0	0	0	0	0	0	0	0	0	0	0	0	0	0	0	0	0	0	0	0	0	0
10	12	4	11	8	2	13	15	3	4	0	5	1	2	1	0	3	1	0	0	2	0	0	0	4	0	0	0	1	0	1	0	0	0	0	0	1	1	0	0	0	0	0	0	0	0	0	0	1	0	0	1	0	0	0	0	0	0	0	1	1	0	0	0	0	0	0	0	0	1	1	0	0	0	0	0	0	0	0	0	0	0	0	0	0	0	0	0	0	0	0	0	0	0	0	0	0	0	0	0	0	0	0	0	0	0	0	0	0	0	0	0	0	0	0	0	1	0	0	0	0	0	0	0	0	0	0	0	0	0	0	0	0	0	0	0	0	0	0	0	0	0	0	0	0	0	0	0	0	0	0	0	0	0
3	2	0	1	1	0	3	2	0	2	1	1	0	1	0	0	0	2	0	0	1	0	0	0	1	0	0	1	0	2	0	0	0	0	0	0	0	0	0	0	0	0	0	0	0	0	0	0	0	0	0	0	0	0	0	0	0	0	0	0	0	0	0	0	0	0	0	0	0	0	0	0	0	0	0	0	0	0	0	0	0	0	0	0	0	0	0	0	0	0	0	0	0	0	0	0	0	0	0	0	0	0	0	0	0	0	0	0	0	0	0	0	0	0	0	0	0	0	0	0	0	0	0	0	0	0	0	0	0	0	0	0	0	0	0	0	0	0	0	0	0	0	0	0	0	0	0	0	0	0	0	0	0	0
0	0	0	0	1	0	2	0	1	0	0	0	0	0	0	0	0	1	0	0	1	0	0	0	0	0	0	0	0	0	0	0	0	0	0	0	0	0	0	0	0	0	0	0	0	0	0	0	0	0	0	0	0	0	0	0	0	0	0	0	0	0	0	0	0	0	0	0	0	0	0	0	0	0	0	0	0	0	0	0	0	0	0	0	0	0	0	0	0	0	0	0	0	0	0	0	0	0	0	0	0	0	0	0	0	0	0	0	0	0	0	0	0	0	0	0	0	0	0	0	0	0	0	0	0	0	0	0	0	0	0	0	0	0	0	0	0	0	0	0	0	0	0	0	0	0	0	0	0	0	0	0	0	0
11	6	1	10	9	3	8	8	1	2	2	2	1	1	5	0	3	3	1	0	0	0	0	0	4	0	3	0	0	0	0	0	0	0	0	0	0	0	0	0	0	1	0	0	0	0	0	0	1	0	0	1	0	0	0	0	0	0	0	0	0	0	0	0	0	0	0	0	1	2	0	1	0	1	0	1	0	0	0	0	0	0	0	0	0	0	0	0	0	0	0	0	0	0	0	0	0	0	0	0	0	0	0	0	0	0	0	0	0	0	0	1	0	0	0	0	0	0	0	0	0	0	0	0	0	0	0	0	0	0	0	0	0	0	0	0	1	0	0	0	0	0	0	0	0	0	0	0	0	0	0	0	0	0
3	4	0	2	3	1	3	1	0	0	1	0	0	0	0	0	0	0	0	0	0	0	0	0	0	0	0	0	1	0	1	0	0	0	0	0	0	0	0	0	0	1	0	0	0	0	0	1	0	0	0	0	0	0	0	0	0	0	0	0	0	0	0	0	0	0	0	0	0	0	0	0	0	0	0	0	1	0	0	0	0	0	0	0	0	0	0	0	0	0	0	0	0	0	0	0	0	0	0	0	0	0	0	0	0	0	0	0	0	0	0	0	0	0	0	0	0	0	0	0	0	0	0	0	0	0	0	0	0	0	0	0	0	0	0	0	0	0	0	0	0	0	0	0	0	0	0	0	0	0	0	0	0	0
17	23	5	24	14	3	21	13	1	3	8	4	3	4	2	0	6	4	2	0	0	0	1	0	5	0	7	1	5	1	2	0	0	0	2	0	0	0	0	0	0	0	0	0	0	0	0	0	0	0	0	3	0	1	0	0	0	0	0	1	0	0	0	0	0	0	0	0	2	0	1	0	0	0	0	0	0	0	0	0	0	0	0	0	0	0	0	0	1	0	0	0	1	0	0	0	0	0	0	0	0	1	0	0	0	0	0	0	0	0	0	0	0	0	0	0	0	0	0	0	0	0	0	0	0	0	0	0	0	0	0	0	0	0	0	0	0	0	0	0	0	0	1	0	0	0	0	0	0	0	0	0	0	0
0	2	0	4	0	3	4	2	0	0	0	0	0	0	2	0	2	0	0	0	0	0	0	0	0	0	0	0	0	0	0	0	0	0	1	0	0	0	0	0	0	0	0	0	0	0	0	0	0	0	0	0	0	0	0	0	0	0	0	0	0	0	0	0	0	0	0	0	0	0	0	0	0	0	0	0	0	0	0	0	0	0	0	0	0	0	0	1	0	0	0	0	0	0	0	0	0	0	0	0	0	0	0	0	0	0	0	0	0	0	0	0	0	0	0	0	0	0	0	0	0	0	0	0	0	0	0	0	0	0	0	0	0	0	0	0	0	0	0	0	0	0	0	0	0	0	0	0	0	0	0	0	0	0
0	0	0	1	0	0	0	0	0	0	0	0	0	0	0	0	0	0	0	0	0	0	0	0	0	0	0	0	0	0	0	0	0	0	0	0	0	0	0	0	0	0	0	0	0	0	0	0	0	0	0	0	0	0	0	0	0	0	0	0	0	0	0	0	0	0	0	0	0	0	0	0	0	0	0	0	0	0	0	0	0	0	0	0	0	0	0	0	0	0	0	0	0	0	0	0	0	0	0	0	0	0	0	0	0	0	0	0	0	0	0	0	0	0	0	0	0	0	0	0	0	0	0	0	0	0	0	0	0	0	0	0	0	0	0	0	0	0	0	0	0	0	0	0	0	0	0	0	0	0	0	0	0	0
19	17	1	14	14	2	6	5	0	5	2	3	1	2	0	0	1	1	0	0	0	0	0	1	6	0	1	0	1	1	0	0	0	0	0	0	3	0	0	0	0	0	0	0	0	0	0	0	0	0	0	0	0	1	0	0	0	0	0	0	0	0	0	0	0	0	0	0	2	0	0	0	0	0	0	0	0	0	1	0	0	0	0	0	0	0	0	0	0	0	0	1	0	0	0	1	0	0	0	0	1	0	0	0	0	0	0	0	0	0	0	0	0	0	0	0	0	0	0	0	0	0	0	0	0	0	0	0	0	0	0	0	0	0	0	1	0	0	0	0	0	0	0	0	0	0	0	0	0	0	0	0	0	0
10	10	1	13	9	0	11	10	2	4	1	2	2	2	2	0	5	0	0	0	0	0	1	1	2	1	0	1	0	1	1	0	0	0	0	0	0	0	0	0	0	0	0	0	0	0	0	1	0	0	0	0	0	0	0	0	0	0	0	0	0	0	0	0	0	0	0	0	0	0	0	0	2	0	0	0	0	0	0	0	0	0	0	0	1	0	0	0	1	0	0	0	0	0	0	0	0	0	1	0	0	0	0	0	0	0	0	0	0	0	0	0	0	0	0	0	0	0	0	0	0	0	0	0	0	0	0	0	0	0	0	0	0	0	0	0	0	0	0	0	0	0	0	0	0	0	0	0	0	0	0	0	0	0
12	4	0	5	3	1	7	4	1	1	0	1	1	1	0	0	1	0	0	0	0	0	0	0	2	1	1	0	1	0	1	0	0	0	0	0	0	0	0	0	0	0	0	0	0	0	0	0	0	0	0	0	0	0	0	0	0	0	0	0	0	0	0	1	0	0	0	0	0	0	0	1	0	0	0	0	0	0	0	0	0	0	0	0	0	0	0	0	0	0	0	0	0	0	0	0	0	0	0	0	0	0	0	0	0	0	0	0	0	0	0	0	0	0	0	0	0	0	0	0	0	0	0	0	0	0	0	0	0	1	0	0	0	0	0	0	0	0	0	0	0	0	0	0	0	0	0	0	0	0	0	0	0	0
7	9	3	9	6	0	7	4	3	5	1	2	1	2	2	0	3	2	0	0	1	0	2	0	6	1	5	0	0	0	0	0	0	0	0	0	1	0	0	0	0	0	0	0	0	0	0	0	0	0	0	1	0	0	0	0	0	0	0	0	0	0	0	0	0	0	0	1	1	1	0	0	0	0	0	0	0	0	0	0	0	0	0	0	0	0	0	0	0	0	1	0	0	0	0	0	0	0	0	0	0	0	0	0	0	0	0	0	0	0	0	0	0	0	0	0	0	0	0	0	0	0	0	0	0	0	0	0	0	0	0	0	0	0	0	0	0	0	0	0	0	0	0	0	0	0	0	0	0	0	0	0	0	0
2	0	0	0	0	0	1	1	0	1	0	0	0	1	0	0	1	1	0	0	0	0	0	0	1	0	1	0	0	0	0	0	0	0	0	0	0	0	0	0	0	0	0	0	0	0	0	0	0	0	0	0	0	0	0	0	0	0	0	0	0	0	0	0	0	0	0	0	0	0	0	0	0	0	0	0	0	0	0	0	0	0	0	0	0	0	0	0	0	0	0	0	0	0	0	0	0	0	0	0	0	0	0	0	0	0	0	0	0	0	0	0	0	0	0	0	0	0	0	0	0	0	0	0	0	0	0	0	0	0	0	0	0	0	0	0	0	0	0	0	0	0	0	0	0	0	0	0	0	0	0	0	0	0
6	9	0	6	4	0	7	1	2	1	0	2	1	0	1	0	3	1	0	0	1	0	1	0	2	0	2	0	2	0	0	0	0	0	0	0	0	0	0	0	0	0	0	0	0	0	0	0	0	0	0	0	0	0	0	0	0	0	0	0	0	0	0	0	0	0	0	0	0	0	0	0	0	0	0	0	0	0	0	0	0	0	0	0	0	0	0	0	0	0	0	0	0	0	0	0	0	0	0	0	0	0	0	0	0	0	0	0	0	0	0	0	0	0	0	0	0	0	0	0	0	0	0	0	0	0	0	0	0	0	0	0	0	0	0	0	0	0	0	0	0	0	0	0	0	0	0	0	0	0	0	0	0	0
0	0	0	0	0	0	0	0	0	0	0	0	0	0	0	0	0	0	0	0	0	0	0	1	0	0	0	0	0	0	0	0	0	0	0	0	0	0	0	0	0	0	0	0	0	0	0	0	0	0	0	0	0	0	0	0	0	0	0	0	0	0	0	0	0	0	0	0	0	0	0	0	0	0	0	0	0	0	0	0	0	0	0	0	0	0	0	0	0	0	0	0	0	0	0	0	0	0	0	0	0	0	0	0	0	0	0	0	0	0	0	0	0	0	0	0	0	0	0	0	0	0	0	0	0	0	0	0	0	0	0	0	0	0	0	0	0	0	0	0	0	0	0	0	0	0	0	0	0	0	0	0	0	0
5	7	1	3	2	2	4	3	1	2	2	5	0	4	0	0	2	1	0	0	1	0	1	0	2	0	1	0	1	0	0	0	0	0	0	0	2	2	0	0	0	0	0	0	1	0	1	0	0	0	0	0	0	0	0	0	0	0	0	0	0	0	0	0	0	0	0	0	0	0	1	0	0	0	0	0	0	0	0	0	0	0	0	0	0	0	0	0	0	0	0	0	0	0	0	0	0	0	0	0	0	0	0	0	0	0	0	0	0	0	0	0	0	0	0	0	0	0	0	0	0	0	0	0	0	0	0	0	0	0	0	0	0	0	0	0	0	0	0	0	0	0	0	0	0	0	0	0	0	0	0	0	0	0
5	1	0	4	1	1	3	0	0	2	0	1	0	0	0	0	1	0	0	0	0	0	1	0	0	0	3	1	0	0	0	0	0	0	0	0	0	0	0	0	0	0	1	0	0	0	0	0	0	0	0	0	0	0	0	0	0	0	0	1	0	0	0	0	0	0	0	0	0	0	0	0	0	0	0	0	0	0	0	0	0	0	0	0	0	0	0	0	0	0	0	0	0	0	0	0	0	0	0	0	0	0	0	0	0	0	0	0	0	0	0	0	0	0	0	0	0	0	0	0	0	0	0	0	0	0	0	0	0	0	0	0	0	0	0	0	0	0	0	0	0	0	0	0	0	0	0	0	0	0	0	0	0	0
16	8	3	13	15	3	10	9	1	5	0	1	0	1	2	0	5	5	0	0	0	0	0	0	5	0	2	0	1	0	0	0	0	0	0	1	1	0	0	0	0	0	0	0	0	0	0	0	0	0	0	0	0	0	0	0	0	0	0	1	0	0	0	0	0	0	0	0	0	1	0	0	0	0	0	0	0	0	0	0	0	0	0	0	0	0	0	0	0	0	0	0	0	0	0	0	0	0	0	0	0	0	0	0	0	0	0	0	0	0	0	0	0	0	0	0	0	0	0	0	0	0	0	0	0	0	0	0	0	0	0	0	0	0	0	0	0	0	0	0	1	0	0	0	0	0	0	0	0	0	0	0	0	0
2	0	0	1	3	0	1	1	1	0	0	0	0	0	0	0	2	0	2	1	0	0	0	0	1	0	0	0	0	0	0	0	0	0	0	0	1	0	0	0	0	0	0	0	0	0	0	0	0	0	0	1	0	0	0	0	0	0	0	0	0	0	0	0	0	0	0	0	0	0	0	0	0	0	0	0	0	0	0	0	0	0	0	0	0	0	0	0	0	0	0	0	0	0	0	0	0	0	0	0	0	0	0	0	0	0	0	0	0	0	0	0	0	0	0	0	0	0	0	0	0	0	0	0	0	0	0	0	0	0	0	0	0	0	0	0	0	0	0	0	0	0	0	0	0	0	0	0	0	0	0	0	0	0
2	3	0	0	0	0	1	2	0	0	0	0	0	0	0	0	0	0	0	0	0	0	1	0	1	0	0	0	0	0	0	0	0	0	0	0	0	0	0	0	0	0	0	0	0	0	0	0	0	0	0	0	0	0	0	0	0	0	0	0	0	0	0	0	0	0	0	0	0	0	0	0	1	0	0	1	0	0	0	0	0	0	0	0	0	0	0	1	0	0	0	0	0	0	0	0	0	0	0	0	0	0	0	0	0	0	0	0	0	0	0	0	0	0	0	0	0	0	0	0	0	0	0	0	0	0	0	0	0	0	0	0	0	0	0	0	0	0	0	0	0	0	0	0	0	0	0	0	0	0	0	0	0	0
6	3	2	0	3	0	1	1	0	2	1	0	0	0	0	0	3	0	0	1	0	0	0	1	1	0	0	0	0	0	0	0	0	0	0	0	0	0	0	0	0	0	0	0	1	0	0	0	0	0	0	0	0	0	0	0	0	0	0	0	0	0	0	0	0	0	0	0	1	1	0	0	0	0	0	0	0	0	0	0	0	0	0	0	0	0	0	0	0	0	0	0	0	0	0	0	0	0	0	0	0	0	0	0	0	0	0	0	0	0	0	0	0	0	0	0	0	0	0	0	0	0	0	0	0	0	0	0	0	0	0	0	0	0	0	0	0	0	0	0	0	0	0	0	0	0	0	0	0	0	0	0	0	0
2	4	0	2	4	1	5	2	0	2	1	0	0	0	0	0	3	0	1	0	0	0	1	0	2	0	1	0	0	0	0	0	0	0	0	0	0	0	0	0	0	0	0	0	0	0	0	0	0	0	0	0	0	0	0	0	1	0	0	1	0	0	0	0	0	0	0	0	1	0	0	1	0	0	0	0	0	0	0	0	0	0	0	0	0	0	0	0	0	0	0	0	0	0	0	0	0	0	0	0	0	0	0	0	0	0	0	0	0	0	0	0	0	0	0	0	0	0	0	0	0	0	0	0	0	0	0	0	0	0	0	0	0	0	0	0	0	0	0	0	0	0	0	0	0	0	0	0	0	0	0	0	0	0
13	7	2	10	9	2	15	10	0	2	2	1	0	1	3	0	4	2	0	0	0	0	0	0	4	0	1	0	1	0	1	0	0	0	0	0	1	0	0	0	0	1	0	0	0	0	1	0	0	0	0	0	1	0	0	0	0	0	0	0	0	0	0	0	0	0	0	0	0	1	0	1	0	0	0	0	0	0	0	0	0	0	0	0	0	0	0	1	0	0	0	0	0	0	0	0	0	0	0	0	0	0	0	0	0	0	0	0	0	0	0	0	0	0	0	0	0	0	0	0	0	0	0	1	0	0	0	0	0	0	0	0	0	0	0	0	0	0	0	0	0	0	0	0	0	0	0	0	0	0	0	1	0	0
5	6	0	5	2	0	4	4	1	3	0	0	0	2	1	0	2	2	0	0	0	0	0	1	3	0	1	0	0	0	1	0	0	0	0	0	0	0	0	0	0	0	0	0	0	0	0	1	0	0	0	0	0	0	0	0	0	0	0	0	0	0	0	0	0	0	2	1	0	0	0	0	0	0	0	0	0	0	0	0	0	0	0	0	0	0	0	0	0	0	0	0	0	0	0	0	0	0	0	0	0	0	0	0	0	0	0	0	0	0	0	0	0	0	0	0	0	0	0	0	0	0	0	0	0	0	0	0	0	0	0	0	0	0	0	0	0	0	0	0	0	0	0	0	0	0	0	0	0	0	0	0	0	0
3	1	0	1	2	0	4	4	0	0	0	1	0	1	1	0	0	2	0	0	0	0	0	0	1	0	1	1	0	0	0	0	0	0	0	0	0	0	0	0	0	0	0	0	0	0	0	0	0	0	0	0	0	0	0	0	0	0	0	0	0	0	0	0	0	0	0	0	0	0	0	0	1	0	0	0	0	0	0	0	0	0	0	0	0	0	0	0	0	0	0	0	0	0	0	0	0	0	0	0	0	0	0	0	0	0	0	0	0	0	0	0	0	0	0	0	0	0	0	0	0	0	0	0	0	0	0	0	0	0	0	0	0	0	0	0	1	0	0	0	0	0	0	0	0	0	0	0	0	0	0	0	0	0
9	4	1	9	6	2	5	6	0	0	1	2	0	3	0	0	1	0	0	0	1	0	0	0	6	0	3	0	0	1	1	0	0	0	0	0	0	0	0	0	0	0	0	0	0	0	0	0	0	0	0	1	0	0	0	0	0	0	0	1	0	0	0	0	0	0	0	0	0	0	0	0	0	0	0	0	0	0	0	0	0	0	0	0	0	0	0	0	0	0	0	0	0	0	0	0	0	0	0	0	0	0	0	0	0	0	0	0	0	0	0	0	0	0	0	0	0	0	0	0	0	0	0	0	0	0	0	0	0	0	0	0	0	0	0	0	0	0	0	0	0	0	0	0	0	0	0	0	0	0	0	0	0	0
0	1	0	2	0	0	1	0	0	0	0	0	0	0	0	0	1	0	0	0	0	0	0	0	0	0	0	0	0	0	0	0	0	0	0	0	0	0	0	0	0	0	0	0	0	0	0	0	0	0	0	0	0	0	0	0	0	0	0	0	0	0	0	0	0	0	0	0	0	0	0	0	0	0	0	0	0	0	0	0	0	0	0	0	0	0	0	0	0	0	0	0	0	0	0	0	0	0	0	0	0	0	0	0	0	0	0	0	0	0	0	0	0	0	0	0	0	0	0	0	0	0	0	0	0	0	0	0	0	0	0	0	0	0	0	0	0	0	0	0	0	0	0	0	0	0	0	0	0	0	0	0	0	0
7	10	1	5	1	0	4	5	0	1	2	0	0	0	1	0	2	0	0	0	0	0	0	0	1	0	0	0	1	0	1	0	0	0	0	0	1	0	0	0	0	0	0	0	0	1	0	0	0	0	0	0	0	0	0	0	0	0	0	0	0	0	0	0	0	0	1	0	0	0	0	0	0	0	0	0	1	0	0	0	0	0	0	0	0	0	0	0	0	0	0	1	0	0	0	0	0	0	0	0	0	0	0	0	0	0	0	0	0	0	0	0	0	0	0	0	0	0	0	0	0	0	0	0	0	0	0	0	0	0	0	0	0	0	0	0	0	0	0	0	0	0	0	0	0	0	0	0	0	0	0	0	0	0
3	0	1	4	1	1	3	2	0	1	0	0	0	0	2	0	1	2	1	1	0	0	1	0	4	0	0	0	0	0	0	0	0	0	0	0	0	0	0	0	1	0	0	0	0	0	0	0	0	0	0	0	0	0	0	0	0	0	0	0	0	0	0	0	0	0	0	0	0	0	0	0	0	0	0	0	0	0	0	0	0	0	0	0	0	0	0	1	0	0	0	0	0	0	0	0	0	0	0	0	0	0	0	0	0	0	0	0	0	0	0	0	0	0	0	0	0	0	0	0	0	0	0	0	0	0	0	0	0	0	0	0	0	0	0	0	0	0	0	0	0	0	0	0	0	0	0	0	0	0	0	0	0	0
5	9	1	3	5	0	2	4	0	3	0	1	0	2	0	0	0	1	0	0	0	0	0	0	1	0	1	0	0	0	0	0	0	0	0	0	0	0	0	0	0	0	0	0	0	0	0	0	0	0	0	0	0	0	0	0	0	0	1	0	0	0	0	0	0	0	0	0	0	0	0	2	0	0	0	0	0	0	0	0	0	0	1	0	0	0	0	0	0	0	0	0	0	0	0	0	0	0	0	0	0	0	0	0	0	0	0	0	0	0	0	0	0	0	0	0	0	0	0	0	0	0	0	0	0	0	0	0	0	0	0	0	0	0	0	0	0	0	0	0	0	0	0	0	0	0	0	0	0	0	0	0	0	0
2	3	0	0	0	0	3	0	0	0	0	0	0	0	0	0	0	0	0	1	0	0	0	0	0	0	0	0	0	0	0	0	0	0	0	0	0	0	0	0	0	0	0	0	0	0	0	0	1	0	0	0	0	0	0	0	0	0	0	0	0	0	0	0	0	0	0	0	0	0	0	0	0	0	0	0	0	0	0	0	0	0	0	0	0	0	0	0	0	0	0	0	0	0	0	0	0	0	0	0	0	0	0	0	0	0	0	0	0	0	0	0	0	0	0	0	0	0	0	0	0	0	0	0	0	0	0	0	0	0	0	0	0	0	0	0	0	0	0	0	0	0	0	0	0	0	0	0	0	0	0	0	0	0
1	1	0	2	0	0	3	1	0	0	0	0	0	0	0	0	1	0	0	0	0	0	0	0	0	0	0	0	0	0	0	0	0	0	0	0	0	0	0	0	0	0	0	0	0	0	0	0	0	0	0	0	0	0	0	0	0	0	0	0	0	0	0	0	0	0	0	0	0	0	0	0	0	0	0	0	0	0	0	0	0	1	0	0	0	0	0	0	0	0	0	0	0	0	0	0	0	0	0	0	0	0	0	0	0	0	0	0	0	0	0	0	0	0	0	0	0	0	0	0	0	0	0	0	0	0	0	0	0	0	0	0	0	0	0	0	0	0	0	0	0	0	0	0	0	0	0	0	0	0	0	0	0	0
3	2	1	3	1	0	1	4	0	2	0	0	0	0	0	0	3	1	0	0	1	0	0	0	3	0	2	0	0	0	0	0	0	0	0	0	0	0	0	0	0	0	0	0	0	0	1	0	0	0	0	0	0	0	0	0	0	1	0	0	0	0	0	0	0	0	0	0	0	0	0	0	0	0	0	0	0	0	0	0	0	0	0	0	0	0	0	0	0	0	0	0	0	0	0	0	0	0	0	0	0	0	0	0	0	0	0	0	0	0	0	0	0	0	0	0	0	0	0	0	0	0	0	0	0	0	0	0	0	0	0	0	0	0	0	0	0	0	0	0	0	0	0	0	0	0	0	0	0	0	0	0	0	0
7	9	1	6	1	3	1	1	0	3	0	1	0	1	0	1	1	0	1	0	0	0	0	0	1	0	0	0	0	0	0	0	0	0	1	0	0	0	0	0	0	0	0	0	0	0	0	0	0	0	0	1	0	0	1	0	0	0	0	0	0	0	0	0	0	0	0	1	0	0	0	0	0	0	0	0	0	0	0	0	0	0	0	0	0	0	0	0	0	0	0	0	0	0	0	0	0	0	0	0	0	0	0	0	0	0	0	0	0	0	0	0	0	0	0	0	0	0	0	0	0	0	0	0	0	0	0	0	0	0	0	0	0	0	0	0	0	0	0	0	0	0	0	0	0	0	0	0	0	0	0	0	0	0
