21112	7448	562	1671	114	3831	16358	3581	8011	347	1784	27	1752	598	97	420	313	1745	195	552	27	49	1146	23	634	318	109	220	137	754	63	118	733	257	14	25	18	126	139	32	364	222	11	43	28	15	138	84	324	7	108	38	138	2	59	8	378	69	35	5	79	75	92	43	254	77	23	40	215	121	18	5	3	96	40	18	45	5	68	13	18	3	123	22	50	84	41	5	105	83	61	13	25	36	15	42	57	30	9	69	5	72	11	4	10	16	32	91	21	12	35	31	63	4	79	13	27	8	42	9	6	6	76	16	4	13	18	26	26	2	8	20	44	35	4	41	1	6	16	18	24	14	18	10	14	6	41	2	19	8	2	8
13717	4980	393	1027	105	2518	10744	2401	5321	210	1164	18	1142	410	50	260	240	1192	121	366	22	31	761	18	417	197	99	169	95	478	50	91	461	236	11	15	13	73	92	18	277	182	3	24	30	10	105	53	207	3	62	18	104	0	43	7	240	43	23	1	47	48	56	18	165	49	15	36	118	73	9	8	2	73	26	9	26	4	51	14	6	5	65	11	37	60	23	8	66	58	51	15	14	21	10	22	28	17	5	44	4	43	1	1	3	15	20	77	11	10	23	15	45	6	36	12	23	7	24	6	6	0	48	9	1	6	12	16	10	5	2	12	22	19	3	29	1	5	12	14	27	13	14	8	8	5	32	3	13	3	1	9
4289	1533	119	350	24	794	3286	806	1638	66	404	8	335	122	22	80	77	346	39	111	4	16	267	6	125	78	29	38	23	142	17	24	170	55	2	4	4	24	25	7	87	41	0	6	6	1	32	20	63	1	17	9	35	2	13	1	66	11	7	0	18	19	17	5	56	13	4	10	34	33	3	3	1	15	8	4	11	3	13	4	2	0	24	6	15	16	8	2	16	14	12	4	3	3	6	8	7	5	3	15	2	19	0	0	2	5	3	20	5	4	10	7	12	1	8	1	7	0	6	2	1	0	17	6	1	6	0	7	9	1	0	8	13	9	1	13	1	0	1	6	7	2	5	3	4	1	5	1	6	2	1	0
7552	2620	196	552	41	1303	5814	1228	2809	113	642	9	596	205	33	132	118	653	68	180	9	19	445	7	225	115	47	65	51	254	20	59	266	105	2	8	8	38	37	14	152	85	9	17	13	1	56	40	113	4	35	12	55	1	21	3	106	16	9	1	33	35	27	9	102	30	9	16	66	41	4	4	3	35	11	8	18	1	29	4	3	3	36	11	23	37	10	2	28	26	13	4	10	12	7	15	20	9	2	18	5	22	3	1	4	7	13	25	4	4	11	13	22	0	21	3	12	1	12	4	3	1	22	8	3	9	4	10	6	5	2	4	23	9	0	15	0	0	4	7	8	2	8	4	1	2	13	2	13	3	0	2
2524	909	58	187	17	496	1967	432	948	41	223	2	215	84	15	56	32	205	17	62	2	3	144	8	64	33	14	18	18	87	15	19	81	45	0	2	1	12	14	3	43	31	0	3	7	0	16	6	44	0	10	5	17	0	7	0	40	5	8	0	12	12	7	2	27	12	2	8	23	9	4	1	2	14	4	4	5	0	8	4	4	0	14	6	6	9	4	0	8	17	5	2	2	7	1	6	4	5	0	7	0	5	2	0	0	0	2	13	3	5	5	5	5	0	6	1	5	0	10	0	0	0	7	1	0	1	0	8	2	0	0	1	6	6	1	9	0	3	2	4	2	0	2	0	1	2	8	0	5	0	0	3
5448	2027	151	442	37	995	4416	1019	2086	92	458	6	443	167	25	99	65	457	59	141	4	14	312	11	172	86	35	63	51	195	23	31	203	67	3	4	10	31	35	9	106	76	0	7	11	3	41	21	100	2	29	12	42	1	11	1	103	21	8	1	18	27	21	7	55	20	11	15	55	32	4	2	0	29	13	6	9	1	17	2	8	1	25	3	16	27	11	6	27	23	21	2	4	8	4	7	14	7	0	24	1	20	3	0	0	4	3	30	5	8	5	6	21	2	13	4	8	0	9	0	3	1	24	5	3	0	2	7	4	1	0	6	12	12	1	11	0	3	1	9	5	3	7	1	1	3	13	1	6	2	2	7
3661	1223	105	263	20	602	2799	570	1348	61	319	7	308	110	22	74	46	316	37	80	7	9	215	8	108	47	22	38	15	137	12	24	126	46	3	3	2	21	19	4	73	51	0	10	8	1	30	16	47	0	16	10	26	0	14	2	58	11	4	1	15	12	18	4	40	12	5	7	31	20	4	6	1	24	11	3	10	0	10	3	3	1	22	0	5	24	7	0	17	10	12	2	3	8	3	8	8	4	2	7	1	12	1	0	0	4	3	14	3	5	10	4	16	0	10	0	6	2	8	4	0	3	16	7	0	3	0	5	6	2	0	3	7	8	3	11	0	3	3	1	1	5	3	2	1	4	7	0	2	1	0	3
5992	2101	157	452	44	1117	4484	988	2316	98	482	9	461	190	33	112	99	536	70	150	0	13	318	5	217	89	37	64	41	221	17	44	197	80	2	9	7	32	31	14	94	62	0	5	9	3	43	15	89	2	30	5	36	0	18	1	96	26	15	0	27	15	22	9	73	20	7	8	52	41	8	1	0	21	11	4	12	3	21	11	1	1	36	6	15	25	8	1	23	14	19	8	10	9	5	9	16	7	1	11	2	16	4	0	3	9	8	20	2	6	8	6	15	0	27	4	12	4	12	4	0	1	19	4	1	2	2	6	6	0	1	4	16	6	2	13	0	2	6	5	15	2	6	4	0	0	10	2	9	0	1	3
611	209	17	46	4	96	484	124	240	12	47	0	47	26	3	13	13	40	8	10	0	0	38	0	15	9	7	5	5	25	1	2	25	3	0	1	0	3	2	1	10	9	0	0	3	1	5	3	7	0	5	2	11	1	1	0	11	1	0	0	3	1	4	1	4	0	0	0	4	0	1	1	0	2	2	1	4	0	1	1	0	0	1	1	1	6	0	0	3	2	0	1	0	0	1	0	2	1	0	2	0	2	0	1	0	0	0	3	3	1	1	0	0	0	3	0	0	0	2	0	0	0	1	0	0	1	0	0	1	0	0	0	1	0	0	3	0	0	0	1	1	0	0	1	0	0	1	0	0	0	0	1
904	375	20	78	7	189	724	167	384	17	86	0	89	24	3	19	18	72	10	34	2	0	44	1	26	9	4	12	6	38	6	4	33	15	3	2	0	11	5	0	9	8	1	0	1	0	7	0	16	0	2	1	7	0	0	0	26	4	4	1	3	6	1	1	12	4	1	5	7	3	0	0	0	6	3	0	2	2	2	0	3	0	5	2	1	2	1	0	4	6	5	1	2	2	0	3	2	1	1	0	0	1	0	0	0	1	0	2	1	1	0	0	1	0	2	1	0	0	2	0	0	0	2	0	0	2	1	1	1	0	0	1	3	0	0	2	0	1	3	1	1	0	0	0	0	1	5	0	2	0	0	0
792	298	33	62	6	157	643	143	328	9	71	2	61	22	2	13	9	82	6	16	0	1	48	1	23	11	8	13	3	33	5	9	35	11	2	1	2	6	10	4	20	9	0	2	4	0	5	5	12	0	2	0	3	0	5	0	6	2	1	1	2	2	3	2	14	3	0	3	11	7	0	0	1	2	4	0	1	0	3	0	1	0	3	0	2	3	0	2	4	8	3	0	0	0	1	0	4	1	0	1	0	3	1	0	1	0	2	4	0	0	1	1	4	0	5	0	0	0	1	1	0	0	6	0	0	0	1	1	2	0	0	0	2	0	0	1	0	0	0	0	2	1	1	0	0	0	0	0	0	0	0	0
911	296	18	75	8	169	724	161	341	26	90	0	77	27	2	14	14	67	14	19	1	3	44	0	33	22	7	11	5	38	7	3	35	13	1	0	0	3	4	0	23	7	1	2	1	0	8	3	19	1	3	1	10	2	3	2	19	2	1	0	3	6	2	1	7	6	1	0	8	6	0	0	0	5	3	1	2	0	2	1	1	0	5	2	2	2	0	0	4	2	1	2	1	2	0	4	4	4	0	3	0	4	0	0	0	1	0	4	0	2	0	1	4	0	2	0	1	0	4	0	0	0	3	0	0	0	1	2	1	2	0	4	1	0	0	1	0	1	2	2	2	0	1	0	1	0	2	0	2	1	0	1
8	5	2	0	0	2	11	1	5	1	1	0	2	1	0	0	0	1	0	0	0	0	0	0	0	0	0	0	0	0	0	0	1	1	0	0	0	0	0	0	0	0	0	0	0	0	0	0	0	0	0	0	0	0	0	0	0	0	0	0	0	0	0	0	0	0	0	0	0	0	0	0	0	0	0	0	0	0	0	0	0	0	0	0	0	0	0	0	0	0	0	0	0	0	0	0	0	0	0	0	0	0	0	0	0	0	0	0	0	0	1	1	0	0	0	0	0	0	0	0	0	0	0	0	0	0	0	0	0	0	0	0	0	0	0	0	0	0	0	0	0	0	0	0	0	0	0	0	0	0	0	0
1261	431	23	95	4	210	902	230	450	30	90	0	104	31	2	29	22	104	13	32	3	1	64	4	27	14	7	15	6	50	3	11	43	15	0	2	1	9	7	4	23	16	0	1	1	0	8	1	10	0	5	1	9	0	1	0	24	4	4	1	1	2	5	4	10	4	2	2	7	7	1	1	0	3	6	0	2	0	4	1	1	2	3	1	6	5	2	0	4	2	3	0	1	3	0	1	2	1	1	2	1	7	1	0	0	0	2	1	0	0	1	2	4	0	3	0	4	0	2	0	0	0	4	1	0	0	1	2	2	0	0	1	2	2	1	1	0	1	0	0	1	1	1	1	1	0	1	0	1	0	0	0
421	152	15	28	0	91	361	76	180	3	34	0	38	12	2	9	7	43	7	19	0	2	19	1	11	9	2	1	3	16	1	3	17	5	0	0	0	5	3	1	8	6	0	1	0	1	4	1	9	0	2	0	6	0	1	0	7	1	0	0	1	0	2	0	6	1	0	1	3	4	1	0	0	4	2	1	2	0	0	0	1	1	3	2	2	0	0	1	2	2	1	0	0	1	0	1	1	0	0	3	0	2	0	0	0	1	1	3	0	0	0	0	0	0	0	0	0	0	1	1	0	0	3	0	1	0	0	0	0	0	0	0	0	0	0	2	0	0	0	2	2	0	0	0	0	0	1	0	1	0	0	0
42	17	1	2	0	12	26	8	24	0	5	0	0	0	1	0	1	5	0	0	0	0	2	0	2	0	0	1	0	2	0	0	1	1	0	0	0	0	0	0	0	3	0	0	0	0	0	0	0	0	0	0	0	0	0	0	0	0	0	0	0	0	0	0	0	0	0	1	0	0	0	0	0	0	0	0	0	0	0	0	0	0	0	0	0	0	0	0	0	1	0	0	0	0	0	0	0	0	0	0	0	0	0	0	0	0	0	0	0	0	0	0	0	0	0	0	0	0	0	0	0	0	0	0	0	0	0	0	0	0	0	0	0	0	0	0	0	0	0	0	0	0	0	0	0	0	0	0	0	0	0	0
155	43	3	12	1	24	121	33	66	4	14	1	14	4	0	6	3	13	0	3	0	1	12	0	9	1	1	3	0	11	0	1	7	4	0	0	0	0	1	0	1	2	0	1	0	0	4	1	2	0	0	0	0	0	0	0	2	0	0	0	1	1	1	0	1	0	0	0	1	2	0	0	0	0	0	0	0	0	1	0	0	0	4	0	1	1	0	0	0	0	1	0	0	0	0	0	1	0	0	0	0	0	0	0	0	0	0	0	0	1	1	0	1	0	0	1	0	0	1	0	0	0	2	0	0	0	0	0	1	0	0	0	0	0	0	0	0	0	0	0	1	0	0	0	0	0	0	0	0	0	1	0
75	19	1	5	0	11	59	11	17	1	5	1	3	3	0	1	0	3	0	0	0	0	5	0	1	2	0	2	0	2	0	2	2	1	0	0	0	0	1	0	4	0	0	0	0	0	0	0	0	0	0	0	1	0	0	0	3	0	0	0	0	0	0	0	0	0	0	0	0	0	0	0	0	0	0	0	0	0	0	0	1	0	0	0	0	0	0	0	0	0	0	0	0	0	0	0	0	1	0	0	0	0	0	0	0	0	1	0	0	0	0	0	1	0	0	0	0	0	0	0	0	0	0	0	0	0	0	1	0	0	0	0	1	0	0	0	0	0	0	0	0	0	0	0	0	0	0	0	0	0	0	0
316	132	7	36	5	54	264	61	150	5	31	1	29	14	2	6	9	31	3	13	1	1	17	2	16	9	1	5	6	12	1	0	13	9	0	2	0	3	1	0	7	4	0	0	1	0	3	0	5	0	2	0	4	0	2	0	7	4	3	0	2	1	0	1	1	0	1	3	1	5	0	0	0	1	2	0	0	0	3	1	0	0	1	1	1	1	1	1	6	1	4	0	0	0	0	0	1	0	0	0	0	0	0	0	0	0	1	1	0	0	0	1	3	1	2	0	1	1	0	1	0	0	0	1	0	1	0	1	0	1	0	0	0	1	0	0	0	0	1	0	1	0	1	0	0	1	0	0	0	0	0	0
943	309	32	51	2	160	688	152	339	15	83	1	86	28	1	17	19	73	10	17	1	2	62	2	14	11	5	14	1	26	3	6	31	6	1	2	2	7	6	1	18	11	1	3	3	1	4	4	13	0	4	0	5	0	3	0	18	2	2	0	1	6	5	0	11	7	1	2	6	10	0	0	1	6	3	1	4	0	5	0	1	0	5	3	4	2	1	0	3	3	3	2	0	4	0	0	1	0	1	2	2	2	1	0	0	1	2	3	3	1	1	1	3	0	1	2	1	0	1	0	0	0	2	1	0	0	1	0	0	0	0	0	3	2	0	2	0	0	0	1	1	0	0	0	1	0	0	0	0	0	0	0
17	10	0	0	0	3	17	2	6	0	3	0	3	1	0	1	0	1	0	0	0	0	0	0	2	1	0	0	0	1	0	0	1	0	0	0	0	0	0	0	0	1	0	0	0	0	0	0	1	0	0	0	0	0	0	0	0	0	0	0	0	0	0	0	0	0	0	0	0	0	0	0	0	0	0	0	0	0	0	0	0	0	0	0	0	0	0	0	0	0	0	0	0	0	0	0	0	0	0	0	0	0	0	0	0	0	0	0	0	0	0	0	0	0	0	0	0	0	0	0	0	0	0	0	0	0	0	1	0	0	0	0	0	0	0	0	0	0	0	0	0	0	0	0	1	0	0	0	0	0	0	0
725	242	12	60	5	128	589	139	287	14	57	0	48	18	6	17	21	65	4	15	1	5	45	0	33	16	5	6	6	16	3	9	16	12	1	0	0	4	4	2	18	11	1	2	1	0	3	3	9	0	3	4	7	0	3	0	11	5	1	0	1	1	2	2	11	0	1	3	6	3	0	0	0	4	3	0	2	0	3	0	1	0	4	0	2	0	0	1	0	1	3	0	3	2	0	1	3	2	1	3	0	4	0	0	0	0	0	4	0	1	1	1	3	0	4	0	2	0	2	0	0	0	2	1	0	2	1	1	0	0	0	0	3	2	0	2	0	0	0	1	1	0	0	0	0	0	1	0	1	0	0	0
27	19	0	3	0	3	18	2	8	0	1	0	4	0	1	1	0	3	1	0	0	0	0	0	1	0	0	0	0	0	1	0	4	0	0	0	0	0	0	0	0	0	0	0	0	0	0	0	0	0	0	0	0	0	0	0	0	0	0	0	1	0	0	0	1	0	0	0	0	1	2	0	0	1	0	0	0	0	0	0	0	0	1	0	0	0	0	0	0	1	0	0	0	0	0	0	0	0	0	0	0	0	0	0	0	0	0	1	0	1	0	1	0	0	0	0	0	0	0	0	0	0	0	0	0	0	0	0	0	0	0	0	0	0	0	0	0	0	0	0	0	0	0	0	0	0	0	0	0	0	0	0
894	297	28	70	7	149	702	137	328	19	71	1	70	28	3	18	12	97	5	21	1	2	39	0	22	13	3	9	8	21	2	3	30	6	1	2	0	7	4	0	11	7	0	3	1	0	9	4	18	0	3	2	3	0	2	0	13	4	1	0	2	3	4	2	12	3	0	2	12	8	0	0	0	4	1	2	2	0	0	1	0	1	2	2	1	3	4	0	5	2	1	3	1	1	1	3	2	1	1	1	0	2	1	0	0	0	2	9	0	1	1	1	3	0	1	1	3	0	1	0	1	0	5	0	0	0	1	1	0	1	0	2	1	2	0	1	1	1	0	1	3	0	2	0	0	0	1	0	2	0	0	0
133	46	5	9	2	20	114	21	51	1	6	0	3	4	1	1	1	9	1	4	0	1	7	1	5	3	2	0	0	6	1	0	6	2	0	0	0	4	1	0	3	2	0	0	0	0	0	0	1	0	1	0	1	0	1	0	1	0	0	0	0	2	0	0	1	0	0	0	1	0	0	0	0	0	1	0	0	0	2	0	0	1	1	0	0	2	0	0	0	1	0	0	0	0	0	0	0	0	0	0	0	0	0	0	0	0	2	1	0	0	0	0	2	0	0	1	0	0	0	0	0	0	1	0	1	0	0	0	0	0	0	0	0	0	0	0	0	0	0	0	0	0	1	0	0	0	0	0	0	0	0	0
248	86	2	13	1	41	203	38	79	4	18	0	21	7	1	3	5	18	1	7	0	0	10	0	8	2	2	1	2	3	0	2	9	3	0	1	0	0	1	0	5	1	1	0	0	0	2	1	4	0	4	0	1	0	3	0	6	0	2	0	0	1	1	0	4	0	0	0	1	1	0	1	0	0	0	0	0	0	1	0	0	0	1	0	0	0	1	0	0	1	1	0	0	1	0	1	2	0	0	1	0	1	0	0	0	0	1	2	0	0	1	0	1	0	2	0	0	0	0	0	0	0	1	0	0	0	0	0	0	0	0	2	1	0	0	1	0	0	0	0	1	0	0	0	0	0	1	0	0	0	0	0
542	167	16	28	0	102	424	89	203	8	52	0	46	15	2	13	8	53	4	11	0	4	34	1	16	11	2	6	3	15	3	2	17	7	1	0	1	3	0	0	8	8	0	2	6	1	1	2	4	1	5	2	5	0	1	1	4	4	0	0	2	0	4	0	9	0	1	2	4	2	1	0	0	0	2	0	1	0	0	0	0	1	6	0	1	2	1	0	3	2	1	1	0	0	0	2	1	2	0	1	0	3	1	0	0	0	1	4	0	1	3	0	2	0	2	2	0	0	2	0	0	0	3	1	0	0	0	1	0	0	0	0	2	0	0	0	0	0	0	1	0	0	1	0	0	0	0	0	0	1	0	1
395	136	8	44	0	72	290	76	156	5	39	1	32	12	0	4	8	42	3	15	1	2	12	1	7	7	3	6	0	8	4	2	16	5	0	0	0	1	1	1	7	5	0	0	2	0	1	5	5	0	8	1	3	0	0	0	8	2	0	0	2	1	3	0	2	0	0	1	4	0	0	0	0	0	1	0	1	0	1	0	0	0	3	0	1	1	1	0	2	0	0	0	0	2	1	2	0	1	1	0	0	0	0	0	1	1	0	0	0	0	0	1	1	0	2	0	0	0	1	0	0	0	1	0	0	0	0	0	0	1	0	0	3	0	0	1	0	0	0	0	0	0	1	0	0	0	2	0	0	0	0	0
270	93	12	24	2	49	189	47	91	1	23	0	22	6	1	6	3	22	2	9	0	0	11	1	9	0	2	1	3	6	2	0	5	3	0	0	0	1	1	0	2	2	0	0	1	0	1	3	6	0	1	0	1	0	2	0	5	1	1	0	1	1	1	0	4	1	0	0	4	2	0	0	0	1	0	0	1	0	1	0	0	0	0	0	1	0	0	1	3	1	2	1	0	0	0	0	1	0	0	2	1	1	0	0	0	1	0	0	1	0	0	0	1	0	0	0	0	0	0	0	0	0	1	0	0	0	0	0	1	0	0	0	1	1	0	0	0	0	1	2	0	0	0	0	0	0	0	0	0	0	0	0
572	218	18	48	4	112	455	108	225	7	53	1	44	15	1	12	12	50	7	13	0	0	35	0	25	5	1	6	6	25	4	6	24	8	0	0	3	4	3	0	19	9	0	1	0	0	3	3	7	0	3	1	3	0	1	0	11	4	1	0	0	1	1	0	4	1	0	0	4	4	2	0	0	2	1	0	0	0	0	1	0	0	2	0	2	4	2	0	3	1	1	0	1	1	0	5	4	1	0	2	0	3	0	0	0	0	3	1	1	0	0	0	0	0	0	0	1	0	2	0	1	0	3	1	0	0	0	0	0	0	0	0	2	1	0	1	0	0	1	0	0	1	0	0	0	0	5	0	1	0	0	2
88	35	3	2	0	22	72	17	34	1	8	0	5	1	0	4	1	5	0	0	0	0	3	1	3	1	2	0	0	1	0	1	2	0	0	0	0	1	0	0	2	2	0	0	0	0	0	1	1	0	1	0	0	0	0	0	2	0	0	0	0	1	1	0	1	0	1	1	2	0	1	0	0	2	0	0	1	0	0	0	0	0	1	0	0	0	1	0	0	0	0	0	1	0	0	0	1	0	0	0	0	0	0	0	0	0	0	0	0	0	0	0	0	0	0	0	0	0	0	0	0	1	1	0	0	0	0	0	0	0	0	0	0	0	0	1	0	0	0	0	0	0	0	0	0	0	1	0	0	0	0	0
211	81	3	10	2	36	170	34	70	2	16	0	19	9	1	5	3	21	1	4	0	1	12	0	8	7	0	2	2	5	1	0	11	2	0	0	0	3	0	0	2	0	0	0	0	0	1	1	4	0	1	0	1	0	0	0	3	0	0	0	0	0	2	1	3	0	0	0	2	2	0	0	0	2	0	0	1	0	1	0	0	0	1	0	2	1	0	0	1	1	0	0	1	0	0	2	1	0	0	1	0	0	1	0	0	0	0	1	0	1	0	0	0	0	0	0	0	0	0	0	0	0	0	0	0	0	0	0	0	0	0	0	1	0	0	1	0	0	0	1	0	1	0	0	1	0	2	0	0	0	0	0
134	47	3	5	2	30	108	24	67	0	18	0	9	6	1	3	3	17	2	1	0	0	11	0	3	0	0	1	4	5	0	0	7	1	0	0	0	1	0	0	1	1	0	0	1	0	2	1	1	0	1	0	2	0	0	0	3	0	0	0	3	1	1	0	2	0	0	0	1	2	0	0	0	0	0	0	0	0	1	0	1	0	1	0	0	0	0	0	0	1	0	0	0	0	1	1	0	0	1	0	0	0	0	0	0	0	0	3	1	0	0	1	0	0	0	0	0	0	1	0	0	0	1	0	0	0	0	0	0	0	0	0	0	1	0	0	0	0	0	0	0	1	0	0	0	0	0	0	0	0	0	0
135	53	2	13	3	22	96	30	50	1	15	0	11	5	0	6	2	12	0	1	0	1	7	0	1	6	1	4	1	5	0	0	4	0	0	1	1	2	0	1	3	3	0	0	0	0	0	1	2	0	1	0	0	0	0	0	4	0	0	0	0	0	0	0	1	1	1	0	2	0	0	0	0	1	0	1	1	0	0	0	0	0	1	1	0	0	0	0	0	1	0	0	0	0	0	0	0	0	0	0	0	1	1	0	0	0	0	0	0	0	0	0	0	0	2	0	0	0	1	0	0	0	0	0	0	0	0	0	0	0	0	1	0	1	0	0	0	0	0	0	0	0	0	0	0	0	0	0	0	0	0	0
250	90	2	19	2	59	173	45	87	1	16	1	16	7	1	5	6	24	3	7	0	0	15	1	7	3	0	1	0	7	1	2	10	2	0	0	0	1	2	0	2	1	0	0	0	0	0	1	2	0	3	0	1	0	0	0	3	2	0	0	1	0	2	1	4	2	0	1	0	1	1	0	0	1	0	0	0	0	0	0	0	0	2	0	0	0	0	0	1	1	2	0	1	1	0	0	0	1	0	0	0	1	0	0	0	0	0	0	0	0	1	0	0	0	1	0	0	0	2	0	0	0	1	0	0	0	0	0	1	0	0	0	0	0	0	1	0	0	0	0	0	1	1	0	0	1	0	0	0	0	0	0
346	116	8	28	3	55	209	58	136	4	35	1	24	6	1	7	5	41	2	8	1	0	20	0	9	3	1	11	0	7	1	1	8	2	0	1	0	3	2	1	7	3	0	0	1	1	4	0	2	0	0	0	2	0	1	0	7	1	2	0	1	0	1	0	1	4	0	0	6	3	0	0	0	3	1	1	2	0	1	0	0	0	2	1	1	2	1	1	1	4	2	1	0	0	0	1	1	0	0	0	0	3	0	0	0	1	0	1	1	0	0	0	6	0	1	0	0	0	0	0	0	0	4	1	0	0	0	2	1	0	0	0	0	0	0	0	0	0	0	0	0	0	0	0	0	0	1	0	0	0	0	1
324	112	13	21	2	55	287	82	132	4	27	1	26	12	2	5	11	31	4	9	2	2	26	0	10	3	3	2	2	16	1	2	11	10	0	0	1	4	4	0	5	4	0	0	0	1	2	0	3	0	0	0	1	0	4	0	7	2	0	0	2	0	1	1	2	0	1	1	2	1	0	1	0	2	0	0	2	0	2	0	0	0	3	0	2	1	0	0	5	4	1	1	1	0	0	1	1	1	0	1	0	0	0	1	0	0	0	0	0	0	0	0	2	0	1	0	1	0	0	0	0	0	3	1	0	0	0	0	0	0	0	0	0	0	0	0	0	0	1	0	0	0	1	0	0	0	0	0	0	0	1	0
13	6	0	2	0	2	16	3	5	0	1	0	0	0	0	1	0	0	0	1	0	0	2	0	0	0	0	0	0	1	0	0	1	1	0	0	0	0	0	0	0	0	0	1	0	0	1	0	0	0	0	0	0	0	0	0	0	1	0	0	1	0	0	0	0	0	0	0	0	1	0	0	0	0	0	0	0	0	0	0	0	0	0	0	0	0	0	0	0	0	0	0	0	0	0	0	1	0	0	0	0	0	0	0	0	0	0	1	0	0	0	0	0	0	0	0	0	0	0	0	0	0	0	0	0	0	0	0	0	0	0	0	0	0	0	0	0	0	0	0	0	0	0	0	0	0	0	0	0	0	0	0
69	16	0	6	1	12	52	6	16	0	4	0	2	3	0	1	1	5	1	4	0	0	6	0	1	2	0	2	0	3	1	1	2	1	0	0	0	0	0	0	2	0	0	0	0	0	0	0	1	0	1	0	0	0	0	0	1	0	0	0	0	0	0	0	0	0	0	0	1	0	0	0	0	1	0	0	0	0	0	0	0	0	0	0	0	0	0	1	0	0	0	0	1	0	0	0	1	0	0	0	0	0	0	0	0	0	0	2	0	0	0	0	0	0	0	0	0	0	0	0	0	0	0	0	0	0	0	0	0	0	0	0	0	0	0	1	0	0	0	0	0	0	0	0	0	0	0	0	0	0	0	0
79	17	2	2	0	8	45	8	19	2	3	0	2	0	0	2	1	6	1	2	1	0	4	1	3	0	0	1	1	1	0	0	2	0	0	0	0	0	0	0	1	1	0	1	0	0	0	0	1	0	0	0	0	0	0	0	2	0	1	0	2	0	0	0	0	1	0	0	0	0	0	0	0	0	0	0	0	0	0	0	0	0	0	0	0	1	0	0	1	1	1	0	0	0	0	0	0	0	0	0	0	0	0	0	0	0	0	1	0	1	0	0	0	0	1	0	0	0	0	0	0	0	0	0	0	0	0	0	1	0	0	0	0	0	0	0	0	0	0	0	1	0	0	0	0	0	0	0	0	0	0	1
275	89	7	18	3	38	211	55	104	5	21	0	24	6	2	7	4	26	1	3	0	0	9	0	8	7	4	2	2	6	0	3	2	3	1	1	0	1	1	0	2	3	0	0	0	0	1	1	3	0	2	0	3	0	0	0	4	1	0	0	2	0	1	0	5	2	1	0	1	1	0	0	0	3	0	0	0	0	0	0	0	0	1	0	0	1	0	0	2	1	1	1	0	0	0	1	0	1	0	0	1	0	0	0	1	0	1	2	0	0	0	0	0	0	0	0	0	0	0	0	0	0	0	0	0	0	0	0	0	0	0	0	0	1	0	1	0	0	1	0	1	0	0	0	0	1	0	0	0	0	0	0
34	9	0	3	0	4	22	8	15	0	1	0	1	0	0	0	0	3	0	0	0	2	0	0	0	1	0	1	0	1	0	0	1	1	1	0	0	0	0	0	0	0	0	0	0	0	0	0	0	0	0	0	1	0	0	0	0	0	0	0	2	0	0	0	0	0	0	0	1	0	0	1	0	0	0	0	0	0	0	0	0	0	0	0	0	0	0	0	0	0	0	0	0	0	0	0	0	0	0	0	0	1	0	0	0	0	0	0	0	0	0	0	0	0	1	0	0	0	0	0	0	0	0	0	0	0	0	0	0	0	0	0	0	0	0	0	0	0	0	0	0	0	0	0	0	0	0	0	0	0	0	0
33	18	5	3	0	4	19	6	10	0	4	0	3	0	0	0	1	3	0	2	0	0	1	0	1	0	0	0	1	2	0	0	2	1	0	0	0	0	0	0	0	0	0	0	0	0	1	0	0	0	0	0	1	0	0	0	0	0	0	0	1	0	0	0	0	0	0	0	0	0	0	0	0	0	0	0	0	0	0	0	0	0	0	0	0	0	0	0	0	0	0	0	0	0	0	0	0	0	0	0	0	0	0	0	0	0	0	2	0	1	0	0	0	0	0	0	1	0	0	0	0	0	0	0	0	0	0	0	0	0	0	0	0	1	0	0	0	0	0	0	0	0	0	0	0	0	0	0	0	0	0	0
256	99	10	26	1	55	202	45	104	3	23	0	24	5	3	0	7	16	3	10	0	1	15	1	10	1	1	1	1	9	0	1	15	3	0	0	0	0	1	0	3	5	0	2	0	0	2	1	2	0	2	1	1	0	0	0	4	5	0	0	1	0	1	0	0	2	0	0	0	1	0	0	0	0	0	0	1	0	1	0	0	0	1	1	1	1	0	0	0	2	0	0	0	3	0	0	0	1	0	1	0	1	0	0	0	0	0	0	0	0	0	0	3	0	0	1	1	0	0	0	0	1	0	0	0	0	0	1	0	1	0	0	0	0	0	0	0	0	0	0	0	0	0	0	0	0	0	0	0	0	0	0
60	21	2	6	0	11	41	13	19	1	1	0	7	4	0	0	1	3	0	4	0	0	4	0	4	0	0	0	0	1	0	0	0	1	0	0	0	0	2	0	3	0	0	0	0	0	1	0	2	0	0	0	0	0	0	0	1	0	0	0	1	1	1	0	1	0	1	0	1	1	1	0	0	0	0	0	0	0	1	0	0	0	0	0	0	0	0	0	1	0	0	0	0	0	0	0	0	0	0	0	0	1	0	0	0	0	0	0	0	0	0	0	0	0	0	0	0	0	0	0	0	0	0	0	0	0	0	1	0	0	0	0	0	0	0	0	0	0	0	0	0	0	0	0	0	0	0	0	0	0	0	0
38	12	0	3	0	5	21	10	15	0	0	0	2	1	0	0	0	4	0	0	0	1	0	0	0	1	0	0	0	3	0	0	1	2	0	0	0	0	0	0	0	0	0	0	0	0	0	0	0	0	0	0	0	0	0	0	1	0	0	0	1	0	1	0	0	0	2	0	1	1	0	0	0	0	0	0	0	0	0	0	0	0	0	0	0	0	0	0	0	0	0	0	0	0	0	0	0	0	0	0	0	1	0	0	0	0	0	0	0	0	1	0	0	0	0	0	0	0	0	0	0	0	0	0	0	0	0	0	0	0	0	0	0	1	0	0	0	0	0	0	0	0	0	0	0	0	0	0	1	0	0	0
89	40	5	15	1	24	74	18	39	2	9	0	11	2	2	4	2	2	0	7	1	1	5	0	2	5	1	1	0	4	1	1	4	1	0	0	0	0	1	0	1	4	0	0	0	0	1	0	2	0	0	0	1	0	1	0	1	0	0	0	0	1	0	1	1	1	0	1	0	3	0	0	0	0	0	0	0	0	0	0	0	0	0	0	1	0	1	0	0	0	0	0	0	0	0	1	0	0	0	0	0	0	0	0	0	0	0	0	0	0	1	0	0	0	0	0	0	0	1	0	0	0	0	0	0	0	0	1	0	0	0	0	0	0	0	1	0	0	0	0	0	0	0	0	0	0	0	0	0	0	0	0
100	40	6	8	1	19	89	14	43	2	10	0	15	3	0	2	1	11	1	3	0	1	5	0	5	0	0	0	1	3	0	1	1	3	0	0	1	0	2	0	1	1	0	0	0	0	3	1	0	0	2	0	2	0	0	0	2	0	0	0	1	0	0	0	0	1	0	0	0	2	0	0	0	0	0	0	0	0	0	0	0	0	1	0	0	1	0	0	0	0	0	0	2	0	0	0	0	0	0	0	0	0	0	0	0	0	0	1	0	0	0	1	1	0	0	0	0	0	0	0	0	0	0	0	0	0	0	0	0	0	0	0	0	0	0	0	0	0	1	0	0	0	0	0	0	0	0	0	0	0	1	0
144	66	2	12	0	27	112	20	51	0	8	0	11	6	1	0	2	14	0	1	0	1	17	0	4	0	0	3	1	7	1	2	5	2	0	1	0	0	0	1	1	1	1	0	0	0	1	0	2	0	1	1	1	0	0	0	2	0	0	0	1	2	1	0	0	0	0	0	1	1	0	0	0	0	0	0	0	0	0	0	0	0	3	0	1	2	0	0	1	1	0	1	0	0	0	0	1	0	0	0	0	1	1	0	1	0	1	1	0	0	2	0	1	0	0	0	1	0	0	0	0	0	0	0	0	1	0	0	0	0	0	0	0	0	0	0	0	0	0	0	0	0	0	0	0	0	0	0	0	0	0	0
176	68	4	18	1	49	141	28	86	2	16	0	7	9	1	5	2	20	2	3	0	0	9	1	5	2	2	0	0	8	1	1	5	0	0	0	0	1	0	0	4	1	0	1	0	0	2	1	2	0	1	0	2	0	0	0	3	0	0	0	0	1	0	0	1	1	0	0	1	4	0	0	0	2	1	0	0	0	1	0	0	0	1	0	0	1	0	0	2	1	0	0	0	0	0	0	0	0	0	0	0	3	0	0	0	0	0	1	0	0	0	0	0	0	1	0	0	0	2	0	0	0	0	0	0	0	0	0	0	0	0	0	0	0	1	0	0	0	0	0	0	0	1	0	0	0	0	0	0	0	0	0
513	164	13	46	3	88	399	83	200	10	47	0	39	14	1	9	12	51	6	21	0	1	25	3	16	9	2	5	4	12	5	1	17	3	1	0	0	6	2	1	10	4	0	1	0	0	4	1	7	0	3	0	4	0	2	0	11	0	0	0	3	1	1	0	7	1	1	1	4	2	0	0	0	4	0	0	1	0	1	0	0	0	2	1	1	3	1	0	3	3	0	0	1	1	0	1	1	0	0	0	1	0	0	0	1	0	3	4	0	0	1	0	4	0	1	0	0	0	1	0	0	0	7	0	0	1	0	3	0	0	0	0	0	0	0	1	0	0	1	1	3	1	0	0	0	0	0	1	1	0	0	0
47	14	1	4	0	6	33	6	15	1	5	0	2	2	0	0	2	4	0	1	0	0	3	0	1	1	0	0	0	2	1	0	1	1	0	0	0	0	0	0	1	1	0	0	0	0	2	0	0	0	0	0	1	0	0	0	0	0	0	0	0	1	2	0	0	1	0	1	0	0	0	0	0	0	0	0	0	0	0	0	0	0	0	0	0	0	0	0	0	1	0	0	0	0	0	0	0	0	0	0	0	0	0	0	1	0	0	0	0	0	0	0	0	0	0	0	0	0	0	0	0	0	1	0	0	0	0	0	0	0	0	0	0	0	0	0	0	0	0	0	1	0	0	0	0	0	0	0	0	0	0	0
35	15	1	4	0	4	23	4	11	0	4	0	5	0	0	1	1	4	1	1	0	0	3	0	4	0	1	2	0	0	0	0	0	0	0	0	0	0	0	0	0	1	0	1	0	0	0	1	0	0	0	0	0	0	0	0	0	0	0	0	0	0	0	0	0	0	0	0	0	0	0	0	0	1	1	0	0	0	0	0	0	0	0	0	0	0	0	0	1	0	0	0	0	0	0	0	0	0	0	0	0	0	0	0	0	0	0	0	0	0	0	0	1	0	0	0	0	0	0	0	0	0	0	0	0	0	0	0	0	0	0	0	0	0	0	0	0	0	0	0	0	1	0	0	0	0	0	0	0	0	0	0
100	28	2	6	1	19	98	20	39	3	13	0	11	2	0	2	0	7	0	3	0	0	6	0	2	2	0	0	0	7	0	0	3	1	0	0	0	0	0	0	4	3	0	0	0	0	0	1	2	0	0	1	0	0	0	0	1	0	1	0	1	0	2	0	2	1	0	1	0	0	0	0	0	0	0	0	0	0	0	0	0	0	1	0	0	0	0	0	0	1	1	0	0	0	0	0	0	0	0	0	0	0	0	0	0	0	1	0	0	0	0	0	1	0	0	0	0	0	0	0	0	0	0	0	0	0	0	0	0	0	0	0	0	0	0	1	0	0	0	0	0	0	0	0	0	0	0	0	0	0	0	0
17	6	0	1	1	3	14	2	4	1	1	0	0	0	0	1	0	0	0	1	0	0	1	0	2	0	0	0	0	0	0	0	2	0	0	0	0	0	0	0	0	0	0	0	0	0	0	0	1	0	0	0	0	0	0	0	0	0	0	0	0	0	2	0	0	1	0	0	0	0	0	0	0	0	0	0	0	0	0	0	0	0	0	0	0	0	0	0	0	0	0	0	0	0	0	0	0	0	0	0	0	0	0	0	0	0	0	0	0	0	0	0	1	0	0	0	0	0	0	0	0	0	0	0	0	0	0	0	0	0	0	0	0	0	0	0	0	0	0	0	0	0	0	0	0	0	0	0	0	0	0	0
23	9	3	3	0	1	20	2	4	0	1	0	0	1	0	0	0	0	0	0	0	0	0	1	0	0	0	0	0	0	0	0	1	1	0	0	0	0	0	0	0	0	0	0	0	0	0	0	1	0	0	0	1	0	0	0	1	0	0	0	0	0	0	0	0	0	0	0	0	0	0	0	0	0	0	0	0	0	0	0	0	0	2	0	0	0	0	0	0	0	0	0	0	0	0	0	0	0	0	0	0	0	0	0	0	0	0	0	0	0	0	0	1	0	0	0	0	0	0	0	0	0	0	1	0	0	0	0	0	0	0	0	0	0	0	0	0	0	0	0	0	0	0	0	0	0	0	0	0	0	0	0
303	103	6	27	1	54	234	47	109	6	34	0	23	9	2	3	2	27	3	8	1	1	26	0	6	3	1	5	2	6	2	0	8	3	1	0	1	0	2	0	6	6	0	0	0	0	6	1	1	0	4	1	5	0	2	0	9	4	0	1	1	0	3	1	2	2	0	3	0	0	0	0	0	1	1	0	0	0	1	0	0	0	5	0	0	1	0	0	0	3	1	2	0	0	0	0	1	1	0	1	0	0	0	0	0	0	0	1	0	0	0	0	2	0	1	1	1	0	0	0	0	0	0	1	0	1	2	1	0	0	0	1	0	1	0	1	0	0	0	1	0	0	0	0	0	0	0	0	0	0	0	0
62	26	4	5	0	17	58	6	22	2	5	0	6	2	1	0	2	4	1	1	0	0	6	0	4	0	0	1	0	1	0	0	5	3	0	0	1	2	0	0	2	0	0	0	0	0	1	1	1	0	0	0	0	0	0	0	2	1	0	0	0	0	0	0	0	0	0	0	1	0	0	0	0	0	0	0	0	0	0	0	0	0	0	0	0	0	0	0	1	0	0	0	0	0	0	0	0	0	0	0	0	0	0	0	0	0	1	0	0	0	0	0	0	0	0	1	0	0	0	0	0	0	0	0	0	0	0	0	0	0	0	0	1	0	0	0	0	0	0	0	0	0	0	0	0	0	0	0	0	0	0	0
117	44	5	15	0	23	104	24	39	3	12	0	8	1	1	5	2	6	1	3	1	0	6	0	3	2	0	0	0	4	0	1	4	3	0	0	0	1	0	0	5	2	0	0	0	0	0	1	1	0	1	0	1	0	0	0	2	0	0	0	2	0	1	0	1	0	0	1	1	0	0	0	0	1	0	0	1	0	0	0	0	0	1	0	0	2	0	0	0	1	1	0	0	0	0	0	2	0	0	1	0	0	0	0	0	0	0	0	1	0	0	0	2	0	1	0	0	0	0	0	0	0	0	0	0	0	0	0	0	0	0	0	0	0	0	0	0	0	0	0	0	0	0	0	0	0	0	0	0	0	0	0
45	24	1	5	0	10	27	9	26	2	4	0	4	1	0	0	1	5	0	2	0	0	3	0	2	0	0	1	0	3	0	1	2	0	0	0	0	0	0	0	2	0	0	0	0	0	0	0	0	0	0	0	0	0	0	0	1	0	0	0	0	0	0	0	2	0	0	0	2	0	0	0	0	0	0	0	0	0	0	0	0	0	0	0	0	1	0	0	0	0	0	0	0	0	0	1	0	0	0	1	0	0	0	0	0	0	0	0	0	0	0	0	0	0	0	0	0	0	0	0	0	0	0	0	0	0	0	0	0	0	0	0	0	0	0	0	0	0	0	0	0	0	0	0	0	0	0	0	0	0	0	0
43	11	0	4	0	11	46	2	13	0	2	0	3	2	0	1	0	6	0	1	0	0	3	0	1	0	0	1	0	2	1	1	3	0	0	0	0	0	0	0	0	1	0	0	0	0	1	0	0	0	0	0	0	0	0	0	0	0	1	0	0	0	0	0	0	0	0	0	0	1	0	0	0	0	0	0	0	0	0	0	0	0	0	0	0	0	0	0	0	0	0	0	0	1	0	0	0	0	0	1	0	0	0	0	0	0	0	0	0	0	1	0	0	0	0	0	0	0	0	0	0	0	0	0	0	0	0	0	0	0	0	0	0	0	0	0	0	0	0	0	0	0	0	0	0	0	0	0	0	0	0	0
138	46	2	16	2	29	135	26	60	1	16	0	18	4	1	4	3	10	1	4	0	2	6	0	4	3	0	2	1	8	1	0	6	8	0	0	0	0	1	1	2	2	0	0	0	0	2	0	6	0	1	0	0	0	0	0	4	1	0	0	0	1	0	0	1	1	1	0	1	0	0	0	0	1	1	0	0	0	0	0	0	0	0	0	1	1	0	0	1	0	1	0	0	1	0	1	1	0	0	0	0	2	0	0	1	0	1	0	0	0	0	0	0	0	1	1	0	0	0	0	0	0	1	0	0	0	0	0	0	0	0	0	1	0	0	0	0	0	1	0	0	0	0	0	0	0	0	0	0	0	0	0
112	49	3	9	2	12	79	17	54	0	5	0	8	4	1	3	2	10	0	4	0	1	10	0	5	1	0	1	0	4	0	0	3	0	0	0	0	3	1	0	3	0	1	0	1	0	1	0	1	0	0	0	0	0	0	0	1	1	0	0	1	0	0	0	0	1	1	0	0	0	0	0	0	1	0	1	1	0	0	0	0	0	3	0	0	0	0	0	2	0	0	0	0	0	0	0	0	0	0	0	0	2	0	0	0	1	0	1	1	0	0	0	1	0	0	0	0	0	0	0	0	0	1	0	0	0	0	0	0	1	0	0	0	0	0	0	0	0	0	0	1	0	0	0	0	0	0	0	0	0	0	0
26	9	0	0	0	2	15	4	7	1	0	0	4	1	0	0	0	4	1	0	0	0	1	0	3	1	0	0	0	1	0	1	1	0	0	0	0	0	0	0	0	0	0	0	0	0	0	0	0	0	0	0	0	0	0	0	0	0	1	0	0	0	0	0	0	0	0	0	0	0	0	0	0	1	0	0	0	0	0	0	0	0	2	0	0	0	0	0	1	0	0	0	0	0	0	0	0	0	0	0	0	0	0	0	0	0	0	1	0	0	0	0	0	0	1	0	0	0	0	0	0	0	0	0	0	0	0	0	0	0	0	0	0	0	0	0	0	0	0	0	0	0	0	0	0	0	0	0	0	0	0	0
14	4	1	0	0	2	8	3	6	0	1	0	0	0	0	0	0	3	0	0	0	0	0	0	0	1	1	1	0	0	0	0	0	0	0	0	0	0	0	0	1	0	0	0	0	0	1	0	0	0	0	0	0	0	0	0	0	0	0	0	0	0	0	0	0	0	1	0	2	0	0	0	0	0	0	0	0	0	0	0	0	0	0	0	0	0	0	0	0	0	0	0	0	0	0	0	0	0	0	0	0	0	0	0	0	0	0	0	0	0	0	0	0	0	0	0	0	0	0	0	0	0	0	0	0	0	0	0	0	0	0	0	0	0	0	0	0	0	0	0	0	0	0	0	1	0	0	0	0	0	0	0
89	25	0	2	0	18	50	11	31	2	7	0	2	2	0	1	1	11	0	1	0	0	6	0	3	1	0	0	0	3	0	1	4	1	0	0	0	0	1	0	1	0	0	0	0	0	0	0	0	0	0	0	1	0	0	0	1	0	0	0	0	0	0	0	2	2	0	0	0	0	0	0	0	0	0	0	0	0	0	0	0	0	2	1	0	0	0	1	0	0	0	0	0	1	0	0	0	0	1	1	0	0	0	0	1	0	0	1	1	0	0	0	0	0	0	0	0	0	0	0	0	0	0	0	0	0	0	0	0	0	0	0	0	0	0	0	0	0	1	0	1	0	0	0	0	0	0	0	0	0	0	0
31	10	1	3	0	3	24	1	11	3	4	0	4	1	0	1	0	5	0	0	0	0	1	0	1	0	0	0	0	0	0	0	4	1	0	0	0	0	0	0	0	0	0	0	0	0	0	1	0	0	0	0	1	0	0	0	0	0	0	0	1	0	0	0	0	0	0	0	0	1	0	0	0	0	0	0	1	0	0	0	0	0	0	0	0	0	0	0	0	0	0	0	0	0	0	0	0	0	0	0	0	0	0	0	0	0	0	0	0	0	1	0	0	0	0	0	0	0	0	0	0	0	0	0	0	0	0	0	0	0	0	0	0	0	0	0	0	0	0	0	0	0	0	0	0	0	0	0	0	0	0	0
113	39	4	8	1	22	99	18	35	1	11	0	12	4	0	2	2	9	0	4	0	1	6	0	4	0	2	0	0	2	1	0	5	3	0	1	0	1	0	0	0	0	0	0	0	0	2	1	5	0	2	0	3	0	0	0	2	0	0	0	2	0	0	0	1	0	0	1	2	1	0	0	0	1	0	0	0	0	0	0	0	0	0	0	0	0	0	0	0	1	2	0	0	1	0	1	0	0	0	1	0	0	0	0	0	0	0	0	1	0	0	1	1	0	1	0	1	0	0	0	0	0	1	0	0	0	0	0	0	0	0	0	0	0	0	0	0	0	0	0	0	0	0	0	0	0	0	0	0	0	0	0
102	50	0	10	0	10	82	15	42	0	10	0	10	4	0	1	3	6	0	3	0	0	1	0	2	0	0	3	3	2	0	1	2	1	0	1	0	0	1	0	4	0	0	0	0	0	0	0	1	0	1	0	1	0	1	0	0	1	0	0	0	1	0	0	1	0	0	0	0	0	0	0	0	0	1	0	0	0	0	0	0	0	0	0	0	0	0	0	1	1	0	0	0	0	0	1	0	0	0	1	0	0	0	0	0	0	0	0	0	0	1	0	0	1	0	0	0	0	0	0	0	0	0	0	0	0	0	0	0	0	0	0	0	0	0	0	0	0	0	1	0	0	1	1	0	0	0	0	0	0	0	0
3	0	0	0	0	0	0	1	0	0	0	0	1	0	0	0	0	0	0	0	0	0	0	0	0	0	0	0	0	0	0	0	0	0	0	0	0	0	0	0	0	0	0	0	0	0	0	0	0	0	0	0	0	0	0	0	0	0	0	0	0	0	0	0	0	0	0	0	0	0	0	0	0	0	0	0	0	0	0	0	0	0	0	0	0	0	0	0	0	0	0	0	0	0	0	0	0	0	0	0	0	0	0	0	0	0	0	0	0	0	0	0	0	0	0	0	0	0	0	0	0	0	0	0	0	0	0	0	0	0	0	0	0	0	0	0	0	0	0	0	0	0	0	0	0	0	0	0	0	0	0	0
42	22	1	6	1	12	37	9	20	0	6	0	8	2	0	0	1	6	0	0	0	0	2	0	2	1	0	1	1	4	0	0	3	1	0	0	0	1	1	0	1	2	0	0	0	0	1	1	0	0	0	0	0	0	0	0	0	0	0	0	0	0	0	0	0	0	0	0	1	0	0	0	0	0	0	0	1	0	0	0	0	0	0	0	0	0	0	0	0	1	1	0	0	0	1	1	0	0	0	1	0	0	0	0	0	0	0	0	0	0	1	0	0	0	0	0	0	0	0	0	0	0	0	0	0	0	0	1	0	0	0	0	0	0	0	0	0	0	0	0	1	0	0	0	0	0	0	0	0	0	0	0
43	19	0	4	1	4	39	6	13	1	3	0	5	2	0	0	0	3	0	0	0	0	3	0	3	1	0	0	0	0	1	0	0	3	0	0	0	0	0	0	0	0	0	0	0	0	0	0	0	0	1	0	0	0	0	0	2	0	0	0	0	0	0	0	1	0	0	0	0	0	0	0	1	0	0	1	0	0	2	0	0	0	1	0	0	0	0	0	0	0	0	0	0	0	0	0	0	0	0	0	0	0	0	0	0	0	0	0	0	0	0	0	0	0	0	0	0	0	0	0	0	0	0	0	0	0	0	0	0	0	0	0	0	0	0	0	0	0	0	0	0	0	0	0	0	0	0	0	0	0	0	0
36	6	0	1	0	5	21	5	14	2	5	0	2	0	0	1	0	7	0	0	0	0	1	0	1	0	0	0	0	1	0	1	2	1	0	0	0	0	0	0	1	1	0	0	0	0	0	0	1	0	1	1	0	0	0	0	1	1	0	0	0	0	0	0	0	0	0	1	0	0	0	0	0	0	0	0	0	0	0	0	0	0	1	0	0	1	0	0	0	0	0	0	0	0	0	0	1	0	0	0	0	0	0	0	0	0	0	0	0	0	0	0	0	0	0	0	0	0	0	1	0	0	0	0	0	0	0	0	0	0	0	0	0	0	0	0	0	0	0	0	0	0	0	0	0	0	0	0	0	0	0	0
159	41	3	9	0	23	113	20	50	3	12	0	15	5	1	5	2	8	1	5	0	1	6	1	5	2	1	2	2	3	0	2	5	0	0	0	0	2	1	0	3	1	0	0	0	0	1	0	1	0	0	1	1	0	0	0	4	0	0	0	0	0	2	0	3	1	0	0	1	1	0	0	0	2	0	0	0	0	0	0	1	0	1	0	0	2	0	0	1	0	1	0	0	1	0	0	1	1	0	1	0	1	0	0	0	0	0	1	0	0	0	0	0	0	1	0	0	0	0	0	0	0	0	1	0	0	0	1	0	0	0	0	0	0	0	0	0	0	0	0	1	0	0	0	0	0	0	0	0	0	0	0
113	47	3	7	0	16	89	21	46	1	10	0	6	2	1	1	1	5	1	1	1	0	9	0	2	2	0	1	0	4	0	4	2	1	0	0	0	0	2	0	1	1	0	0	0	0	1	1	4	0	1	1	0	0	0	0	0	0	0	0	0	0	0	1	0	0	0	0	2	1	0	0	0	1	0	0	0	0	0	0	0	0	0	1	0	0	0	0	1	1	0	0	0	0	0	0	0	0	0	1	0	0	0	0	0	0	0	1	0	1	0	0	0	0	1	0	0	2	0	0	0	0	0	0	0	0	0	0	0	0	0	0	0	1	0	0	0	0	0	0	0	0	0	0	0	0	0	0	0	0	0	0
13	6	0	1	0	1	7	0	4	0	0	0	2	0	0	0	0	2	0	0	0	0	0	0	0	0	0	0	1	0	0	0	1	0	0	0	0	0	0	0	0	0	0	0	0	0	0	0	0	0	0	0	0	0	0	0	1	0	0	0	0	0	0	0	0	0	0	0	0	0	0	0	0	0	0	0	0	0	0	0	0	0	0	0	0	0	0	0	0	0	0	0	0	0	0	0	0	1	0	0	0	0	0	0	0	0	0	0	0	0	0	0	0	0	0	0	0	0	1	0	0	0	0	0	0	0	0	0	0	0	0	0	0	0	0	0	0	0	0	0	0	0	0	0	0	0	0	0	0	0	0	0
9	4	0	1	0	5	21	0	7	0	3	0	2	0	0	1	0	2	1	0	0	0	2	0	2	1	0	0	0	1	0	0	0	0	0	0	0	0	0	0	0	0	0	0	0	0	0	0	0	0	0	0	0	0	0	0	1	0	0	0	0	0	0	0	0	0	0	0	0	1	0	0	0	0	0	0	0	0	0	0	0	0	0	0	0	0	0	0	0	0	0	0	0	0	0	0	0	0	0	0	0	0	0	0	0	0	0	0	0	0	0	0	0	0	0	0	0	0	0	0	0	0	0	0	0	0	0	0	0	0	0	0	0	0	0	0	0	0	0	0	0	0	0	0	0	0	0	0	0	0	0	0
26	5	0	4	0	5	18	6	7	0	5	0	4	1	0	0	0	1	0	2	0	0	1	0	1	1	0	0	0	1	1	0	1	2	0	0	0	0	0	0	1	0	0	0	0	0	0	0	0	0	1	0	1	0	0	0	2	0	0	0	0	0	0	0	0	1	1	0	0	0	0	0	0	0	0	0	0	0	1	0	0	0	0	0	0	0	0	0	0	0	0	0	0	0	0	0	0	0	0	0	0	1	0	0	0	0	0	0	0	0	0	0	0	0	0	0	0	0	0	0	0	0	0	0	0	0	0	0	0	0	0	0	0	0	0	0	0	0	1	0	0	0	0	0	0	0	0	0	0	0	0	0
23	9	2	4	0	5	28	4	11	0	4	0	0	1	0	0	3	1	1	1	0	0	3	0	1	0	0	1	0	0	0	0	2	0	0	0	0	0	0	0	1	0	0	0	0	0	0	0	2	0	0	0	1	0	0	0	1	0	0	0	0	0	0	1	0	0	0	0	0	0	0	0	0	0	0	0	0	0	0	0	0	0	0	0	0	0	0	0	0	0	0	0	0	0	0	0	0	0	0	0	0	0	0	0	0	0	0	0	0	0	0	0	0	0	0	0	0	0	0	0	0	0	0	0	0	0	0	0	0	0	0	0	1	0	0	0	0	0	0	0	0	0	0	0	0	0	0	0	0	0	0	0
178	72	2	15	2	38	133	38	59	1	18	0	13	4	2	4	2	15	2	6	0	0	14	0	2	4	0	3	3	8	0	1	8	3	0	0	0	1	3	0	2	4	0	0	0	1	1	1	0	0	2	0	1	0	1	0	2	1	1	0	1	1	0	0	3	1	0	0	2	0	0	1	0	0	0	0	0	1	0	0	0	0	0	0	0	0	1	0	0	1	0	0	0	1	0	1	1	0	0	0	0	1	0	0	0	1	1	0	1	0	1	0	0	1	0	0	1	0	0	0	0	0	2	1	0	0	0	1	0	0	1	0	4	0	0	0	0	0	0	1	0	0	0	0	0	0	0	0	0	0	0	1
51	6	1	2	1	10	33	7	16	1	4	0	3	0	0	1	1	2	1	0	0	0	5	0	1	0	1	0	0	1	0	0	0	0	0	0	0	0	0	0	0	0	0	0	0	0	0	0	1	0	0	0	1	0	0	0	1	0	0	0	0	0	1	0	1	0	0	0	0	0	0	0	0	0	0	0	0	0	0	0	0	0	0	0	0	0	0	0	0	0	1	0	0	0	0	0	0	0	0	0	0	0	0	0	0	0	0	0	0	0	1	0	0	0	0	0	0	0	0	0	0	0	0	0	0	0	0	0	0	0	0	1	0	0	0	0	0	0	0	0	0	0	0	0	0	0	0	0	0	0	0	0
0	0	1	0	0	0	2	0	0	0	0	0	0	0	0	0	0	0	0	0	0	0	0	0	0	0	0	0	0	0	0	0	0	0	0	0	0	0	0	0	0	0	0	0	0	0	0	0	0	0	0	0	0	0	0	0	0	0	0	0	0	0	0	0	0	0	0	0	0	0	0	0	0	0	0	0	0	0	0	0	0	0	0	0	0	0	0	0	0	0	0	0	0	0	0	0	0	0	0	0	0	0	0	0	0	0	0	0	0	0	0	0	0	0	0	0	0	0	0	0	0	0	0	0	0	0	0	0	0	0	0	0	0	0	0	0	0	0	0	0	0	0	0	0	0	0	0	0	0	0	0	0
20	6	0	1	0	0	19	4	4	0	2	0	0	2	0	1	0	2	0	0	0	1	2	0	0	0	0	0	1	2	0	0	1	0	0	0	0	0	0	0	0	0	0	0	0	0	0	0	0	0	0	0	0	0	0	0	0	0	0	0	0	1	0	0	0	0	0	0	0	0	0	0	0	0	0	0	0	0	0	0	0	0	0	0	0	0	0	0	0	0	0	0	0	0	0	0	0	0	0	0	0	0	0	0	0	0	0	0	0	0	0	0	0	0	0	0	0	0	0	0	0	0	0	0	0	0	0	0	0	0	0	0	0	0	0	0	0	0	0	0	0	0	0	0	0	0	0	0	0	0	0	0
14	5	1	4	0	4	14	3	12	0	2	0	0	0	0	0	0	3	0	0	0	0	2	0	1	0	0	0	0	0	0	0	1	1	0	0	0	0	0	0	1	0	0	0	0	0	0	0	0	0	0	0	0	0	0	0	0	0	0	0	0	0	0	0	0	0	0	0	0	0	0	0	0	0	0	0	0	0	0	0	0	0	0	0	0	0	0	0	0	0	0	0	0	0	0	0	0	0	0	0	0	0	0	0	0	0	0	0	0	0	0	0	0	0	0	0	0	0	0	0	0	0	0	0	0	0	0	0	0	0	0	0	0	0	0	0	0	0	0	0	0	0	0	0	0	0	0	0	0	0	0	0
3	3	0	0	0	2	7	2	4	1	0	0	2	0	0	0	0	0	0	0	0	0	1	0	0	0	0	0	0	0	0	0	1	0	0	0	0	0	0	0	0	0	0	0	0	0	0	0	0	0	0	0	0	0	0	0	0	0	0	0	0	0	0	0	0	0	0	0	0	0	0	0	0	0	0	0	0	0	0	0	0	0	0	0	0	0	0	0	1	0	0	0	0	0	0	0	0	0	0	0	0	0	0	0	0	0	0	0	0	0	0	0	0	0	0	0	0	0	0	0	0	0	0	0	0	0	0	0	0	0	0	0	1	0	0	0	0	0	0	0	0	0	0	0	0	0	0	0	0	0	0	0
2	0	0	0	0	0	0	0	0	0	0	0	0	0	0	0	0	0	0	0	0	0	0	0	0	0	0	0	0	0	0	0	0	0	0	0	0	0	0	0	1	0	0	0	0	0	0	0	1	0	0	0	0	0	0	0	0	0	0	0	0	0	0	0	0	1	0	0	0	0	0	0	0	0	0	0	0	0	0	0	0	0	0	0	0	0	0	0	0	0	0	0	0	0	0	0	0	0	0	0	0	0	0	0	0	0	0	0	0	0	0	0	0	0	0	0	0	0	0	0	0	0	0	0	0	0	0	0	0	0	0	0	0	0	0	0	0	0	0	0	0	0	0	0	0	0	0	0	0	0	0	0
98	48	3	3	1	20	70	9	46	2	3	0	6	1	0	0	3	14	1	4	0	1	6	0	5	2	1	1	0	4	0	1	4	3	0	0	0	3	1	0	1	2	0	0	0	0	0	0	0	0	0	0	0	0	0	0	1	1	0	0	0	0	0	0	1	0	0	1	1	0	0	0	0	3	0	0	0	0	0	1	0	0	3	1	0	0	0	0	0	0	0	0	0	0	0	0	1	0	1	0	0	0	0	0	0	1	1	1	0	0	1	0	0	0	0	0	0	0	0	0	0	0	0	0	0	0	0	0	0	0	0	0	0	1	0	1	0	0	0	0	1	0	0	0	0	0	2	0	0	0	0	0
2	1	0	0	0	0	2	0	2	0	0	0	0	0	0	0	0	0	0	0	0	0	0	0	0	0	0	0	0	0	0	0	0	0	0	0	0	0	0	0	1	0	0	0	0	0	0	0	0	0	0	0	0	0	0	0	0	0	0	0	0	0	0	0	0	0	0	0	0	0	0	0	0	0	0	0	0	0	0	0	0	0	0	0	0	0	0	0	0	0	0	0	0	0	0	0	0	0	0	0	0	0	0	0	0	0	0	0	0	0	0	0	0	0	0	0	0	0	0	0	0	0	0	0	0	0	0	0	0	0	0	0	0	0	0	0	0	0	0	0	0	0	0	0	0	0	0	0	0	0	0	0
1	0	0	0	0	1	1	0	0	0	1	0	0	0	0	0	0	1	0	0	0	0	0	0	0	0	0	0	0	0	0	0	0	0	0	0	0	0	0	0	0	0	0	0	0	0	0	0	0	0	0	0	0	0	0	0	0	0	0	0	0	0	0	0	0	0	0	0	0	0	0	0	0	0	0	0	0	0	0	0	0	0	0	0	0	0	0	0	0	0	0	0	0	0	0	0	0	0	0	0	0	0	0	0	0	0	0	0	0	0	0	0	0	0	0	0	0	0	0	0	0	0	0	0	0	0	0	0	0	0	0	0	0	0	0	0	0	0	0	0	0	0	0	0	0	0	0	0	0	0	0	0
40	5	4	3	0	4	31	9	15	0	2	0	4	2	0	0	0	2	0	1	0	0	3	1	0	1	1	1	0	1	1	0	1	0	0	0	0	0	0	0	0	0	0	1	0	0	0	1	0	0	0	0	0	0	1	0	1	0	0	0	0	0	0	0	0	0	0	0	1	0	0	0	0	0	0	0	0	0	0	0	0	0	0	0	0	0	0	0	0	0	0	0	0	0	0	0	0	0	0	0	0	0	1	0	0	0	0	0	0	0	0	0	0	0	0	0	0	0	2	0	0	0	0	0	0	0	0	0	0	0	0	0	0	0	0	0	0	0	0	0	0	0	0	0	0	0	0	0	0	0	0	0
23	7	0	3	0	6	19	4	10	0	2	0	3	0	1	0	1	2	0	0	0	0	1	0	1	0	0	0	0	2	0	0	0	0	0	0	0	0	1	1	0	0	0	0	0	0	0	0	1	0	0	0	0	0	0	0	0	0	0	0	0	0	0	0	0	0	0	0	0	0	0	0	0	0	0	0	0	0	0	0	0	0	0	0	0	0	0	0	0	0	0	0	0	0	0	0	0	0	0	0	0	0	0	0	0	0	0	0	0	0	0	0	0	0	0	0	0	0	0	0	0	0	0	0	0	0	0	0	0	0	0	0	0	0	0	0	0	0	0	0	0	0	0	0	0	0	0	0	0	0	0	0
56	21	1	2	0	17	54	14	16	1	6	0	6	1	0	0	2	4	1	0	0	0	3	0	0	0	1	0	0	2	0	0	0	2	0	0	0	0	0	0	2	1	0	1	0	0	1	1	0	0	0	1	0	0	0	0	0	1	0	0	0	0	0	0	0	0	0	2	0	0	0	0	0	1	1	0	0	0	0	0	0	0	1	0	0	0	0	0	0	0	0	0	0	0	0	0	0	0	0	0	0	0	0	0	0	0	0	0	0	0	0	0	0	0	1	1	1	0	0	0	0	0	0	0	0	1	0	1	0	1	0	0	0	0	0	0	0	0	0	0	0	0	0	0	0	0	0	0	0	0	0	0
13	5	0	2	0	1	6	0	2	0	0	0	1	0	0	0	0	1	0	0	0	0	0	0	0	0	0	0	0	1	0	0	0	0	0	0	0	0	0	0	0	0	0	0	0	0	0	0	1	0	0	0	0	0	0	0	0	0	0	0	0	0	0	0	0	0	0	0	0	0	0	0	0	0	0	0	0	0	0	0	0	0	0	0	0	0	0	0	0	0	0	0	0	0	0	0	0	0	0	0	0	1	0	0	0	0	0	0	0	0	0	0	0	0	0	0	0	0	0	0	0	0	0	0	0	0	0	0	1	0	0	0	0	0	0	0	0	0	0	0	0	0	0	0	0	0	0	0	0	0	0	0
7	4	0	2	0	2	5	3	7	1	0	0	1	0	0	0	0	0	0	0	0	0	0	0	0	0	0	1	0	0	0	0	0	0	0	0	0	0	0	0	0	0	0	0	1	0	0	0	1	0	0	0	0	0	1	0	0	0	0	0	0	0	1	0	0	0	0	0	0	0	0	0	0	0	0	0	0	0	0	0	0	0	0	0	0	0	0	0	0	0	0	0	0	0	0	0	0	0	0	0	0	0	0	0	0	0	0	0	0	0	0	0	0	0	0	0	0	0	0	0	0	0	0	0	0	0	0	0	0	0	0	0	0	0	0	0	0	0	0	0	0	0	0	0	0	0	0	0	0	0	0	0
92	32	2	5	0	12	53	14	30	2	7	0	8	2	0	4	3	5	0	0	0	0	7	0	5	0	1	1	0	6	0	0	5	0	0	0	0	0	1	0	2	1	0	0	0	0	0	1	3	0	1	0	1	0	0	0	1	2	0	0	0	1	1	0	2	0	0	1	1	2	0	0	0	0	1	0	0	0	0	0	0	0	0	0	1	0	0	0	1	0	2	1	0	0	0	0	0	0	0	0	0	0	0	0	0	0	0	0	0	0	1	0	0	0	0	0	0	0	0	0	0	0	0	0	0	1	0	0	0	0	0	0	0	0	0	0	0	0	0	0	0	0	0	0	0	0	0	0	0	0	0	0
68	24	1	7	1	9	62	5	36	1	7	0	5	2	0	2	2	8	3	4	0	0	3	0	1	1	0	0	0	2	0	1	6	0	0	0	0	0	0	0	5	1	0	0	0	0	0	0	0	0	3	0	0	0	0	0	2	0	0	0	0	3	0	0	1	0	0	0	0	1	0	0	0	1	0	0	0	0	0	0	0	0	0	1	1	0	0	0	1	0	0	0	0	0	0	0	0	0	0	0	0	0	0	0	0	0	0	0	0	0	0	0	0	0	0	0	0	0	0	0	0	0	0	0	0	0	0	0	0	0	0	0	0	0	0	0	0	0	0	0	2	0	0	0	0	0	0	1	1	0	0	0
3	1	0	0	0	0	2	0	1	0	0	0	0	0	0	0	0	0	0	0	0	0	0	0	0	1	0	0	0	0	0	0	0	1	0	0	0	0	0	0	0	0	0	0	0	0	0	0	0	0	0	0	0	0	0	0	0	0	0	0	0	0	0	0	0	0	0	0	0	0	0	0	0	0	0	0	0	0	0	0	0	0	0	0	0	0	0	0	0	0	0	0	0	0	0	0	0	0	0	0	0	0	0	0	0	0	0	0	0	0	0	0	0	0	0	0	0	0	0	0	0	0	0	0	0	0	0	0	0	0	0	0	0	0	0	0	0	0	0	0	0	0	0	0	0	0	0	0	0	0	0	0
5	0	1	0	0	0	6	0	3	0	1	0	0	1	0	0	0	1	0	0	0	0	0	0	0	0	0	0	0	0	0	0	0	0	0	0	1	0	0	0	0	0	0	0	0	0	0	0	0	0	0	0	0	0	0	0	0	0	0	0	0	0	0	0	0	0	0	0	0	0	0	0	0	0	0	0	0	0	0	0	0	0	0	0	0	0	0	0	0	0	0	0	0	0	0	0	0	0	0	0	0	0	0	0	0	0	0	0	0	0	0	0	0	0	0	0	0	0	0	0	0	0	0	0	0	0	0	0	0	0	0	0	0	0	0	0	0	0	0	0	0	0	0	0	0	0	0	0	0	0	0	0
3	0	0	0	0	0	1	0	0	0	0	0	0	0	0	0	0	0	0	0	0	0	0	0	0	0	0	0	0	0	0	0	0	0	0	0	0	0	0	0	0	0	0	0	0	0	0	0	0	0	0	0	0	0	0	0	0	0	0	0	0	0	0	0	0	0	0	0	0	0	0	0	0	0	0	0	0	0	0	0	0	0	0	0	0	0	0	0	0	0	0	0	0	0	0	0	0	0	0	0	0	0	0	0	0	0	0	0	0	0	0	0	0	0	0	0	0	0	0	0	0	0	0	0	0	0	0	0	0	0	0	0	0	0	0	0	0	0	0	0	0	0	0	0	0	0	0	0	0	0	0	0
11	6	0	2	0	0	5	1	5	0	1	0	2	0	0	1	0	1	0	0	0	0	0	0	0	0	0	0	0	1	0	0	1	0	0	0	0	0	0	0	0	0	0	0	0	0	0	0	0	0	0	0	0	0	0	0	1	0	0	0	0	0	0	0	0	0	0	0	0	0	0	0	0	0	0	0	0	0	0	0	0	0	0	0	0	0	0	0	0	0	0	0	0	0	0	0	0	0	0	0	0	0	0	0	0	0	0	0	0	0	0	0	0	0	0	0	0	0	0	0	0	0	0	0	0	0	0	0	0	0	0	0	0	0	0	0	0	0	0	0	0	0	0	0	0	0	0	0	0	0	0	0
67	28	5	4	0	12	51	3	28	0	3	0	8	3	1	2	2	4	0	2	0	0	7	0	3	2	0	2	0	2	2	0	3	2	0	1	0	1	0	0	1	1	0	0	0	0	1	0	1	0	1	0	0	0	0	0	0	0	0	0	0	0	0	0	1	0	1	0	0	0	0	0	0	1	0	0	0	0	0	0	0	0	0	0	0	0	0	0	0	0	0	0	1	0	0	0	1	0	0	0	0	0	0	0	0	0	0	2	0	0	0	0	0	0	0	0	0	0	0	0	0	0	0	0	0	0	0	0	0	0	0	0	0	0	0	0	0	0	0	0	0	0	0	0	0	0	0	0	0	1	0	0
103	47	1	6	0	19	102	29	40	2	12	0	12	4	1	3	1	11	0	3	0	0	6	0	3	3	0	1	3	2	0	1	4	2	0	0	0	0	0	0	3	0	1	0	0	0	3	0	0	0	2	1	3	0	1	0	0	2	0	0	1	0	0	0	0	0	0	0	0	2	0	0	0	1	0	0	1	0	1	0	0	0	1	0	0	0	0	0	0	0	0	0	0	0	0	0	0	0	0	0	0	0	0	0	0	1	0	1	0	0	0	0	0	0	0	0	0	0	0	0	0	0	0	0	0	0	0	0	0	0	0	0	1	1	0	0	0	0	1	0	0	0	0	0	0	0	0	0	0	0	0	0
4	2	0	0	0	0	2	0	0	0	0	0	0	0	0	0	0	0	0	0	0	0	0	0	0	0	0	0	0	0	0	0	0	0	0	0	0	0	0	0	0	0	0	0	0	0	0	0	0	0	0	0	0	0	0	0	0	0	0	0	0	0	0	0	0	0	0	0	0	0	0	0	0	0	0	0	0	0	0	0	0	0	0	0	0	0	0	0	0	0	0	0	0	0	0	0	0	0	0	0	0	0	0	0	0	0	0	0	0	0	0	0	0	0	0	0	0	0	0	0	0	0	0	0	0	0	0	0	0	0	0	0	0	0	0	0	0	0	0	0	0	0	0	0	0	0	0	0	0	0	0	0
5	0	0	0	0	0	3	0	3	0	0	0	0	0	0	0	0	0	0	0	0	0	0	0	0	0	0	0	0	0	0	0	0	0	0	0	0	0	0	0	0	0	0	0	0	0	0	0	0	0	0	0	0	0	0	0	0	0	0	0	0	0	0	0	0	0	0	0	0	0	0	0	0	0	0	0	0	0	0	0	0	0	0	0	0	0	0	0	0	0	0	0	0	0	0	0	0	0	0	0	0	0	0	0	0	0	0	0	0	0	0	0	0	0	0	0	0	0	0	0	0	0	0	0	0	0	0	0	0	0	0	0	0	0	0	0	0	0	0	0	0	0	0	0	0	0	0	0	0	0	0	0
46	15	2	8	0	11	28	8	17	0	5	1	1	0	0	0	2	5	0	2	0	0	2	1	1	0	0	1	0	0	0	0	0	1	0	0	0	0	2	0	0	0	0	2	0	0	0	0	2	0	1	0	0	0	1	0	2	0	0	0	0	0	1	0	1	0	0	0	0	0	0	0	0	0	0	0	0	0	0	0	0	0	0	0	1	1	0	0	0	0	0	0	0	0	0	0	0	0	0	0	0	0	0	1	0	0	0	0	0	0	0	0	0	0	0	0	0	0	1	0	0	0	0	0	0	0	0	0	0	0	0	0	0	0	0	0	0	0	0	0	0	0	0	0	0	0	0	0	0	0	0	0
29	10	0	0	0	5	22	8	16	2	1	0	4	0	0	0	0	1	0	1	0	0	2	0	0	2	0	0	0	1	0	0	0	0	0	0	0	0	0	0	0	0	0	0	0	0	0	0	0	0	0	0	0	0	0	0	0	0	0	0	0	0	0	0	0	0	0	0	0	0	0	0	0	0	0	0	0	0	0	0	0	0	0	0	0	2	0	0	0	0	0	0	0	0	0	0	0	0	0	0	0	0	0	0	0	0	0	0	0	0	0	0	0	0	0	0	0	0	0	0	0	0	0	0	0	0	0	0	0	0	0	0	0	0	0	0	0	0	0	0	0	0	0	0	0	0	0	0	0	0	0	0
90	39	2	7	1	20	100	22	37	3	8	2	9	1	0	3	1	10	1	0	0	0	7	0	5	4	0	1	2	8	0	4	1	1	0	0	0	0	0	2	0	1	0	0	0	0	2	1	3	1	0	0	1	0	0	0	3	2	0	0	0	0	2	0	0	0	0	1	1	2	0	0	0	2	0	0	0	0	0	0	0	0	0	0	0	0	1	0	0	0	1	1	0	0	0	0	0	0	0	0	0	1	0	0	0	0	0	0	0	0	1	0	0	0	0	0	1	0	2	0	0	0	1	0	0	0	0	0	0	0	0	1	0	1	0	0	0	0	1	0	0	0	0	0	0	0	0	0	0	0	0	0
65	27	2	5	1	9	43	6	31	1	6	0	5	3	1	0	1	7	2	0	0	1	1	1	1	0	0	1	1	1	0	0	1	2	0	0	0	3	1	0	4	1	0	0	1	1	1	0	2	0	0	1	0	0	0	0	0	0	0	0	0	0	0	0	0	0	0	0	1	1	0	0	0	1	0	0	0	0	0	0	0	0	0	0	0	0	1	0	0	0	0	0	0	0	0	0	0	1	0	0	1	1	0	0	0	0	0	0	0	0	1	1	0	0	0	0	0	0	1	0	0	0	0	0	0	0	0	0	0	0	0	0	0	0	0	0	0	0	0	0	1	0	0	1	0	1	0	0	0	0	0	0
11	1	1	3	0	2	13	3	1	1	0	0	0	0	1	0	0	1	0	1	0	0	0	1	0	0	0	0	0	0	1	0	0	0	0	0	0	0	0	0	0	0	0	2	1	0	0	0	0	0	0	0	0	0	0	0	0	0	0	0	0	0	0	0	0	0	0	0	0	0	0	0	0	0	0	0	0	0	0	0	0	0	0	0	0	0	0	0	0	0	0	0	0	0	0	0	0	0	0	0	0	0	0	0	0	1	0	0	0	0	0	0	0	0	0	0	0	0	0	0	0	0	0	0	0	0	0	0	0	0	0	0	0	0	0	0	0	0	0	0	0	0	0	0	0	0	0	0	0	0	0	0
10	5	0	2	0	1	10	2	10	1	1	0	2	0	0	0	0	0	0	1	0	0	0	0	0	0	0	0	0	0	0	0	2	0	0	0	0	0	2	0	0	1	0	0	0	0	0	0	0	0	0	0	0	0	0	0	0	0	0	0	0	1	0	0	0	0	0	0	0	0	0	0	0	0	0	0	0	0	0	0	0	0	0	0	0	0	0	0	0	0	0	0	0	0	0	0	0	0	0	0	0	0	0	0	0	0	0	0	0	0	0	0	0	0	0	0	0	0	0	0	0	0	0	0	0	0	0	0	0	0	0	0	0	0	0	0	0	0	0	0	0	0	0	0	0	0	0	0	0	0	0	0
36	10	0	7	0	7	23	8	9	1	1	0	2	3	0	1	3	4	1	1	0	0	1	0	3	0	0	0	0	0	0	0	1	0	0	0	0	0	0	0	0	0	0	0	0	0	1	0	1	0	1	0	0	0	0	0	0	0	0	0	0	0	0	0	0	1	0	0	0	0	0	1	0	0	1	0	0	0	1	0	0	0	0	0	0	0	0	0	1	0	0	0	0	1	0	0	0	0	0	0	0	1	0	0	0	0	0	0	0	0	0	0	0	0	0	0	0	0	0	0	0	0	0	0	0	0	0	1	0	0	0	0	0	0	0	0	0	0	0	0	0	0	0	0	0	0	0	1	0	0	0	0
14	5	1	0	0	3	8	1	4	0	0	0	2	0	0	1	1	2	0	2	0	0	2	0	0	0	0	0	0	2	0	0	0	1	0	0	0	0	0	0	0	0	0	0	0	0	0	0	0	0	0	0	0	0	0	0	0	0	0	0	0	0	0	0	0	0	0	0	0	0	0	0	0	0	0	0	0	0	0	0	0	0	0	0	0	0	0	0	0	0	0	0	0	0	0	0	0	0	0	0	0	0	0	0	0	0	0	0	0	0	0	0	0	0	0	0	0	0	0	0	0	0	0	0	0	0	0	0	0	0	0	0	0	0	0	0	0	0	0	0	1	0	0	0	0	0	0	0	0	0	0	0
36	11	1	2	0	4	18	5	8	0	2	0	1	1	0	1	2	7	0	0	0	1	1	0	0	0	0	0	0	1	0	0	0	0	0	0	0	0	0	0	0	0	0	0	0	0	0	0	0	0	1	0	0	0	0	0	1	0	0	0	0	0	0	0	0	0	0	0	0	1	0	0	0	0	0	0	0	0	0	0	0	0	0	0	0	0	0	0	0	0	0	0	0	0	0	0	0	0	0	0	0	0	0	0	0	0	0	0	0	0	0	0	0	0	0	0	0	0	0	0	0	0	0	0	0	0	0	0	0	0	0	0	0	0	0	1	0	0	0	0	0	0	0	0	1	0	0	0	0	0	0	0
16	9	0	0	0	5	12	4	9	0	2	0	1	0	0	0	0	2	0	0	0	0	0	0	1	0	0	0	0	0	0	0	1	0	0	0	0	0	0	0	0	0	0	0	0	0	0	1	0	0	0	0	0	0	0	0	0	0	0	0	0	0	0	0	0	0	0	0	0	1	0	0	0	0	0	0	0	0	0	0	0	0	0	0	0	0	0	0	0	0	0	0	0	0	0	0	0	0	0	0	0	0	0	0	0	0	0	1	0	0	0	0	0	0	0	0	0	0	0	0	0	0	0	0	0	0	0	0	0	0	0	0	0	0	0	0	0	0	0	0	0	0	0	0	0	0	0	0	0	0	0	0
65	16	1	7	0	12	42	5	19	0	7	0	5	1	0	2	0	4	1	0	0	0	1	0	1	0	0	1	0	3	1	0	3	2	0	0	0	0	0	0	0	1	0	0	1	0	0	1	1	0	0	0	0	0	0	0	0	0	0	0	0	0	0	0	1	0	0	0	3	0	0	0	0	0	0	0	1	0	0	0	0	0	0	0	0	0	0	0	0	0	0	0	0	1	1	0	0	0	0	0	0	0	0	0	0	0	0	1	0	0	0	0	0	0	0	0	0	1	0	0	0	0	0	0	0	0	0	0	0	0	0	0	0	0	0	0	0	0	0	0	0	0	0	1	0	1	0	0	0	0	0	0
31	7	3	0	0	2	21	6	12	0	4	0	2	2	0	1	0	5	0	1	0	0	1	0	0	0	0	0	2	1	0	1	1	0	0	0	0	0	0	0	0	1	0	0	0	0	0	0	2	0	0	0	0	0	0	0	1	0	0	0	0	0	0	0	1	0	0	0	1	0	0	0	0	0	0	0	0	0	0	0	0	0	0	0	0	0	0	0	0	0	0	0	0	0	0	0	0	0	0	0	0	0	0	0	0	0	0	1	0	0	0	0	0	0	0	0	0	0	0	0	0	0	0	0	0	0	0	0	0	0	0	0	0	0	0	0	0	0	0	1	0	0	0	0	0	0	0	0	0	0	0	0
0	0	0	0	0	1	1	0	0	0	0	0	0	0	0	0	0	0	0	0	0	0	0	0	0	0	0	1	0	0	0	0	0	0	0	0	0	0	0	0	0	0	0	0	0	0	0	0	1	0	0	0	0	0	0	0	0	0	0	0	0	0	0	0	0	0	0	0	0	0	0	0	0	0	0	0	0	0	0	0	0	0	0	0	0	0	0	0	0	0	0	0	0	0	0	0	0	0	0	0	0	0	0	0	0	0	0	0	0	0	0	0	0	0	0	0	0	0	0	0	0	0	0	0	0	0	0	0	0	0	0	0	0	0	0	0	0	0	0	0	0	0	0	0	0	0	0	0	0	0	0	0
16	3	2	4	0	1	12	3	10	0	0	0	2	0	0	0	0	3	0	0	0	0	0	0	1	0	0	0	0	0	0	0	0	0	0	0	0	0	0	0	1	0	0	0	0	0	1	0	0	0	0	0	0	0	1	0	0	0	0	0	0	0	0	0	0	0	0	0	0	1	0	0	0	1	0	0	0	0	0	0	0	0	1	0	0	0	0	0	0	0	0	0	0	0	0	0	0	0	0	0	0	0	0	0	0	0	0	0	0	0	0	0	0	0	0	0	0	0	0	1	0	0	0	0	0	0	0	0	0	0	0	0	0	0	0	0	0	0	0	0	0	0	0	0	0	0	0	0	0	0	0	0
25	17	1	2	0	6	37	12	13	0	4	0	2	0	0	1	1	5	1	1	0	0	1	0	1	0	0	0	0	0	0	0	6	0	0	0	0	0	0	1	1	0	0	0	0	0	0	0	0	0	0	0	0	0	0	0	0	0	0	0	0	0	1	0	0	0	0	0	2	0	0	0	0	0	0	0	1	0	0	0	0	0	0	0	0	0	0	1	0	0	0	0	0	2	0	0	0	0	0	0	0	0	0	0	0	0	0	0	0	0	0	0	0	0	0	0	0	0	0	0	0	0	0	0	0	0	0	0	0	0	0	1	0	0	0	0	0	0	0	0	0	0	0	0	0	0	0	0	0	0	0	0
1	0	0	0	0	0	1	0	0	1	0	0	0	0	0	0	0	0	0	0	0	0	0	0	0	0	0	0	0	0	0	0	0	1	0	0	0	0	0	0	0	0	0	0	0	0	0	0	0	0	0	0	0	0	0	0	0	0	0	0	0	0	0	0	0	0	0	0	0	0	0	0	0	0	0	0	0	0	0	0	0	0	0	0	0	0	0	0	0	0	0	0	0	0	0	0	0	0	0	0	0	0	0	0	0	0	0	0	0	0	0	0	0	0	0	0	0	0	0	0	0	0	0	0	0	0	0	0	0	0	0	0	0	0	0	0	0	0	0	0	0	0	0	0	0	0	0	0	0	0	0	0
14	6	0	1	0	2	11	5	5	0	1	0	1	0	0	0	0	0	0	1	0	0	0	0	1	0	0	0	0	0	0	0	0	1	0	0	0	0	0	0	0	0	0	0	0	0	0	0	0	0	0	0	0	0	0	0	0	0	0	0	0	0	0	0	0	0	0	0	0	0	0	0	0	0	0	0	0	0	0	0	0	0	0	0	0	0	0	0	0	0	0	0	0	0	0	0	0	0	0	0	0	0	0	0	0	0	0	0	0	0	0	0	0	0	0	0	0	0	0	0	0	0	0	0	0	0	0	0	0	0	0	0	0	0	0	0	0	0	0	0	0	0	0	0	0	0	0	0	0	0	0	0
9	3	0	0	0	1	3	4	6	0	1	0	0	1	0	0	0	0	0	1	0	0	1	0	0	0	0	0	0	0	0	0	2	0	0	0	0	0	0	0	0	0	0	0	0	0	0	0	0	0	0	0	0	0	0	0	0	0	0	0	1	0	0	0	0	1	0	0	0	0	0	0	0	0	0	0	0	0	0	0	0	0	0	0	0	0	0	0	0	0	0	0	0	0	0	0	0	0	0	0	0	0	0	0	0	0	0	0	0	0	0	0	0	0	0	0	0	0	0	0	0	0	0	0	0	0	0	0	0	0	0	0	0	0	0	0	0	0	0	0	0	0	0	0	0	0	0	0	0	0	0	0
15	6	1	1	0	3	8	1	4	0	2	0	1	0	0	0	1	0	0	0	0	0	0	0	0	0	0	1	0	2	0	0	0	0	0	0	0	0	0	0	0	0	0	0	0	0	0	0	0	0	0	0	0	0	1	0	0	0	1	0	0	0	0	0	0	0	0	0	0	0	0	0	0	0	0	0	0	0	0	0	0	0	0	0	0	0	0	0	0	0	0	0	0	0	0	0	0	0	0	0	0	0	0	0	0	0	0	0	0	0	0	0	0	0	0	0	0	0	0	0	0	0	0	0	0	0	0	0	0	0	0	0	0	0	0	0	0	0	0	0	0	0	0	0	0	0	0	0	0	0	0	0
2	5	0	1	0	0	1	0	0	0	1	0	0	1	0	0	0	0	0	0	0	0	0	0	0	0	0	0	0	0	0	1	0	0	0	0	0	0	0	0	0	0	0	0	0	0	0	0	0	0	0	0	0	0	0	0	0	0	0	0	0	0	0	0	0	0	0	0	0	0	0	0	0	0	0	0	0	0	0	0	0	0	0	0	0	0	0	0	0	0	0	0	0	0	0	0	0	0	0	0	0	0	0	0	0	0	0	0	0	0	0	0	0	0	0	0	0	0	0	0	0	0	0	0	0	0	0	0	0	0	0	0	0	0	0	0	0	0	0	0	0	0	0	0	0	0	0	0	0	0	0	0
1	0	0	0	0	1	1	0	1	0	0	0	0	0	0	0	0	0	0	0	0	0	0	0	0	0	0	0	0	0	0	0	0	0	0	0	0	0	0	0	0	0	0	0	0	0	0	0	0	0	0	0	0	0	0	0	0	0	0	0	0	0	0	0	0	0	0	0	0	0	0	0	0	0	0	0	0	0	0	0	0	0	0	0	0	0	0	0	0	0	0	0	0	0	0	0	0	0	0	0	0	0	0	0	0	0	0	0	0	0	0	0	0	0	0	0	0	0	0	0	0	0	0	0	0	0	0	0	0	0	0	0	0	0	0	0	0	0	0	0	0	0	0	0	0	0	0	0	0	0	0	0
46	15	1	3	1	5	24	6	23	0	5	0	5	0	0	0	4	5	0	1	0	0	0	0	1	0	0	0	0	0	0	1	2	0	0	0	0	1	1	0	1	1	0	0	0	0	1	0	0	0	0	0	1	0	0	0	0	0	0	0	0	0	0	0	1	0	0	0	0	0	0	0	0	0	0	0	0	0	0	0	0	0	0	0	0	1	0	0	0	1	0	0	0	0	0	0	1	0	0	0	0	0	0	0	0	0	0	1	0	0	0	0	0	0	0	0	0	0	0	0	0	0	1	0	0	0	0	0	0	0	0	0	0	0	0	0	0	0	0	0	0	0	0	0	0	0	0	1	0	0	0	0
4	3	0	0	0	0	2	0	1	0	0	0	0	0	0	0	0	0	0	0	0	0	0	0	0	0	0	0	0	0	0	0	0	0	0	0	0	0	0	0	0	0	0	0	0	0	0	0	0	0	0	0	0	0	0	0	0	0	0	0	0	0	0	0	0	0	0	0	0	0	0	0	0	0	0	0	0	0	0	0	0	0	0	0	0	0	0	0	0	0	0	0	0	0	0	0	0	0	0	0	0	0	0	0	0	0	0	0	0	0	0	0	0	0	0	0	0	0	0	0	0	0	0	0	0	0	0	0	0	0	0	0	0	0	0	0	0	0	0	0	0	0	0	0	0	0	0	0	0	0	0	0
11	2	0	0	0	2	2	1	1	0	0	0	1	0	0	0	0	1	0	0	0	0	0	0	0	0	0	0	0	1	0	0	0	1	0	0	0	0	0	0	0	0	0	0	0	0	0	0	0	0	0	0	0	0	0	0	0	0	0	0	0	0	0	0	0	0	0	0	0	0	0	0	0	0	0	0	0	0	0	0	0	0	0	0	0	0	0	0	0	0	0	0	0	0	0	0	0	0	0	0	0	0	0	0	0	0	0	0	0	0	0	0	0	0	0	0	0	0	0	0	0	0	0	0	0	0	0	0	0	0	0	0	0	0	0	0	0	0	0	0	0	0	0	0	0	0	0	0	0	0	0	0
12	4	1	1	0	3	6	2	6	1	1	0	0	0	0	0	0	1	1	0	0	0	1	0	0	0	0	0	0	0	0	0	0	0	0	0	0	0	0	0	0	0	0	0	0	0	0	0	0	0	0	0	0	0	0	0	0	0	0	0	0	0	0	0	0	0	0	0	0	1	0	0	0	0	0	0	0	0	0	0	0	0	0	0	0	0	0	0	0	0	0	0	0	0	0	0	0	0	0	0	0	0	0	0	0	0	0	0	0	0	0	0	0	0	0	0	0	0	0	0	0	0	0	0	0	0	0	0	0	0	0	0	0	0	0	0	0	0	0	0	0	0	0	0	0	0	0	0	0	0	0	0
4	3	0	3	0	0	6	0	2	0	0	0	0	0	0	0	0	0	0	0	0	0	0	0	0	0	0	0	0	0	0	0	0	0	0	0	0	0	0	0	0	0	0	0	0	0	1	1	0	0	0	0	0	0	0	0	0	0	0	0	0	0	0	0	0	0	0	0	0	0	0	0	0	0	0	0	0	0	0	0	0	0	0	0	0	0	0	0	0	0	0	0	0	0	0	0	0	0	0	0	0	0	0	0	0	0	0	0	0	0	0	0	0	0	0	0	0	0	0	0	0	0	0	0	0	0	0	0	0	0	0	0	0	0	0	0	0	0	0	0	0	0	0	0	0	0	0	0	0	0	0	0
0	1	0	0	0	0	3	1	0	0	0	0	0	0	0	0	0	0	0	0	0	0	0	0	0	0	0	0	0	0	0	0	0	0	0	0	0	0	0	0	0	0	0	0	0	0	0	0	0	0	0	0	0	0	0	0	0	0	0	0	0	0	0	0	0	0	0	0	0	0	0	0	0	0	0	0	0	0	0	0	0	0	0	0	0	0	0	0	0	0	0	0	0	0	0	0	0	0	0	0	0	0	0	0	0	0	0	1	0	0	0	0	0	0	0	0	0	0	0	0	0	0	0	0	0	0	0	0	0	0	0	0	0	0	0	0	0	0	0	0	0	0	0	0	0	0	0	0	0	0	0	0
46	15	0	4	1	6	22	4	16	2	2	0	2	1	0	2	0	6	0	0	0	1	0	0	0	0	0	0	0	1	0	0	1	0	0	0	0	0	0	0	0	0	0	0	0	0	0	0	0	0	1	0	1	0	0	0	1	0	0	0	0	0	1	0	1	0	0	0	1	0	0	0	0	1	0	0	0	0	0	0	0	0	0	0	0	0	0	0	0	0	1	0	0	0	0	0	0	0	0	0	0	0	1	0	0	0	0	0	0	0	1	0	0	0	0	0	0	0	0	0	0	0	0	0	0	0	0	0	0	0	0	0	1	0	0	0	0	0	0	0	0	0	0	0	0	0	0	0	0	0	0	0
6	0	0	0	0	1	3	2	2	0	0	0	1	0	0	0	0	1	0	0	0	0	1	0	0	0	0	0	0	0	0	0	1	0	0	0	0	0	0	0	0	0	0	0	0	0	0	0	0	0	0	0	0	0	0	0	0	0	0	0	0	0	0	0	0	0	0	0	0	0	0	0	0	0	0	0	0	0	0	0	0	0	0	0	0	0	1	0	0	0	0	0	0	0	0	0	0	0	0	0	0	0	0	0	0	0	0	0	0	0	0	0	0	0	0	0	0	0	0	0	0	0	0	0	0	0	0	0	0	0	0	0	0	0	0	1	0	0	0	0	0	0	0	0	0	0	0	0	0	0	0	0
27	11	0	1	0	7	22	7	10	1	2	0	1	0	0	1	1	6	0	3	0	0	2	0	1	0	0	2	0	4	0	0	1	1	0	0	0	0	0	0	1	0	0	1	0	0	0	0	0	0	0	0	1	0	0	0	0	0	0	0	0	0	1	0	0	0	0	0	0	0	0	0	0	0	0	0	0	0	0	0	0	0	0	0	0	0	1	0	0	0	0	0	0	0	0	0	0	0	0	0	0	0	1	0	0	0	0	0	0	0	0	0	0	0	0	0	0	0	0	0	0	0	0	0	0	1	0	0	0	0	0	0	0	0	0	0	0	0	0	0	0	0	0	0	0	0	0	0	0	0	0	0
15	12	0	1	0	3	14	6	3	0	0	0	0	1	0	0	0	1	0	0	0	0	1	0	0	0	0	0	0	1	0	0	1	0	0	0	0	0	0	0	0	0	0	0	0	0	0	0	1	0	0	0	0	0	1	0	0	0	0	0	0	0	0	0	0	0	0	0	0	0	0	0	0	0	0	0	0	0	0	0	0	0	0	0	0	0	0	0	0	0	0	0	0	0	0	0	0	0	0	0	0	0	0	0	0	0	0	0	0	0	0	0	0	0	0	0	0	0	0	0	0	0	0	0	0	0	0	0	0	0	0	0	0	0	0	0	0	0	0	0	0	0	0	0	0	0	0	0	0	0	0	0
1	1	0	0	0	0	1	1	0	0	0	0	0	0	0	0	0	0	0	0	0	0	0	0	0	0	0	0	0	0	0	0	0	0	0	0	0	0	0	0	0	0	0	0	0	0	0	0	0	0	0	0	0	0	0	0	0	0	0	0	0	0	0	0	0	0	0	0	0	0	0	0	0	0	0	0	0	0	0	0	0	0	0	0	0	0	0	0	0	0	0	0	0	0	0	0	0	0	0	0	0	0	0	0	0	0	0	0	0	0	0	0	0	0	0	0	0	0	0	0	0	0	0	0	0	0	0	0	0	0	0	0	0	0	0	0	0	0	0	0	0	0	0	0	0	0	0	0	0	0	0	0
51	12	1	6	0	5	29	2	21	0	5	0	6	0	0	1	0	4	0	1	0	0	1	0	2	0	0	0	0	3	0	0	0	0	1	0	0	1	0	0	0	0	0	0	0	0	0	0	0	0	0	1	2	0	0	0	0	1	0	0	0	0	0	0	0	0	0	0	0	0	0	0	0	0	1	0	1	0	0	0	0	0	1	0	0	1	0	0	0	0	0	0	0	1	0	1	0	0	0	1	0	0	0	0	0	0	0	0	0	0	0	0	0	0	0	0	0	0	0	0	0	0	0	0	0	0	0	0	0	0	0	0	0	0	0	0	0	0	0	0	1	0	0	0	0	0	0	0	0	0	0	0
0	0	0	1	0	1	5	0	0	0	0	0	0	0	0	0	0	0	0	0	0	0	0	0	0	0	0	0	0	0	0	0	0	0	0	0	0	0	0	0	0	0	0	0	0	0	0	0	0	0	0	0	0	0	0	0	0	0	0	0	0	0	0	0	0	0	0	0	0	0	0	0	0	0	0	0	0	0	0	0	0	0	0	0	0	0	0	0	0	0	0	0	0	0	0	0	0	0	0	0	0	0	0	0	0	0	0	0	0	0	0	0	0	0	0	0	0	0	0	0	0	0	0	0	0	0	0	0	0	0	0	0	0	0	0	0	0	0	0	0	0	0	0	0	0	0	0	0	0	0	0	0
17	8	0	1	0	5	12	6	9	0	6	0	0	0	0	0	0	0	0	0	0	0	0	0	0	0	0	0	0	0	0	0	2	0	0	0	0	0	0	0	0	0	0	0	0	0	1	0	0	0	0	0	0	0	0	0	0	1	0	0	0	0	0	0	0	0	0	0	0	0	0	0	0	0	0	0	0	0	0	0	0	0	0	0	0	0	0	0	1	0	0	0	0	0	0	0	0	0	0	0	0	0	0	0	0	0	1	0	0	0	0	1	0	0	1	0	1	0	0	0	0	0	0	0	0	0	0	0	0	0	0	0	0	0	0	0	0	0	0	0	1	0	0	0	0	0	0	0	0	0	0	0
9	5	0	1	1	2	7	1	5	0	1	0	0	1	0	0	0	1	0	0	0	0	0	0	0	0	0	0	0	0	0	0	0	0	0	0	0	0	0	0	0	0	0	0	0	0	0	0	0	1	0	0	0	0	0	0	0	0	0	0	0	0	0	0	0	0	0	0	0	0	0	0	0	0	0	0	0	0	0	0	0	0	0	0	0	0	0	0	0	0	0	0	0	0	0	0	0	0	0	0	0	0	0	0	0	0	0	0	0	0	0	0	0	0	0	0	0	0	0	0	0	0	0	0	0	0	0	0	0	0	0	0	0	0	0	0	0	0	0	0	0	0	0	0	0	0	0	0	0	0	0	0
15	2	0	1	1	3	14	5	6	1	1	0	1	1	0	0	0	0	0	1	0	0	1	0	1	0	0	0	0	1	0	2	0	0	0	0	0	0	0	0	0	0	0	0	0	0	0	0	1	0	0	0	0	0	0	1	1	0	0	0	0	0	0	0	0	1	0	0	0	0	0	0	0	0	0	0	1	0	0	0	0	0	0	0	0	0	0	0	0	0	0	0	0	0	0	0	0	0	0	1	0	1	0	0	0	0	0	0	0	0	0	0	0	0	0	0	0	0	0	0	0	0	0	0	0	0	0	0	0	0	0	0	0	0	0	0	0	0	0	0	0	0	0	0	0	0	0	0	0	0	0	0
4	4	1	0	0	1	7	1	2	0	1	0	0	0	0	1	1	1	0	0	0	0	1	0	0	0	0	0	0	0	0	1	0	0	0	0	0	0	0	0	2	0	0	0	0	0	1	0	0	0	0	0	0	0	0	0	0	0	0	0	0	0	0	0	0	0	0	0	0	0	0	0	0	0	0	0	0	0	0	0	0	0	0	0	0	0	0	0	0	0	0	0	0	0	0	0	0	0	0	0	0	0	0	0	0	0	0	0	0	0	0	0	0	0	0	0	0	0	0	0	0	0	0	0	0	0	0	0	0	0	0	0	0	0	0	0	0	0	0	0	0	0	0	0	0	0	0	0	0	0	0	0
5	3	0	1	0	0	5	0	2	0	0	0	1	0	0	0	0	1	0	0	0	0	1	0	0	0	0	0	0	0	0	0	1	0	0	0	0	0	0	0	0	0	0	0	0	0	0	0	0	0	0	0	0	0	0	0	0	0	0	0	0	0	0	0	0	0	0	0	0	0	0	0	0	0	0	0	0	0	0	0	0	0	0	0	0	0	0	0	0	0	0	0	0	0	0	0	0	0	0	0	0	0	0	0	0	0	0	0	0	0	0	0	0	0	1	0	0	0	0	0	0	0	0	0	0	0	0	0	0	0	0	0	0	0	0	0	0	0	0	0	0	0	0	0	0	0	0	0	0	0	0	0
19	4	0	4	0	3	21	4	8	0	4	0	2	0	0	0	0	1	0	0	0	0	0	1	0	0	0	0	0	1	0	0	1	0	0	0	0	0	0	0	0	1	0	0	0	0	0	0	0	0	0	0	0	0	0	0	2	0	0	0	0	0	0	0	0	0	0	0	0	0	0	0	0	1	0	0	0	0	1	0	0	0	0	0	0	0	0	0	1	0	0	0	0	0	0	0	0	0	0	0	0	1	0	0	0	0	0	0	0	0	0	0	0	0	0	0	0	0	0	0	0	0	0	0	0	0	0	0	0	0	0	0	1	0	0	0	0	0	0	0	0	0	0	0	0	0	0	0	1	0	0	0
3	3	0	0	0	2	4	0	3	0	0	0	1	0	0	0	0	1	0	0	0	0	0	0	0	0	0	0	0	0	0	0	0	0	0	0	0	0	1	0	0	0	0	0	0	1	0	0	0	0	0	0	0	0	0	0	0	0	0	0	0	0	0	0	0	0	0	0	0	0	0	0	0	0	0	0	0	0	0	0	0	0	0	0	0	0	0	0	0	0	0	0	0	0	0	0	0	0	0	0	0	0	0	0	0	0	0	0	0	0	0	0	0	0	0	0	0	0	0	0	0	0	0	0	0	0	0	0	0	0	0	0	0	0	0	0	0	0	0	0	0	0	0	0	0	0	0	0	0	0	0	0
3	0	0	0	0	0	0	0	0	0	0	0	0	0	0	0	0	0	0	0	0	0	0	0	0	0	0	0	0	1	0	0	0	0	0	0	0	0	0	0	0	0	0	0	0	0	1	0	0	0	0	0	0	0	0	0	0	0	0	0	0	0	0	0	0	0	0	0	0	0	0	0	0	0	0	0	0	0	0	0	0	0	0	0	0	0	0	0	0	0	0	0	0	0	0	0	0	0	0	0	0	0	0	0	0	0	0	0	0	0	0	0	0	0	0	0	0	0	0	0	0	0	0	0	0	0	0	0	0	0	0	0	0	0	0	0	0	0	0	0	0	0	0	0	0	0	0	0	0	0	0	0
9	5	0	0	0	3	10	1	4	0	3	0	1	1	0	0	0	0	0	0	0	0	0	0	0	0	0	0	0	1	0	0	0	0	0	0	0	0	0	0	0	0	0	0	0	0	0	0	0	0	0	0	0	0	0	0	0	0	0	0	0	0	0	0	0	0	0	0	0	0	0	0	0	0	0	0	0	0	0	0	0	0	0	0	0	0	0	0	0	1	0	0	0	0	0	0	0	0	0	0	0	0	0	0	0	0	0	0	0	0	0	0	0	0	0	0	0	0	0	0	0	0	1	0	0	0	0	0	0	0	0	0	0	0	0	0	0	0	0	0	0	0	0	0	0	0	0	0	0	0	0	0
58	13	1	4	0	11	32	7	12	0	3	0	4	0	0	0	1	9	0	1	0	0	3	0	1	0	0	2	0	0	1	0	2	3	0	0	0	0	0	0	0	0	0	0	0	0	1	0	0	0	0	0	0	0	0	0	1	0	0	0	0	1	0	0	0	0	0	0	1	0	0	0	0	3	0	0	1	0	0	0	0	0	0	0	0	0	0	0	0	1	1	0	0	0	0	0	0	0	0	0	0	0	0	0	0	0	1	1	0	1	0	0	0	0	1	0	1	0	0	0	0	0	0	0	0	0	0	0	0	0	0	0	0	0	0	0	0	0	0	0	1	0	0	0	0	0	0	0	0	0	0	0
3	1	0	1	0	2	7	0	1	0	0	0	0	1	0	0	0	1	0	1	0	0	0	0	0	0	0	0	0	0	0	0	0	0	0	0	0	0	0	0	0	0	0	0	0	0	0	0	0	0	0	0	0	0	0	0	0	0	0	0	0	0	0	0	0	0	0	0	0	0	0	0	0	0	0	0	0	0	0	0	0	0	0	0	0	0	0	0	0	0	0	0	0	0	0	0	0	0	0	0	0	0	0	0	0	0	0	0	0	0	0	0	0	0	0	0	0	0	0	0	0	0	0	0	0	0	0	0	0	0	0	0	0	0	0	0	0	0	0	0	0	0	0	0	0	0	0	0	0	0	0	0
5	0	0	1	0	0	0	0	0	0	0	0	0	0	0	0	1	0	0	0	0	0	0	0	0	0	0	0	0	0	0	0	0	0	0	0	0	0	0	0	0	0	0	0	0	0	0	0	0	0	0	0	0	0	0	0	0	0	0	0	0	0	0	0	0	0	0	0	0	0	0	0	0	0	0	0	0	0	0	0	0	0	0	0	0	0	0	0	0	0	0	0	0	0	0	0	0	0	0	0	0	0	0	0	0	0	0	0	0	0	0	0	0	0	0	0	0	0	0	0	0	0	0	0	0	0	0	0	0	0	0	0	0	0	0	0	0	0	0	0	0	0	0	0	0	0	0	0	0	0	0	0
23	6	1	1	0	1	12	2	8	1	1	0	1	1	0	0	0	1	0	1	0	0	0	0	2	0	0	0	0	0	0	0	0	0	0	0	0	1	0	0	0	0	0	0	0	0	0	0	0	0	0	0	0	0	0	0	1	0	0	0	0	0	0	0	0	0	0	0	0	0	0	0	0	0	0	0	0	0	0	0	0	0	0	0	0	0	0	0	0	0	0	0	0	0	0	0	1	0	0	0	0	0	0	0	0	0	0	0	0	0	0	0	0	0	0	0	0	0	0	0	0	0	0	0	0	0	0	0	0	0	0	0	0	0	0	0	0	0	0	0	0	0	0	0	0	0	0	0	0	0	0	0
14	1	0	0	1	0	10	1	6	0	1	0	1	0	0	0	0	2	0	0	0	0	0	0	0	1	0	0	1	0	0	0	0	1	0	0	0	0	0	0	0	0	0	0	0	0	0	0	0	0	0	0	0	0	0	0	0	0	0	0	0	0	0	0	0	0	0	0	0	0	0	0	0	0	0	0	0	0	0	0	0	0	0	0	0	0	0	0	0	0	0	0	0	0	0	0	0	0	0	0	0	0	0	0	0	0	0	0	0	0	0	0	0	0	0	0	0	0	0	0	0	0	0	0	0	0	0	0	0	0	0	0	0	0	0	1	0	0	0	0	0	0	0	0	0	0	0	0	0	0	0	0
0	4	1	0	0	1	2	0	1	0	0	0	2	1	0	0	0	0	0	0	0	0	2	0	1	0	0	0	0	0	0	0	0	0	0	0	0	0	0	0	0	0	0	0	0	0	0	0	0	0	0	0	0	0	1	0	0	0	0	0	0	0	0	0	0	0	0	0	0	0	0	0	0	0	0	0	0	0	0	0	0	0	0	0	0	0	0	0	0	0	0	0	0	0	0	0	0	0	0	0	0	0	0	0	0	0	0	0	0	0	0	0	0	0	0	0	0	0	0	0	0	0	0	0	0	0	0	0	0	0	0	0	0	0	0	0	0	0	0	0	0	0	0	0	0	0	0	0	0	0	0	0
14	5	0	4	0	3	10	6	6	0	0	0	5	0	0	0	0	2	1	1	0	0	1	0	1	0	0	0	0	1	0	0	0	1	0	0	0	0	0	0	0	1	0	0	0	0	0	0	0	0	0	0	0	0	0	0	0	0	0	0	0	0	0	0	0	0	0	0	0	1	0	0	0	0	0	0	0	0	0	0	0	0	0	0	0	0	0	0	0	0	0	0	0	1	0	0	0	0	0	0	0	0	0	0	0	0	0	0	0	0	0	0	0	0	0	0	0	0	0	0	0	0	0	0	0	0	0	0	0	0	0	0	0	0	0	0	0	0	0	0	0	0	0	0	0	0	0	0	0	0	0	0
