2161	4150	504	7020	1254	647	375	767	951	421	388	67	235	50	184	336	54	207	259	22	287	102	27	191	398	129	66	138	100	123	502	9	13	19	1	28	46	26	46	66	51	10	51	115	33	2	7	58	41	25	9	9	139	46	22	116	1	15	24	24	120	70	6	15	63	11	7	33	8	82	0	22	12	13	29	8	9	33	3	24	9	3	18	19	7	32	11	36	1	22	27	10	7	10	7	5	12	6	20	4	0	9	17	3	10	3	2	3	5	31	6	23	6	10	8	7	2	16	10	9	15	8	18	9	0	23	10	2	16	3	4	6	2	3	4	7	27	2	3	0	4	25	1	0	6	17	8	9	2	7	6	1	2
541	964	126	1658	275	183	97	179	207	109	94	19	47	7	41	95	7	48	60	3	66	32	8	58	86	39	17	39	20	32	117	1	5	5	0	13	13	9	12	18	16	2	14	24	12	0	0	12	9	6	1	0	31	14	6	26	1	8	5	8	30	13	3	6	13	2	0	4	2	23	0	3	6	3	5	2	1	15	0	11	3	0	3	1	4	8	2	10	1	3	9	1	2	6	0	1	2	1	3	1	1	0	6	0	4	1	0	1	2	11	4	2	0	4	1	2	0	4	2	1	2	0	1	1	0	11	2	1	3	1	2	0	0	4	0	1	6	0	0	0	0	5	0	0	2	8	1	1	1	0	2	0	1
5267	9555	1157	15995	2991	1516	806	1854	2173	1088	884	197	550	96	420	812	126	504	531	63	634	253	59	410	910	284	164	270	215	296	1177	23	44	47	2	73	122	100	96	175	86	26	114	202	81	1	22	115	112	62	24	17	299	115	97	277	2	50	63	39	271	138	20	50	170	24	16	73	25	189	1	45	32	21	76	23	18	98	0	68	32	14	45	40	10	82	28	89	4	50	61	29	22	24	11	11	29	7	49	11	0	12	29	7	44	13	8	3	25	57	15	56	12	25	11	13	6	26	17	22	25	14	35	31	6	61	36	13	32	3	16	6	3	8	10	14	62	5	7	2	11	46	12	6	29	40	21	25	2	22	22	6	6
1152	2094	292	3612	677	321	189	395	506	238	199	45	127	19	112	198	35	112	105	12	161	61	14	95	230	65	37	67	65	72	255	8	8	9	1	15	21	19	14	39	29	6	33	48	20	0	8	29	20	11	6	2	73	34	10	64	0	14	15	5	66	27	4	11	28	6	4	18	5	44	0	16	5	6	15	1	8	18	0	18	4	0	10	11	1	20	8	18	0	7	19	5	4	5	3	0	5	1	8	0	0	3	6	0	7	1	2	0	3	15	6	11	2	0	3	3	1	11	7	5	0	1	5	6	1	10	3	1	3	0	3	0	1	3	1	6	12	4	3	0	2	12	1	3	4	10	4	10	2	3	3	2	0
2726	4810	597	8198	1407	847	414	938	1017	525	452	103	289	60	212	413	64	230	287	24	347	118	35	192	497	151	79	125	118	148	561	9	27	30	4	28	50	45	43	97	49	17	57	110	50	1	7	50	62	29	17	14	153	65	54	128	1	23	36	17	126	81	10	29	78	15	8	31	13	104	0	31	14	6	42	9	8	40	0	42	11	8	22	17	6	30	10	50	3	19	33	12	9	13	4	10	14	4	23	6	3	3	15	3	20	3	2	2	5	32	4	29	9	5	6	5	5	23	4	8	22	3	18	10	2	26	16	5	19	0	7	2	2	5	3	6	41	2	0	2	2	17	3	0	11	19	6	18	2	10	12	2	3
132	267	46	431	98	35	22	48	65	24	26	2	14	2	17	22	5	14	16	1	19	2	3	9	22	8	6	3	9	12	38	0	0	0	0	0	1	4	3	6	6	0	2	8	5	1	1	2	4	2	0	0	12	3	1	7	0	3	4	4	8	2	0	2	6	0	2	1	0	4	0	1	0	0	2	1	0	5	0	0	0	0	1	2	0	1	1	2	0	1	1	1	1	1	0	0	1	2	0	0	0	0	1	0	2	0	0	0	2	1	1	2	0	0	0	1	1	0	1	0	0	0	2	0	1	3	1	0	0	1	0	1	0	0	1	1	3	0	0	0	0	3	1	0	0	0	0	2	0	0	0	1	1
77	135	17	221	49	26	9	20	33	18	15	3	8	0	6	21	1	6	7	2	10	5	1	4	16	4	2	4	4	5	20	0	0	1	0	2	1	1	3	2	2	2	1	0	0	0	1	1	1	0	1	0	2	2	0	5	0	0	2	0	3	6	0	0	2	0	1	4	0	3	0	0	0	0	1	0	0	2	0	1	0	0	0	0	1	2	1	1	1	0	0	0	2	0	1	0	0	0	0	0	0	0	0	0	0	0	0	0	1	0	1	1	0	0	0	0	1	2	0	1	0	0	0	0	0	1	0	0	0	0	0	0	0	0	0	0	1	0	0	0	0	3	0	0	0	1	0	0	0	0	0	0	0
49	83	12	158	31	14	4	15	29	14	12	0	8	0	4	10	1	10	8	0	2	4	0	5	14	4	3	3	2	4	9	0	0	0	0	1	2	1	0	2	1	0	0	1	1	0	0	3	4	1	1	0	3	0	1	2	0	0	1	0	1	2	0	0	2	1	0	1	0	1	0	0	0	0	1	0	0	1	0	1	0	1	0	0	0	0	2	0	0	0	1	2	0	0	0	0	0	0	2	1	0	0	0	0	0	0	0	0	1	0	0	1	0	1	1	0	0	0	0	0	0	0	0	0	0	0	0	0	0	0	0	0	0	0	0	0	0	0	0	0	0	1	0	0	1	0	0	0	1	0	0	0	0
413	890	106	1339	252	150	74	170	181	82	64	13	48	14	30	65	10	48	43	3	55	19	7	45	83	33	12	22	16	25	101	1	3	3	0	10	4	10	4	19	8	3	9	23	6	0	1	7	6	4	1	1	17	16	12	19	0	7	1	6	24	12	3	5	10	2	0	4	1	17	0	7	3	2	5	0	1	12	0	5	2	3	4	4	2	8	1	10	0	5	5	1	5	4	1	2	0	1	1	2	0	5	2	1	2	0	0	0	1	4	3	5	0	1	0	0	0	2	0	2	1	3	3	3	1	2	3	1	3	0	1	0	0	2	0	0	8	0	0	0	2	5	0	0	1	7	3	1	1	1	0	3	1
678	1176	163	2104	374	203	115	208	264	128	104	19	65	21	49	93	17	45	67	7	75	25	14	54	97	34	22	23	30	42	139	1	6	8	1	15	13	10	15	19	7	2	10	31	13	1	5	18	5	9	4	4	45	17	11	32	1	6	11	3	41	15	2	8	22	2	1	10	3	27	0	7	1	2	5	1	0	10	0	13	4	1	5	5	0	13	0	8	0	9	5	3	2	1	2	3	4	3	3	2	0	7	3	0	3	2	0	0	2	7	5	4	2	3	3	2	0	5	4	2	2	3	11	3	2	4	0	1	1	0	0	2	0	3	0	3	7	0	3	0	1	1	0	1	7	3	5	3	0	1	4	0	0
491	891	115	1475	254	162	89	168	189	102	72	17	57	10	45	84	5	44	61	4	72	20	8	34	86	27	16	30	15	27	105	1	5	4	0	4	8	9	10	13	12	2	7	26	12	0	2	7	8	2	4	1	30	17	6	25	0	5	9	6	30	13	0	7	21	5	1	2	5	21	0	4	3	2	5	0	2	11	0	6	1	2	1	4	0	7	2	12	0	6	4	4	2	1	0	1	2	0	3	0	0	1	4	0	3	2	0	0	1	5	1	4	2	1	2	1	2	2	4	1	2	0	5	3	1	6	2	2	6	0	0	0	0	3	2	0	5	0	0	1	0	2	0	0	5	4	3	3	0	1	3	0	0
1251	2240	283	3765	673	365	178	375	482	256	188	37	123	26	103	189	39	128	124	11	120	60	25	89	228	75	42	71	49	70	287	2	9	7	1	16	27	16	18	38	28	4	23	54	20	0	5	24	27	11	1	4	60	21	22	70	0	18	17	12	69	30	4	10	31	4	10	12	2	39	0	9	7	2	17	6	1	28	0	10	4	5	9	8	3	17	6	20	1	10	12	7	8	5	0	3	7	2	11	3	0	4	5	1	7	4	3	2	3	12	3	7	7	5	5	7	1	9	1	4	8	2	14	5	0	16	7	5	7	1	2	1	2	7	3	4	13	0	0	1	0	10	4	1	14	5	2	5	2	2	5	2	1
342	561	69	1063	163	92	44	128	122	63	58	15	32	11	35	49	6	36	31	5	37	19	2	39	58	20	7	20	11	29	82	1	2	3	0	4	9	2	8	17	9	4	4	10	2	0	0	9	4	2	0	3	15	12	7	18	0	3	2	1	20	10	1	0	8	4	0	6	1	12	0	3	2	1	3	2	0	4	0	4	2	0	1	1	0	6	4	4	0	5	4	0	1	1	0	0	1	1	0	0	0	1	3	0	2	0	0	2	0	2	0	6	0	1	0	0	1	6	2	1	2	1	4	0	1	1	4	3	1	0	0	1	0	0	0	1	2	0	0	1	1	4	0	0	0	4	1	6	0	1	1	0	0
271	480	57	821	150	87	39	96	123	49	43	13	34	8	23	39	5	19	19	3	35	14	2	25	25	11	5	13	10	15	77	1	0	2	0	2	11	6	4	9	7	2	3	13	5	0	0	6	5	3	2	1	18	9	5	17	0	2	5	1	19	7	0	3	9	0	1	4	2	6	0	2	2	3	3	1	1	5	0	2	1	0	0	0	1	2	1	6	0	2	2	2	0	1	0	1	0	0	0	0	0	0	1	0	1	0	0	0	5	2	0	3	1	0	0	0	1	0	3	0	1	2	2	1	0	4	4	1	0	0	0	1	0	0	1	1	1	0	1	0	2	4	0	0	2	0	0	1	0	1	0	0	1
80	172	21	320	47	17	16	37	34	23	15	1	13	1	10	9	3	17	11	1	12	3	3	6	17	3	4	1	1	6	22	1	2	1	0	2	1	1	1	3	4	2	3	4	1	0	0	5	2	1	1	1	5	0	0	2	0	1	1	1	11	0	0	1	2	1	0	1	0	4	0	0	0	1	0	0	0	1	0	0	2	0	1	2	0	1	1	1	0	0	1	0	0	1	1	0	0	0	0	0	0	0	0	2	1	1	0	0	0	1	1	1	0	1	0	0	0	0	0	1	1	1	2	0	0	1	1	0	3	0	0	0	0	0	0	0	4	0	0	0	1	0	0	0	1	0	0	1	0	1	1	1	1
66	117	15	202	43	21	11	21	21	16	11	1	8	1	2	11	2	4	4	1	10	4	0	2	14	4	2	4	2	2	12	1	2	0	0	0	1	0	0	2	2	0	1	0	1	0	1	1	0	1	0	0	7	1	0	0	0	0	0	0	2	2	1	1	1	0	0	0	0	3	0	1	0	0	0	0	0	0	0	0	0	0	2	0	0	2	0	2	0	0	1	0	0	0	0	0	0	0	1	1	0	0	1	0	0	0	0	0	0	0	0	0	0	0	0	0	0	0	0	0	0	0	0	1	0	0	0	1	0	0	0	0	0	0	0	1	0	0	0	0	0	2	0	0	0	0	1	0	0	0	1	0	0
97	159	18	290	67	27	14	42	39	25	13	4	16	1	6	18	2	9	9	1	12	2	0	12	18	4	3	9	5	3	22	1	0	0	0	0	1	1	2	2	0	0	2	4	3	0	0	1	0	1	0	0	6	2	1	4	0	1	0	2	5	6	0	3	3	0	1	0	0	6	0	0	0	0	1	0	0	0	0	2	1	0	1	0	0	1	1	1	0	0	1	0	1	0	0	0	0	1	2	0	0	0	1	0	3	0	1	0	0	2	1	1	0	0	0	0	0	0	0	0	0	0	3	1	0	3	0	0	1	0	0	0	0	1	1	0	0	0	1	0	0	0	0	0	0	1	0	2	0	2	0	0	0
395	759	78	1309	213	117	69	126	176	81	65	17	42	9	37	61	6	47	25	3	33	12	5	29	68	22	11	26	15	33	102	3	4	7	0	6	10	4	12	13	6	4	4	21	7	1	1	15	7	3	1	1	24	14	5	12	0	5	7	3	14	10	2	4	20	1	2	5	0	10	0	6	1	1	7	1	1	9	0	4	3	0	3	4	2	5	1	7	0	3	3	4	3	3	1	1	3	0	6	0	0	3	1	0	1	0	0	2	1	2	2	3	0	1	1	1	0	2	2	0	1	0	2	1	0	5	4	1	2	1	2	0	2	1	1	2	3	1	1	0	0	2	1	0	6	2	2	1	1	0	1	0	0
71	134	16	235	54	21	14	26	26	11	18	2	7	1	7	22	3	12	13	2	13	7	2	9	27	3	2	0	3	7	22	0	1	1	0	1	1	1	3	3	6	1	3	2	1	0	0	0	1	1	0	0	4	1	1	5	0	1	1	0	5	4	0	1	0	0	0	1	0	3	0	1	0	0	0	0	0	2	0	2	0	0	0	2	0	2	0	2	0	1	0	0	0	0	0	0	0	0	0	0	0	0	0	0	2	0	0	0	0	1	0	0	0	0	0	0	0	0	0	0	1	0	1	0	0	0	0	1	0	0	0	0	0	0	0	0	1	0	0	0	0	0	0	0	1	0	1	0	0	0	0	0	0
26	55	8	91	12	8	6	9	11	6	5	3	2	1	4	6	0	1	1	1	2	0	0	3	3	1	2	5	1	1	8	0	0	0	0	1	0	0	1	0	1	0	1	2	1	0	0	0	1	0	0	0	3	0	0	3	0	0	0	0	4	2	0	0	0	1	0	0	0	0	0	1	0	0	3	0	0	0	0	1	0	0	0	0	0	0	0	1	0	0	0	0	0	0	0	0	0	0	1	0	0	1	0	0	0	0	0	0	0	1	0	1	0	0	0	0	0	0	0	0	0	0	0	0	0	0	1	0	0	0	0	0	0	0	0	0	0	0	0	0	0	0	0	0	0	0	0	1	0	0	0	0	0
50	102	12	181	28	5	6	23	29	11	11	2	7	0	8	6	0	7	8	0	9	1	0	6	7	3	2	0	2	5	11	1	1	0	0	0	1	0	0	0	2	1	0	3	1	0	0	2	1	1	1	0	2	3	1	3	0	0	0	0	5	1	0	2	1	0	0	0	0	1	0	0	0	0	2	0	0	1	0	1	0	0	0	1	0	1	1	2	0	0	1	1	0	0	0	0	1	0	1	0	0	0	0	0	0	0	0	0	0	1	0	1	1	1	0	0	0	0	0	0	1	0	1	0	0	0	0	0	2	0	0	0	0	0	0	0	0	0	0	0	0	0	0	0	0	0	0	2	0	0	0	0	0
20	43	1	67	14	3	3	3	9	4	5	0	5	0	1	4	0	3	3	0	1	0	1	1	3	2	1	0	0	0	5	0	0	1	0	0	0	2	0	2	0	0	0	1	0	0	0	0	0	1	0	0	2	0	0	1	0	0	0	0	2	1	1	0	0	0	0	0	0	0	0	0	1	0	1	0	0	0	0	0	0	0	0	0	0	0	0	0	0	0	0	0	0	0	0	0	1	0	0	0	0	0	0	0	0	0	0	0	1	1	0	0	0	0	0	0	0	0	0	0	0	0	1	0	0	1	0	0	0	0	0	0	0	0	0	1	0	0	0	0	0	0	0	0	0	0	0	0	0	0	0	0	0
176	309	44	535	101	53	27	62	70	37	42	8	12	2	17	30	2	16	30	1	20	8	2	14	30	13	6	11	5	12	42	0	0	1	0	2	3	3	1	10	3	0	5	8	3	0	1	0	5	0	1	0	9	3	5	18	0	1	0	3	15	3	2	1	9	0	0	1	0	4	0	1	2	2	3	0	0	1	0	2	0	0	2	0	0	3	0	0	1	5	0	0	1	2	1	0	0	0	0	0	0	0	5	1	1	0	0	0	1	1	0	0	0	1	0	0	0	2	0	2	0	0	3	0	1	4	1	0	1	0	2	0	0	0	0	0	1	0	0	0	0	1	0	0	0	0	2	1	0	0	0	0	0
333	655	103	1114	204	108	75	149	144	85	62	11	38	6	36	68	8	32	39	4	51	21	8	37	68	20	17	25	17	22	80	1	2	4	0	4	5	6	6	10	11	2	3	14	5	0	1	13	4	6	2	1	14	7	10	22	0	2	8	2	20	7	3	1	13	1	1	5	0	15	0	5	4	0	7	0	2	7	0	10	2	1	3	1	0	3	1	5	0	2	4	2	3	4	2	0	1	1	0	0	0	3	2	0	1	0	0	1	1	1	0	6	2	0	1	0	1	1	1	0	2	1	3	4	2	4	0	0	3	0	2	0	0	0	0	1	1	0	1	0	0	1	0	1	2	1	0	4	0	1	0	0	0
88	167	24	254	62	33	15	36	38	12	20	2	14	0	12	15	2	9	11	1	14	6	0	6	11	8	3	5	2	7	13	0	1	0	0	2	4	0	0	5	0	1	2	4	5	0	2	0	3	1	0	1	4	4	3	8	0	1	0	0	2	2	0	0	2	1	0	0	1	1	0	1	0	0	0	1	0	0	0	1	0	0	1	2	0	3	0	1	0	1	1	0	1	1	0	1	1	0	0	1	0	0	1	0	1	1	0	1	1	1	0	1	0	1	0	0	0	0	0	0	0	0	1	0	0	1	0	0	0	0	0	0	0	0	0	1	0	0	1	0	0	0	0	0	0	0	0	1	0	0	0	0	0
37	81	8	139	26	7	10	17	15	7	6	1	7	0	2	12	1	6	1	0	6	1	0	4	6	1	0	2	3	2	11	0	0	0	0	0	3	0	0	0	0	0	2	0	1	0	0	1	2	0	0	2	3	0	2	1	0	1	0	1	3	1	0	1	1	1	0	1	1	1	0	0	0	0	1	0	1	0	0	0	0	0	1	0	0	0	0	2	0	0	0	0	1	1	0	1	1	1	0	0	0	0	1	0	0	0	0	0	0	0	0	1	0	1	0	0	0	0	1	0	0	0	0	2	0	0	0	0	0	0	0	0	0	0	0	0	0	0	0	0	0	1	0	0	2	1	0	0	0	0	0	0	0
138	234	27	406	83	29	19	50	60	29	21	6	18	2	13	29	5	14	12	2	18	10	3	13	26	10	3	12	12	4	25	0	3	3	0	3	3	5	1	9	1	2	1	6	3	0	1	7	1	2	2	1	9	6	2	3	0	2	1	3	5	3	0	0	9	0	0	1	0	4	0	0	1	1	2	2	2	3	0	1	2	3	0	0	0	3	1	1	0	0	2	1	2	1	1	0	2	0	1	0	0	0	2	0	5	1	0	0	2	1	0	0	0	0	0	0	0	0	1	1	2	0	1	2	0	4	0	0	0	0	0	0	0	1	1	2	1	0	0	0	1	0	0	0	0	0	0	0	0	1	0	0	1
85	130	18	228	45	12	14	14	26	21	15	3	9	1	6	8	3	8	6	1	10	3	0	7	14	6	4	1	3	6	15	0	0	1	0	1	0	1	0	6	1	1	1	2	0	0	0	0	3	2	0	1	5	2	1	8	0	1	1	1	1	0	0	1	3	1	0	4	0	0	0	1	0	0	2	1	0	2	0	0	0	1	1	0	0	2	0	1	0	0	0	0	0	0	0	0	0	1	0	0	0	0	0	0	0	0	0	0	0	3	0	1	1	0	0	0	0	0	0	0	0	0	0	2	0	1	0	0	1	0	0	1	0	0	0	0	2	0	0	0	0	1	0	0	0	0	0	0	0	1	0	0	1
22	29	11	69	8	7	3	10	5	6	4	1	0	0	1	4	1	1	1	1	2	0	0	2	5	1	1	0	0	0	4	0	0	0	0	1	0	0	0	0	1	0	0	0	0	0	0	0	0	0	0	0	1	0	0	4	0	0	0	0	2	1	1	0	0	0	0	0	1	2	0	0	0	0	0	0	0	1	0	0	0	1	0	0	0	0	0	0	0	0	0	0	0	0	0	0	0	0	0	0	0	0	0	0	0	0	0	0	0	0	0	0	0	0	0	0	0	0	0	0	0	0	0	0	0	0	0	0	0	0	0	0	0	0	0	0	0	1	0	0	0	0	0	0	0	0	0	0	0	1	0	1	0
49	94	9	144	20	16	7	13	23	17	9	3	4	0	6	9	1	2	8	2	3	1	0	7	14	3	2	0	1	4	8	0	1	0	0	1	3	1	1	2	0	0	1	1	0	0	0	0	1	0	1	0	0	1	1	0	0	0	0	0	4	0	0	0	1	0	0	1	0	1	0	0	0	0	1	0	0	1	0	2	1	0	1	1	0	1	0	1	0	0	0	0	0	0	0	0	0	0	0	0	0	0	0	0	0	1	0	0	0	0	0	0	0	0	0	0	0	0	0	0	0	0	2	0	0	1	1	0	0	0	1	0	0	0	0	0	0	0	0	0	0	1	0	0	0	1	0	0	0	0	0	1	0
38	59	3	94	15	3	8	9	10	7	7	0	1	0	2	8	0	2	4	0	1	1	0	2	5	1	1	3	1	1	6	0	0	0	0	0	2	1	1	1	0	0	0	1	0	0	0	1	0	0	0	0	1	2	2	2	0	0	1	0	1	0	0	2	1	0	0	0	0	1	0	0	0	0	0	0	0	0	0	1	0	0	0	0	0	0	0	0	0	0	2	0	0	0	0	0	0	0	0	0	0	0	0	0	0	0	0	0	0	0	0	1	0	0	1	0	1	0	0	0	0	0	0	0	0	0	0	0	0	0	0	0	0	0	0	0	2	0	0	0	0	1	0	0	0	0	1	1	0	0	0	0	0
66	135	15	233	44	30	17	35	33	14	11	4	10	1	9	17	0	8	11	0	13	5	2	7	16	3	4	6	1	4	12	0	0	1	0	2	0	2	2	4	2	0	0	3	1	0	0	2	2	3	1	0	3	1	0	7	0	1	0	1	2	4	0	0	2	0	1	0	1	7	0	0	0	0	0	0	0	1	0	0	0	0	1	0	0	1	1	0	0	0	3	0	0	0	0	0	0	0	0	1	0	0	0	0	2	1	0	1	0	1	0	0	0	0	0	0	0	0	1	0	0	0	2	0	1	3	0	0	0	0	0	0	0	0	0	0	2	0	0	0	0	1	0	0	0	0	1	1	0	0	0	0	0
13	26	3	39	7	2	1	5	5	2	3	0	2	0	2	1	0	0	2	0	0	0	2	1	2	2	1	0	1	3	2	0	1	0	0	0	0	0	2	2	0	0	1	1	0	0	0	0	0	0	0	0	1	1	0	1	0	0	1	0	0	0	0	1	0	0	0	0	0	2	0	0	0	0	0	0	0	1	0	0	1	1	0	0	0	0	0	0	0	0	0	0	0	0	0	0	0	0	0	0	0	0	0	0	0	0	0	0	0	0	0	1	0	0	0	0	0	0	0	0	0	0	0	0	0	0	0	0	0	0	0	0	0	0	0	0	1	0	0	0	0	0	0	0	0	0	0	0	0	0	0	0	0
35	44	7	87	14	9	4	13	12	6	9	0	1	1	1	2	1	4	4	0	1	0	0	2	4	2	0	1	3	3	4	0	0	0	0	1	1	1	0	1	0	0	1	1	0	0	0	0	0	0	0	0	2	0	1	2	0	1	0	1	2	0	0	0	0	2	0	1	2	1	0	0	0	0	0	0	0	1	0	0	0	0	1	0	0	0	0	2	0	0	0	0	0	0	0	0	0	0	0	0	0	0	0	0	0	0	0	0	0	0	0	0	0	0	0	0	0	0	0	0	0	0	0	0	0	0	0	1	0	0	0	0	0	0	0	0	2	0	0	0	0	0	0	0	0	0	0	0	0	1	0	0	1
19	38	8	54	14	4	5	5	14	4	5	1	5	0	2	3	0	0	5	0	4	0	2	2	3	2	0	1	1	3	6	0	0	0	0	0	0	1	0	1	0	0	0	3	0	0	0	2	0	1	0	0	3	0	0	0	0	2	0	0	1	1	0	0	1	0	0	0	0	0	0	0	0	0	0	1	0	0	0	0	0	0	0	0	0	0	0	0	0	0	0	0	0	0	0	0	0	0	1	0	1	0	0	0	0	0	0	0	0	0	0	0	1	0	0	0	0	0	0	0	0	0	0	0	0	1	0	0	0	0	0	0	0	0	0	0	0	0	0	0	0	0	1	0	0	0	0	0	0	0	1	0	0
3	21	2	28	6	5	2	3	3	1	2	1	2	0	0	1	0	0	2	0	1	0	1	1	2	0	0	1	0	0	3	0	0	0	0	0	1	0	0	0	0	0	0	0	0	0	0	1	0	0	0	0	2	0	0	1	0	0	0	0	0	0	0	0	0	0	0	0	0	0	0	0	0	0	1	0	0	1	0	0	0	0	0	0	0	0	0	0	0	0	0	0	0	0	0	0	0	0	0	0	0	0	0	0	0	0	0	0	0	0	0	1	0	1	0	0	0	0	0	0	0	0	0	0	0	1	0	0	0	0	0	0	0	0	0	0	0	0	0	0	0	0	0	0	0	0	0	0	0	0	0	0	0
158	288	36	463	79	38	17	56	59	23	21	6	20	2	13	27	6	14	20	0	20	9	0	6	19	8	7	7	4	11	27	0	0	3	0	1	1	1	3	6	2	1	3	3	2	0	0	4	1	3	1	0	9	0	1	7	0	0	1	2	6	5	1	1	3	0	0	2	3	9	0	0	0	0	3	1	0	2	0	1	0	1	2	1	0	2	2	1	0	0	3	1	0	0	0	0	0	0	0	0	0	2	1	0	1	0	0	0	0	1	0	4	0	0	0	0	1	2	0	1	2	2	0	1	0	0	0	1	2	0	0	0	0	0	0	1	5	0	0	0	0	1	0	0	0	2	1	0	0	0	0	0	0
96	157	20	286	46	24	10	32	38	14	22	4	6	0	5	5	2	10	9	3	17	1	0	11	17	7	2	3	3	4	21	0	1	0	0	2	1	2	2	4	3	0	2	3	0	0	0	1	1	0	2	0	11	1	2	5	0	2	0	2	9	2	1	1	0	0	0	0	0	1	0	0	0	0	0	0	1	4	0	0	1	0	0	0	1	1	0	0	0	0	1	1	1	0	0	1	0	0	1	0	0	0	0	0	1	0	0	0	3	0	0	1	1	0	0	0	0	1	0	0	1	1	0	0	0	1	1	1	0	0	0	0	0	0	0	0	1	0	0	1	0	0	0	0	0	0	0	2	0	0	0	0	0
48	80	10	131	22	14	7	11	15	10	9	0	4	1	3	5	0	2	2	1	2	1	0	2	8	3	1	1	1	3	7	0	0	1	0	0	0	0	2	4	0	0	1	4	0	0	0	1	1	1	0	1	1	1	1	2	0	0	0	1	0	2	0	0	1	1	0	0	0	2	0	0	0	0	0	0	0	0	0	0	0	0	0	0	0	1	0	0	0	1	0	0	0	0	0	0	0	0	0	0	0	0	0	0	0	0	0	0	0	0	1	0	0	0	0	0	0	0	0	0	0	0	0	0	0	0	0	0	0	0	0	0	0	0	0	0	3	0	0	0	0	0	0	0	1	0	0	0	0	0	0	0	0
9	17	1	27	2	1	1	2	1	2	1	0	0	0	1	2	0	1	1	0	1	0	0	1	1	1	0	1	0	0	2	0	0	0	0	0	0	0	0	1	0	0	0	0	0	0	0	0	0	0	0	0	3	0	0	0	0	0	0	0	0	0	0	0	0	0	0	0	0	0	0	0	0	0	0	0	0	0	0	0	0	0	0	0	0	1	1	1	0	0	0	0	0	0	0	0	0	0	0	0	0	0	0	0	0	0	0	0	0	0	0	0	0	0	0	0	0	0	0	0	0	0	0	0	0	0	0	0	0	0	0	0	0	0	0	0	0	0	0	0	0	0	0	0	0	0	0	1	0	0	0	0	0
2	8	2	30	1	2	2	4	2	3	1	0	0	0	1	2	0	0	0	0	3	0	0	0	1	1	0	1	0	0	0	0	0	0	0	2	1	0	0	0	0	0	0	0	0	0	0	0	0	0	0	0	0	1	0	0	0	0	0	0	1	0	0	0	0	0	0	0	0	0	0	0	0	0	0	0	0	1	0	0	0	0	0	0	0	0	0	0	0	0	0	0	0	0	0	0	0	0	0	0	0	0	0	0	0	0	0	0	0	0	0	0	0	0	0	0	0	0	0	0	0	0	1	0	0	0	0	0	0	0	0	0	0	0	0	0	0	0	0	0	0	0	0	0	0	0	0	0	0	0	0	0	0
67	112	16	189	29	14	11	20	29	11	7	2	7	0	7	10	2	7	5	0	8	2	1	6	7	5	4	4	2	2	19	0	2	0	0	0	1	1	1	2	1	0	0	3	1	0	0	1	1	0	0	0	4	4	0	1	0	2	2	0	5	1	0	0	3	0	0	0	0	2	0	1	0	0	1	0	0	1	0	1	0	0	0	0	0	1	0	0	0	0	3	0	0	0	1	0	0	0	1	1	0	1	0	1	0	1	0	0	0	1	1	1	0	0	0	0	0	1	1	0	1	0	0	0	1	1	2	0	1	0	0	0	0	0	0	1	0	0	0	0	0	1	0	0	0	0	0	0	0	1	0	0	0
33	41	7	79	12	5	7	11	9	4	6	1	4	0	3	1	1	4	2	0	2	0	2	2	0	1	0	2	2	0	8	0	1	0	0	0	0	1	0	0	0	0	1	1	0	0	0	1	0	0	0	0	0	0	0	3	0	1	0	0	4	0	0	0	0	0	0	2	1	0	0	0	0	0	0	0	0	0	0	1	0	0	0	2	0	0	0	1	0	0	0	0	0	0	0	0	0	0	0	0	0	0	0	0	0	0	0	0	0	0	1	1	0	0	0	0	0	0	0	0	0	0	0	0	0	0	0	0	0	0	0	0	0	0	0	0	0	0	0	0	0	0	0	0	1	0	0	0	0	1	0	0	0
9	17	2	40	8	3	2	8	2	4	2	0	3	0	1	0	0	2	2	0	1	0	0	3	0	2	0	0	1	1	3	0	0	0	0	0	0	0	0	0	0	0	0	0	0	0	0	0	1	0	0	0	1	0	0	1	0	0	0	0	1	0	0	0	1	0	0	1	0	0	0	0	0	0	0	0	0	0	0	0	0	0	0	0	0	0	0	0	0	0	0	0	0	0	0	0	0	0	0	0	0	0	0	1	1	0	0	0	0	0	0	0	0	0	0	0	0	0	0	0	0	0	0	0	0	0	0	0	0	0	0	0	0	1	0	0	0	0	0	0	0	0	0	0	0	0	0	0	0	0	0	0	0
49	78	9	146	24	12	5	9	17	11	3	2	5	0	2	9	3	3	2	0	2	2	0	7	5	2	1	1	0	0	9	0	0	0	0	0	1	3	1	3	2	0	1	4	1	0	0	1	5	0	1	1	1	0	1	3	0	2	1	0	1	1	1	0	2	0	0	0	0	0	0	0	0	0	2	2	0	0	0	1	0	0	0	0	0	0	0	1	0	0	0	0	0	0	0	0	1	0	1	0	0	0	0	0	1	0	0	0	0	3	0	0	0	0	0	0	0	0	0	0	0	0	0	0	0	0	0	2	0	0	0	0	0	0	0	0	1	0	0	0	0	0	0	0	0	0	0	0	0	0	0	0	0
15	41	9	64	12	9	4	9	11	2	1	0	1	0	0	3	1	3	2	1	1	1	0	1	1	0	1	0	0	3	6	0	0	0	0	1	0	0	0	0	0	1	1	0	0	0	0	0	0	0	0	0	4	1	0	1	0	0	0	0	1	0	0	0	0	0	0	0	0	2	0	0	0	0	0	0	0	2	0	0	0	1	0	0	0	0	0	0	0	1	0	0	0	0	0	0	0	0	0	0	0	0	1	0	0	0	0	0	0	0	0	0	0	0	0	0	0	0	0	0	0	0	0	0	0	2	0	0	0	0	0	0	0	0	0	0	0	0	0	0	0	0	0	0	0	1	0	0	0	0	0	1	0
10	21	3	30	5	2	0	3	2	2	1	0	0	0	0	5	0	0	1	0	2	1	0	0	3	0	0	1	1	3	3	0	0	0	0	0	0	0	0	0	0	0	1	2	0	0	0	0	0	0	0	0	1	0	1	1	0	0	0	0	2	0	0	1	0	0	0	0	0	1	0	0	1	0	0	0	0	0	0	0	1	0	0	0	0	0	0	0	0	0	0	0	0	0	0	0	1	0	0	0	0	0	0	0	0	0	0	0	0	0	0	0	0	0	0	1	0	1	0	0	0	0	0	0	0	0	0	0	0	0	0	0	0	0	0	0	0	0	0	0	0	0	0	0	0	0	0	0	0	0	0	0	0
109	197	29	268	57	30	15	40	32	22	17	2	10	2	7	28	2	7	9	1	13	4	0	8	20	6	0	4	4	10	17	0	0	0	0	2	1	3	1	0	2	0	3	5	2	0	1	4	2	2	0	1	8	1	2	4	0	1	0	0	7	5	0	3	1	0	0	3	1	4	0	1	1	1	2	0	0	2	0	2	0	0	2	1	0	3	0	1	0	0	0	0	0	0	0	0	1	0	1	0	0	0	0	0	0	0	0	0	1	1	0	3	0	1	0	1	0	0	0	0	1	0	1	0	0	2	0	0	0	0	0	1	0	0	0	0	3	0	0	0	0	2	0	0	1	0	0	1	0	0	0	0	1
15	20	4	55	9	2	1	3	9	4	2	1	0	0	1	3	1	0	2	0	2	0	0	6	2	0	1	1	0	1	0	0	1	0	0	1	0	0	0	2	0	0	0	0	1	0	0	1	1	0	0	0	0	0	0	0	0	0	0	0	0	2	0	1	0	0	0	0	0	0	0	0	0	0	1	0	0	1	0	0	0	0	0	0	0	0	0	0	0	0	0	0	0	0	0	0	0	0	0	0	0	0	1	0	0	0	0	0	0	1	0	1	0	0	0	0	0	0	0	0	0	0	0	0	0	0	0	0	0	0	0	0	0	0	0	0	0	0	0	0	0	0	0	0	0	0	0	0	0	1	0	0	0
75	144	24	210	49	19	13	21	22	11	16	2	6	0	8	13	2	7	3	1	5	4	3	6	14	6	1	4	2	2	11	0	0	0	0	0	1	1	0	3	4	0	0	0	2	0	0	1	0	0	1	1	6	3	2	8	0	0	1	0	2	4	0	0	2	0	0	0	0	3	0	0	1	0	3	1	1	3	0	2	0	0	1	0	0	2	2	0	0	0	2	0	1	1	0	0	0	0	1	0	0	0	2	0	1	0	0	0	0	2	0	0	0	0	0	1	0	0	0	1	1	0	1	2	0	2	0	0	1	0	1	0	0	0	0	0	1	0	0	0	0	1	0	0	0	1	0	0	0	0	1	0	1
47	91	11	191	32	20	8	19	27	8	11	3	6	2	5	9	1	7	5	0	3	2	0	7	15	3	5	4	2	5	13	0	0	0	0	2	1	2	1	1	1	0	0	6	1	0	0	1	1	1	0	1	1	0	2	3	0	1	0	2	3	1	0	0	0	0	0	3	1	2	0	0	0	0	1	1	0	1	0	0	0	0	1	0	0	1	0	1	0	0	1	0	0	0	0	0	1	0	0	0	0	0	1	0	0	0	0	0	0	0	0	0	1	0	0	0	0	2	0	0	1	0	0	0	0	0	0	0	0	0	0	0	0	0	0	1	1	0	0	0	0	1	0	0	0	1	1	0	0	0	0	0	0
9	21	6	39	10	6	4	6	9	0	1	1	0	0	0	4	1	4	1	0	1	0	0	1	4	0	1	1	1	2	6	0	0	0	0	0	0	0	0	1	0	0	1	0	0	0	0	1	1	0	1	0	2	0	0	0	0	0	0	0	1	0	0	1	0	0	0	1	0	0	0	0	0	1	0	0	0	0	0	0	0	0	0	0	0	0	1	0	0	0	1	0	0	0	0	0	0	0	0	0	0	0	1	0	1	0	0	0	0	0	0	0	0	0	1	0	0	0	0	0	0	0	0	0	0	1	0	0	1	0	0	0	0	0	0	0	0	0	0	0	0	0	0	0	1	0	0	0	0	0	0	0	0
34	51	8	119	18	12	2	13	10	3	6	1	3	0	5	2	2	3	6	0	2	1	2	4	8	2	0	2	1	4	11	0	0	1	0	0	0	0	0	2	1	0	2	2	0	0	0	3	0	2	0	1	0	1	0	2	0	0	0	2	1	2	0	1	0	0	0	0	1	3	0	0	0	0	1	0	0	0	0	1	0	0	0	1	0	1	0	1	0	0	2	0	0	0	0	0	0	0	0	0	0	0	0	0	1	0	0	0	0	0	0	0	0	0	0	1	0	0	0	0	0	0	1	0	0	1	0	0	1	0	0	0	0	0	0	0	3	0	0	0	0	1	0	0	0	0	1	0	0	0	0	0	0
20	51	8	88	10	14	2	8	17	5	7	0	4	1	2	2	0	5	3	1	2	2	0	2	7	3	1	2	1	1	8	0	0	0	0	0	0	0	1	2	0	0	0	1	0	0	0	0	0	0	0	0	0	0	1	3	0	0	0	1	1	0	0	1	0	0	0	0	0	0	0	0	0	0	0	0	0	1	0	2	0	0	1	0	0	0	1	1	0	1	0	0	0	1	0	0	0	0	0	0	0	0	0	0	0	0	0	0	0	1	1	0	0	0	0	0	0	0	0	0	0	0	0	0	0	2	0	0	1	0	0	0	0	0	0	0	1	0	0	0	0	0	0	0	0	0	0	1	0	0	0	0	0
3	6	0	9	3	0	2	1	0	0	0	0	0	0	1	0	0	0	1	0	1	0	0	0	1	0	0	1	0	0	0	0	0	0	0	0	0	0	0	0	1	0	0	1	0	0	0	0	0	0	0	0	0	0	0	0	0	0	0	0	0	0	0	0	0	0	0	0	0	0	0	0	0	0	0	0	0	0	0	0	0	0	0	0	0	0	0	0	0	0	0	0	0	0	0	0	0	0	0	0	0	0	0	0	0	0	0	0	0	0	0	0	0	0	0	0	0	0	0	0	0	0	0	0	0	0	0	0	0	0	0	0	0	0	0	0	0	0	0	0	0	0	0	0	0	0	0	0	0	0	0	0	1
29	53	9	79	19	4	3	5	11	5	5	0	2	1	2	2	0	3	1	1	6	2	1	4	6	2	3	1	3	3	12	0	1	0	0	0	0	0	0	4	0	0	1	0	0	0	0	2	0	1	0	0	1	0	0	3	0	0	0	0	3	0	0	0	2	0	0	0	1	2	0	1	0	0	0	0	0	0	0	1	1	0	0	1	0	1	0	1	0	0	0	0	0	1	0	0	0	0	0	0	0	0	1	0	0	0	0	0	0	0	0	1	1	0	1	0	0	0	0	0	0	0	0	1	0	0	0	0	0	0	0	0	0	0	0	0	1	0	0	0	0	0	0	0	1	0	0	0	0	0	0	0	0
30	41	6	69	11	4	1	6	9	6	6	2	1	0	0	4	1	1	3	0	6	0	0	1	4	1	0	0	1	1	8	0	0	0	0	0	0	0	1	0	0	0	0	2	1	0	0	0	0	0	1	0	4	1	0	0	0	0	0	0	1	1	0	0	0	0	0	0	0	0	0	0	0	0	1	0	0	0	0	0	0	0	1	0	0	0	0	0	0	0	0	0	0	0	0	0	0	0	0	0	0	0	0	0	0	0	0	0	0	0	0	0	0	0	0	0	0	0	0	0	0	0	1	0	0	1	0	0	0	0	0	0	0	0	0	0	0	0	0	0	0	0	1	0	0	0	0	0	0	0	0	0	0
46	65	6	122	28	10	6	13	16	3	6	2	5	0	2	6	0	2	0	1	2	1	1	4	8	1	0	1	1	4	8	0	0	0	0	0	2	0	2	2	1	0	0	1	0	0	0	2	0	0	0	0	3	2	0	1	0	0	0	0	3	1	0	0	0	0	0	0	0	1	0	2	0	0	0	0	0	0	0	0	0	0	0	0	0	2	0	0	0	0	0	0	0	0	0	0	0	0	1	0	0	0	0	0	0	0	0	0	0	0	0	0	1	1	0	0	0	1	1	0	0	0	0	0	0	2	0	0	0	0	1	0	0	1	0	1	0	0	0	0	0	0	0	0	1	0	0	0	0	0	0	0	0
2	5	0	7	1	0	1	1	2	0	0	1	0	0	0	0	0	0	3	0	0	2	0	0	0	0	0	1	0	0	0	0	0	0	0	0	0	0	0	0	0	0	0	0	0	0	0	0	0	0	0	0	0	0	0	0	0	0	0	0	0	0	0	0	0	0	0	0	0	0	0	0	0	0	0	0	0	0	0	0	0	0	0	0	0	0	0	0	0	0	0	0	0	0	0	0	0	0	0	0	0	0	0	0	0	0	0	0	0	0	0	0	0	0	0	0	0	0	0	0	0	0	0	0	0	0	0	0	0	0	0	0	0	0	0	0	0	0	0	0	0	0	0	0	0	0	0	0	0	0	0	0	0
1	1	2	9	0	1	0	0	0	1	1	0	0	0	0	1	0	0	0	0	0	0	0	0	0	0	0	1	0	1	0	0	0	1	0	0	0	0	0	0	0	0	0	0	0	0	0	0	0	0	0	0	0	0	0	0	0	0	0	0	0	0	0	0	0	0	0	0	0	0	0	0	0	0	0	0	0	0	0	0	0	0	0	0	0	0	0	0	0	0	0	0	0	0	0	0	0	0	0	0	0	0	0	0	0	0	0	0	0	0	0	0	0	0	0	0	0	0	0	0	0	0	0	0	0	0	0	0	0	0	0	0	0	0	0	0	0	0	0	0	0	0	0	0	0	0	0	0	0	0	0	0	0
8	24	1	33	6	2	2	6	7	1	2	0	0	0	1	0	1	4	2	1	3	0	0	0	2	0	0	1	1	0	1	0	0	0	0	0	0	0	0	2	0	0	0	1	1	0	0	0	2	0	0	0	2	0	0	0	0	0	0	0	0	0	0	0	0	0	0	0	0	0	0	0	0	0	0	0	0	0	0	0	0	0	0	0	0	0	0	0	0	0	0	0	0	0	0	0	0	0	0	0	0	0	0	0	0	0	0	0	0	0	0	0	0	0	0	0	0	0	0	0	1	0	0	0	0	0	0	0	0	0	0	0	0	0	0	0	1	0	0	0	0	1	0	0	0	0	0	0	0	0	0	0	0
14	29	2	59	10	2	1	10	4	4	2	0	1	3	1	0	0	2	5	0	1	1	1	2	2	0	0	1	0	1	1	0	0	0	0	0	0	0	1	0	0	0	1	0	0	0	0	0	0	0	0	0	1	1	0	0	0	0	1	1	0	1	0	0	1	0	0	0	0	2	0	0	0	1	0	0	0	0	0	0	0	0	0	0	0	0	0	0	0	0	0	0	0	0	0	0	1	0	0	0	0	0	0	0	0	0	0	0	0	0	0	0	0	0	1	0	0	1	0	0	0	0	0	0	0	0	0	0	0	0	0	0	0	0	0	0	1	0	0	0	0	0	0	0	0	0	0	0	0	0	0	0	0
17	26	4	55	7	0	3	6	10	3	2	1	1	2	1	2	1	1	2	3	1	0	0	3	3	0	0	2	0	2	6	1	0	0	0	0	1	0	1	0	0	0	0	0	0	0	0	0	0	0	0	0	2	1	0	1	0	0	1	1	1	0	0	0	0	0	0	0	0	0	0	0	0	0	0	0	0	0	0	0	0	0	0	0	0	0	0	0	0	0	0	1	0	0	0	0	0	0	0	0	0	0	0	0	0	0	0	0	1	0	0	0	0	0	0	0	0	0	0	0	0	0	0	0	1	0	0	0	0	0	0	0	0	0	0	0	1	0	0	0	0	0	0	0	0	0	0	0	0	0	0	0	0
20	36	1	39	5	4	4	7	7	3	1	1	0	0	3	1	0	1	6	0	4	2	0	2	0	4	2	0	1	1	3	0	0	0	0	0	1	0	1	1	1	0	0	1	0	0	0	0	1	0	0	0	0	0	0	2	0	0	0	0	2	1	0	0	0	0	0	0	0	1	0	1	0	0	0	0	0	0	0	0	0	0	0	0	0	0	0	0	0	1	0	1	0	0	0	0	0	0	0	0	0	0	1	0	0	0	0	0	0	1	0	1	0	1	0	0	0	0	0	0	0	0	0	0	0	1	0	0	0	0	0	0	0	0	0	0	0	0	0	0	0	0	0	0	0	0	0	0	0	0	0	0	0
8	15	1	23	8	3	2	6	1	0	2	2	0	0	0	1	0	2	1	0	1	1	0	1	0	0	0	1	0	0	1	0	0	0	0	0	0	0	0	0	1	0	0	0	0	0	0	0	1	0	0	0	1	0	0	0	0	1	0	0	1	1	0	0	0	0	0	0	0	0	0	0	0	0	0	0	0	0	0	0	0	0	0	0	0	0	0	0	0	0	0	0	0	0	0	0	0	0	0	0	0	0	0	0	0	0	0	0	0	0	0	0	0	0	0	0	0	0	0	0	0	0	0	0	0	0	0	0	0	0	0	0	0	0	0	0	0	0	0	0	0	0	0	0	0	0	0	0	0	0	0	0	0
4	4	1	21	3	0	0	1	3	0	0	1	0	0	0	1	0	0	0	0	2	1	0	0	1	0	0	0	0	0	0	0	0	0	0	0	0	0	0	0	0	0	0	0	0	0	0	0	0	0	0	0	0	0	0	0	0	0	0	0	1	0	0	0	0	0	0	0	0	0	0	0	0	0	1	0	0	0	0	0	0	0	0	0	0	0	0	0	0	0	0	0	0	0	0	0	0	0	0	0	0	0	0	0	0	0	0	0	0	0	1	0	0	0	0	0	0	0	0	0	0	0	0	0	0	0	0	0	0	0	0	0	0	0	0	0	0	0	0	0	0	0	0	0	0	0	0	0	0	0	0	0	0
27	27	2	55	11	2	3	7	4	5	1	2	4	0	2	5	0	1	3	0	3	1	0	0	5	2	0	0	2	1	2	0	0	0	0	0	0	0	0	0	0	0	1	2	0	0	0	0	0	0	0	0	2	0	0	0	0	0	0	1	1	1	0	0	2	0	0	0	0	0	0	0	1	0	1	0	0	0	0	0	0	0	0	0	0	1	0	0	0	0	1	0	0	0	0	0	0	0	0	0	0	0	0	0	0	0	0	0	0	0	0	0	0	0	0	0	0	0	0	0	0	0	0	1	0	0	0	0	0	0	0	0	0	0	0	0	0	0	0	0	0	1	0	0	0	0	0	0	1	0	0	0	0
7	9	2	18	1	0	2	2	3	1	0	0	1	0	3	1	0	0	3	0	0	0	0	1	0	0	0	0	0	0	1	0	0	0	0	0	0	0	0	0	0	0	1	0	0	0	0	0	0	0	0	0	0	0	0	0	0	0	0	0	1	0	0	0	0	0	0	0	0	0	0	0	0	0	0	0	0	0	0	0	1	0	0	0	0	0	0	1	0	0	0	0	0	0	0	0	0	0	0	0	0	0	0	0	0	0	0	0	0	0	0	1	0	0	0	0	0	0	0	0	0	0	0	0	0	0	1	0	1	0	0	0	0	0	0	0	0	0	0	0	0	0	0	0	0	0	0	0	0	0	0	0	0
1	2	1	5	1	2	0	0	0	0	1	0	0	0	0	0	0	1	1	0	1	0	0	0	0	0	2	0	0	0	2	0	0	0	0	0	0	0	0	0	0	0	0	0	0	0	0	0	0	0	0	0	0	0	0	0	0	0	0	0	0	0	0	0	0	0	0	0	0	0	0	0	0	0	0	0	0	0	0	0	0	0	0	0	0	0	0	0	0	0	0	0	0	0	0	0	0	0	0	0	0	0	0	0	0	0	0	0	0	0	0	0	0	0	0	0	0	0	0	0	0	0	0	0	0	0	0	0	0	0	0	0	0	0	0	0	0	0	0	0	0	0	0	0	0	0	0	0	0	0	0	0	0
6	10	1	16	4	0	0	3	1	0	0	0	1	0	0	1	0	1	0	0	0	0	0	1	0	0	0	0	0	1	1	0	0	0	0	0	0	0	0	0	1	0	0	0	0	0	0	0	0	0	0	0	0	0	0	0	0	0	0	0	0	0	0	0	0	0	0	0	0	1	0	0	0	0	0	0	0	0	0	0	0	0	0	0	0	0	0	0	0	0	0	0	0	0	0	0	0	0	0	0	0	0	0	0	0	0	0	0	0	0	0	0	0	0	0	0	0	0	0	0	0	0	0	1	0	0	0	0	0	0	0	0	0	0	0	0	0	0	0	0	0	0	0	0	0	0	0	0	0	0	0	0	0
7	7	0	12	0	0	0	1	2	2	2	0	0	0	0	0	0	0	0	0	1	0	0	0	0	0	0	1	0	0	1	0	0	0	0	0	0	0	0	0	0	0	0	0	0	0	0	0	0	0	0	0	0	0	1	0	0	0	0	0	0	1	0	0	0	0	0	0	0	0	0	0	0	0	0	0	0	0	0	0	0	0	0	0	0	0	0	1	0	0	0	0	1	0	0	0	0	0	0	0	0	0	0	0	0	0	0	0	0	1	0	0	0	0	0	0	0	0	0	0	0	0	0	0	0	0	1	0	0	0	0	0	0	0	0	0	0	0	0	0	0	0	0	0	0	0	0	0	0	0	0	0	0
16	27	3	56	6	5	6	4	4	2	6	1	1	1	1	1	0	0	1	0	1	0	1	0	6	2	1	1	0	1	2	0	0	0	0	0	1	0	1	0	0	0	0	2	0	0	0	0	0	0	0	0	1	0	0	2	0	0	0	0	0	0	0	0	1	0	0	0	0	0	0	0	0	0	0	0	0	0	0	0	0	0	0	0	0	0	0	0	0	0	1	0	0	1	0	0	0	0	0	0	0	0	0	0	0	0	0	0	0	0	1	1	0	0	0	0	0	0	0	0	0	0	0	0	0	0	1	0	0	0	0	0	0	0	0	0	0	0	0	0	0	0	0	0	0	1	0	0	0	0	0	0	0
7	7	1	29	3	3	1	2	2	0	1	0	0	0	0	0	0	1	1	0	1	0	0	0	1	0	0	0	1	0	0	0	0	0	0	0	0	0	1	0	0	0	1	0	0	0	0	1	0	0	0	0	1	0	0	0	0	1	0	0	0	0	0	0	1	0	0	0	0	0	0	0	0	0	0	0	0	0	0	0	0	0	0	0	0	0	0	0	0	1	0	0	0	0	0	0	0	0	0	0	0	0	0	0	0	0	0	0	0	0	0	0	0	0	0	0	0	0	0	0	0	0	0	0	0	0	0	0	0	0	0	0	0	0	0	0	0	0	0	0	0	0	0	0	0	0	0	0	0	0	0	0	0
6	6	0	12	1	0	0	0	1	0	0	0	0	0	0	0	0	0	0	0	0	0	0	0	0	0	0	0	0	0	0	0	1	0	0	0	0	0	0	0	0	0	0	0	1	0	0	0	0	0	0	0	0	0	0	0	0	0	0	0	0	0	0	0	0	0	0	0	0	0	0	0	0	0	0	0	0	0	0	0	0	0	0	0	0	0	0	1	0	0	0	0	0	0	0	0	0	0	0	0	0	0	0	0	1	0	0	0	0	0	0	0	0	0	0	0	0	0	0	0	0	1	0	1	0	0	0	0	0	0	0	0	0	0	0	0	0	0	0	0	0	0	0	0	0	0	0	0	0	0	0	0	0
2	6	0	4	0	0	1	0	0	1	0	0	1	0	1	0	0	0	0	0	0	0	0	1	1	0	0	0	0	0	0	0	0	0	0	0	0	0	0	0	0	0	0	0	1	0	0	0	0	0	0	0	0	0	0	0	0	0	0	0	0	0	0	0	0	1	0	0	0	0	0	0	0	0	0	0	0	0	0	0	0	0	0	0	0	0	0	0	0	0	0	0	0	0	0	0	0	0	0	0	0	1	0	0	0	0	0	0	0	0	0	0	0	0	0	0	0	0	0	1	0	0	0	0	0	0	0	0	0	0	0	0	0	0	0	0	0	0	0	0	0	0	0	0	0	0	0	0	0	0	0	0	0
11	39	3	60	8	5	0	5	5	2	2	1	4	0	3	1	2	2	1	0	4	0	0	0	1	1	1	1	1	1	3	0	0	0	0	0	0	0	0	1	0	0	0	0	1	0	0	0	2	0	0	0	0	1	0	1	0	0	0	1	2	2	0	0	0	0	0	0	0	0	0	0	0	0	0	0	0	0	0	0	0	0	0	0	0	0	0	0	0	0	0	0	0	0	1	0	0	0	0	0	0	0	0	0	0	0	0	0	0	0	0	0	0	0	0	0	0	1	0	0	0	0	0	0	0	0	0	0	0	0	0	0	0	0	0	0	0	0	0	0	0	0	0	0	0	0	0	0	0	1	0	0	1
11	10	1	33	10	2	1	6	1	4	0	1	1	0	0	2	0	1	1	0	2	1	0	2	3	0	0	1	1	2	0	0	0	0	0	0	1	0	0	0	0	0	0	2	0	0	0	0	1	0	0	0	0	0	1	1	0	0	0	0	0	0	1	0	0	0	0	0	0	0	0	0	0	0	0	0	0	0	0	0	0	0	0	0	0	0	0	0	0	0	1	0	0	0	0	0	0	0	0	0	0	0	0	0	0	0	0	0	0	0	0	0	0	1	0	0	0	0	0	0	0	0	0	0	0	0	0	0	0	0	0	0	0	1	0	0	0	0	0	0	0	0	0	0	0	0	0	1	0	0	0	0	0
16	26	5	43	9	3	0	4	4	2	0	1	2	0	1	3	0	0	3	1	3	1	0	0	4	0	1	0	0	0	0	0	0	1	0	0	0	0	0	0	0	0	0	1	1	0	1	3	0	0	0	0	2	0	1	2	0	0	0	1	1	0	0	0	0	0	0	1	0	0	0	1	0	0	0	0	0	0	0	0	0	0	1	0	0	0	0	0	0	0	0	0	0	1	0	0	0	0	0	0	0	0	0	0	0	0	0	0	0	0	0	0	0	0	0	0	0	0	0	0	0	0	0	0	0	0	0	0	0	0	0	0	0	0	0	0	0	0	0	0	0	0	0	0	0	0	0	0	0	0	0	0	1
3	5	0	13	1	0	1	1	0	2	0	0	0	0	0	0	0	1	1	0	0	0	0	0	0	0	0	2	0	0	1	0	0	0	0	0	0	0	0	1	1	1	0	0	0	0	0	0	0	0	0	0	0	0	0	0	0	0	0	0	0	0	0	0	0	0	0	0	0	0	0	0	0	0	0	0	0	0	0	0	1	0	0	0	0	0	0	0	0	0	0	0	0	0	0	0	0	0	0	0	0	0	0	0	0	0	0	0	0	0	0	0	0	0	0	0	0	0	0	0	0	0	0	0	0	0	0	0	0	0	0	0	0	0	0	0	0	0	0	0	0	0	0	0	0	0	0	0	0	0	0	0	0
26	45	3	66	18	8	3	8	15	4	5	0	1	0	4	7	0	4	0	0	1	0	0	3	3	0	0	7	1	1	8	0	0	0	0	3	1	0	0	2	0	0	0	3	3	0	0	0	1	2	0	0	1	0	1	0	0	0	0	0	3	0	0	0	0	0	0	0	1	1	0	0	0	0	0	0	0	0	0	0	0	0	0	0	0	1	0	0	0	1	1	0	0	0	0	0	0	0	0	0	0	0	0	0	0	0	0	0	0	1	0	0	0	0	0	0	0	0	0	0	0	0	0	0	0	0	0	0	0	0	1	0	0	0	0	0	0	0	0	0	0	1	0	0	0	0	0	0	0	1	0	0	0
3	5	2	9	3	0	1	1	0	0	0	0	0	0	0	0	0	0	0	0	0	0	0	1	1	0	0	0	0	0	1	0	0	0	0	0	1	0	0	0	0	0	0	0	0	0	0	0	0	0	0	0	0	0	0	0	0	0	0	0	0	0	0	0	0	0	0	0	0	0	0	0	0	0	0	0	0	0	0	0	0	0	0	0	0	0	0	0	0	0	0	0	0	0	0	0	0	0	0	0	0	0	0	0	0	0	0	0	0	0	0	0	0	0	0	0	0	1	0	0	0	0	0	0	0	0	0	0	0	0	0	0	0	0	0	0	0	0	0	0	0	0	0	0	0	0	0	0	0	0	0	0	0
9	9	1	18	7	1	2	2	2	1	1	0	1	0	0	1	0	0	2	0	2	1	0	0	1	0	0	0	1	0	2	0	0	0	0	0	0	0	0	0	0	0	1	0	0	0	0	0	0	0	0	0	1	1	0	0	0	0	0	1	0	0	0	0	0	0	0	0	0	0	0	0	0	0	0	0	0	0	0	0	0	0	0	0	0	0	1	0	0	0	0	0	0	0	0	0	0	0	0	0	0	0	1	0	0	0	0	0	1	0	0	0	0	0	0	0	0	1	0	0	0	0	0	0	0	0	0	0	0	0	0	0	0	0	0	0	0	0	0	0	0	0	0	0	1	0	0	0	0	0	0	0	0
7	6	0	16	0	2	1	0	1	0	2	0	0	0	0	0	0	1	0	0	1	0	0	0	0	0	0	1	0	0	2	0	0	0	0	0	0	0	0	0	0	1	0	0	0	0	0	1	0	0	0	0	0	1	0	0	0	0	0	0	1	1	0	0	0	0	0	0	0	0	0	0	0	0	0	0	0	0	0	0	0	0	0	0	0	0	0	0	0	0	0	0	0	0	0	0	0	0	0	0	0	0	0	0	0	0	0	0	0	0	0	0	0	0	0	0	0	0	0	0	0	0	0	0	0	0	0	0	0	0	0	0	0	0	0	0	0	0	0	0	0	0	0	0	0	0	0	0	0	0	0	0	0
4	1	0	4	0	1	1	0	0	1	0	0	0	0	1	1	0	0	0	0	0	0	0	0	0	0	0	0	0	0	0	0	0	0	0	0	0	0	0	0	0	0	0	0	0	0	0	0	0	0	0	0	0	0	0	0	0	0	0	0	0	0	0	0	0	0	0	0	0	0	0	0	0	0	0	0	0	0	0	0	0	0	0	0	0	0	0	0	0	0	0	0	0	0	0	0	0	0	0	0	0	0	0	0	0	0	0	0	0	0	0	0	0	0	0	0	0	0	0	0	0	0	0	0	0	0	0	0	0	0	0	0	0	0	0	0	0	0	0	0	0	0	0	0	0	0	0	0	0	0	0	0	0
0	0	0	2	1	0	0	0	0	0	0	0	0	0	0	0	0	0	0	0	0	0	0	0	0	0	0	0	0	0	0	0	0	0	0	0	0	0	0	0	0	0	0	0	0	0	0	0	0	0	0	0	0	0	0	0	0	0	0	0	0	0	0	0	0	0	0	0	0	0	0	0	0	0	0	0	0	0	0	0	0	0	0	0	0	0	0	0	0	0	0	0	0	0	0	0	0	0	0	0	0	0	0	0	0	0	0	0	0	0	0	0	0	0	0	0	0	0	0	0	0	0	0	0	0	0	0	0	0	0	0	0	0	0	0	0	0	0	0	0	0	0	0	0	0	0	0	0	0	0	0	0	0
0	1	0	2	1	0	0	0	0	1	0	0	0	0	0	0	0	0	0	0	0	0	0	0	0	0	0	0	0	1	0	0	0	0	0	0	0	0	0	0	0	0	0	0	0	0	0	0	0	0	0	0	1	0	0	0	0	0	0	0	0	0	0	0	0	0	0	0	0	0	0	0	0	0	0	0	0	0	0	0	0	0	0	0	0	0	0	0	0	0	0	0	0	0	0	0	0	0	0	0	0	0	0	0	0	0	0	0	0	0	0	0	0	0	0	0	0	0	0	0	0	0	0	0	0	0	0	0	0	0	0	0	0	0	0	0	0	0	0	0	0	0	0	0	0	0	0	0	0	0	0	0	0
5	11	0	18	1	2	1	3	1	1	0	1	1	2	0	0	0	1	0	0	0	0	0	2	1	0	0	0	0	0	1	0	0	0	0	1	0	0	0	0	0	0	0	0	0	0	0	0	0	0	0	0	0	0	0	1	0	0	0	0	0	0	0	0	1	0	0	0	0	0	0	0	0	0	0	0	0	0	0	0	0	0	0	0	0	0	0	0	0	0	0	0	1	0	0	0	0	0	0	0	0	0	0	0	0	0	0	0	0	0	0	0	0	0	0	0	0	0	0	0	0	0	0	0	0	0	0	0	0	0	0	0	0	0	0	0	0	0	0	0	0	0	0	0	0	0	0	0	0	0	0	0	0
17	29	9	59	15	10	4	8	10	4	1	0	3	0	1	2	2	2	2	0	5	2	0	0	3	1	1	1	1	2	6	0	0	0	0	0	0	0	1	1	0	0	1	0	0	0	0	0	0	1	0	0	0	0	1	0	0	1	0	0	4	0	0	0	1	0	0	0	0	0	0	0	0	0	0	0	0	0	0	0	0	0	1	0	0	0	0	0	0	0	0	0	0	0	0	0	0	0	0	0	0	0	0	0	0	0	0	0	0	0	0	0	0	0	0	1	0	1	1	0	0	0	0	0	0	0	0	0	0	0	0	1	0	0	0	0	0	0	0	0	0	0	0	0	0	0	0	0	0	0	0	0	0
45	67	9	118	14	8	3	18	8	4	6	0	3	0	11	6	0	0	5	0	5	0	1	2	6	2	1	3	3	3	4	0	0	1	0	0	1	2	1	3	1	0	1	2	3	0	0	0	0	0	0	0	2	0	0	2	0	0	0	1	1	0	0	0	3	0	0	0	0	0	0	0	0	0	1	0	0	0	0	0	0	0	1	0	0	0	0	0	0	0	1	0	0	0	0	0	0	0	0	0	0	0	0	0	0	0	0	0	0	0	0	1	0	0	0	0	0	0	0	0	0	0	0	0	0	1	0	0	0	0	0	0	0	0	0	0	0	0	0	0	0	0	0	1	0	0	0	0	0	0	0	0	0
4	26	2	36	8	6	3	2	7	1	3	0	2	1	1	1	2	2	1	0	3	2	0	1	4	0	0	0	2	1	2	0	1	0	0	1	1	0	0	0	0	0	0	0	0	0	0	0	0	1	0	0	0	0	0	2	0	0	0	1	1	1	0	0	1	0	0	0	0	1	0	0	0	0	0	0	0	0	0	0	0	0	0	0	0	0	0	0	0	0	2	0	0	0	0	0	2	0	0	0	0	0	0	0	0	0	0	0	0	0	0	0	0	0	0	0	0	0	0	0	0	0	0	0	0	0	0	0	0	0	0	0	0	0	0	0	0	0	0	0	0	0	0	0	0	0	0	0	0	0	0	0	0
8	23	0	38	16	5	1	5	3	1	4	1	0	0	0	2	0	0	4	0	1	1	1	1	2	1	0	0	0	0	3	0	0	0	0	0	1	0	0	2	1	0	0	0	0	0	0	1	0	0	0	0	0	0	1	2	0	1	0	0	0	1	0	0	1	1	0	0	0	1	0	0	0	0	0	0	0	0	0	0	0	0	0	0	0	0	0	1	0	0	0	0	0	0	0	0	0	0	0	0	0	0	0	0	0	0	0	0	0	0	0	0	0	0	0	0	0	0	0	1	0	0	0	1	0	0	1	0	0	0	0	0	0	0	0	0	1	0	0	0	0	0	1	0	0	0	0	0	0	0	0	0	1
30	43	2	63	6	8	3	4	10	6	2	0	1	0	3	4	0	3	1	1	5	3	0	5	3	1	0	4	1	0	7	0	0	0	0	1	0	0	0	0	0	0	0	0	1	0	0	0	1	0	1	0	1	0	0	1	0	0	1	0	0	0	0	1	1	0	0	1	0	2	0	0	1	0	1	0	0	0	0	0	0	1	0	0	0	0	0	0	0	0	1	0	0	0	0	0	0	0	0	0	0	0	0	0	0	0	0	0	0	0	0	0	0	0	0	0	0	0	0	0	0	0	0	0	0	0	0	0	1	0	0	2	0	0	0	1	0	0	0	0	0	0	0	0	0	0	0	0	0	0	0	0	0
4	4	0	5	2	0	0	1	0	1	0	0	0	0	0	0	0	0	0	0	0	0	0	0	0	0	0	0	0	0	0	0	0	0	0	0	0	0	0	0	0	0	0	0	0	0	0	0	0	0	0	0	0	0	0	0	0	0	0	0	0	0	0	0	0	0	0	0	0	0	0	0	0	0	0	0	0	0	0	0	0	0	0	0	0	0	0	0	0	0	0	0	0	0	0	0	0	0	0	0	0	0	0	0	0	0	0	0	0	0	0	0	0	0	0	0	0	0	0	0	0	0	0	0	0	0	0	0	0	0	0	0	0	0	0	0	0	0	0	0	0	0	0	0	0	0	0	0	0	0	0	0	0
8	26	3	33	2	3	2	8	3	4	2	1	1	1	2	1	1	1	1	0	1	1	0	1	3	2	0	2	1	2	7	0	0	1	0	0	1	0	0	0	0	0	0	1	0	0	0	0	0	0	0	0	0	0	0	1	0	1	0	2	2	2	0	0	0	0	0	0	0	0	0	0	1	0	0	1	0	0	0	0	0	0	0	0	0	1	1	0	0	0	0	0	0	1	0	0	0	0	0	0	0	0	0	0	0	0	0	0	0	0	0	0	0	0	0	0	0	0	0	0	0	1	0	0	0	0	1	0	0	0	0	0	0	0	0	0	0	0	0	0	0	0	0	0	0	0	0	0	0	0	0	0	0
21	37	2	67	17	7	2	10	15	7	1	1	1	0	1	4	0	5	0	0	4	0	0	1	5	1	0	1	1	2	3	0	2	0	0	0	1	0	0	1	0	0	1	0	1	0	0	1	1	1	0	0	0	0	0	2	0	1	0	0	3	0	0	1	0	0	0	0	0	0	0	0	0	0	1	0	1	1	0	0	0	1	0	0	0	0	0	1	0	0	0	0	0	0	0	0	0	0	0	0	0	0	0	0	0	0	0	0	0	0	0	0	0	0	0	0	0	0	0	0	0	0	0	0	0	0	0	0	0	0	0	0	0	0	0	0	1	0	0	0	0	1	0	0	0	0	1	0	0	0	1	0	0
20	28	6	47	9	7	7	4	11	5	2	0	0	0	1	2	0	1	1	0	5	0	0	1	4	3	1	0	0	2	3	0	0	0	0	1	0	2	0	0	0	0	0	1	0	0	0	0	1	0	0	0	2	0	0	0	0	0	1	0	1	0	0	0	1	0	0	0	0	3	0	0	0	0	0	0	1	0	0	0	0	0	0	0	0	2	0	1	0	0	0	0	0	0	0	0	0	0	0	0	0	0	0	0	0	0	0	0	0	0	0	0	0	0	0	0	0	1	0	1	1	0	0	1	0	1	0	0	0	0	0	0	0	0	0	0	0	0	0	0	0	0	0	0	0	0	0	0	0	0	0	0	0
5	10	0	26	3	1	1	2	2	0	0	0	1	0	0	0	0	1	1	0	1	0	0	0	1	1	0	0	2	1	2	0	0	0	0	0	0	0	0	0	0	0	0	0	0	0	0	0	0	0	0	0	0	0	0	0	0	0	0	0	0	0	0	0	0	0	0	1	0	0	0	0	0	0	0	0	0	0	0	0	0	0	0	0	0	0	0	0	0	0	0	0	0	0	0	0	0	0	0	0	0	0	0	0	0	0	0	0	0	0	0	0	0	0	0	0	0	0	0	0	1	0	0	0	0	0	0	0	0	0	0	0	0	0	0	0	0	0	0	0	1	0	0	0	0	0	0	0	0	0	0	0	0
14	17	1	23	3	3	2	3	5	1	1	1	3	0	1	0	0	1	0	0	0	0	1	1	2	1	0	0	0	1	2	0	0	0	0	0	0	0	0	0	0	0	0	0	0	0	0	0	0	0	0	0	0	0	1	0	0	0	0	1	0	0	0	0	0	0	0	0	0	1	0	0	0	0	0	0	0	0	0	0	0	0	0	0	0	0	0	0	0	0	0	0	0	0	0	0	0	0	0	0	0	0	0	0	0	0	0	0	0	0	0	0	0	0	0	0	0	0	0	0	0	0	0	0	0	0	0	0	0	0	0	0	0	0	0	0	0	0	0	0	0	0	0	0	0	0	0	0	0	0	0	0	0
3	9	1	7	3	0	0	1	2	1	0	1	0	1	1	0	0	0	1	0	1	0	0	0	1	0	0	0	0	0	3	0	0	0	0	0	0	0	0	0	0	0	0	0	0	0	0	0	0	0	0	0	0	0	0	0	0	0	0	0	2	0	0	0	1	0	0	1	0	1	0	0	0	0	0	0	0	0	0	0	0	0	0	0	0	0	0	0	0	0	0	0	0	0	0	0	0	0	0	0	0	0	0	0	0	0	0	0	0	0	0	0	0	0	0	0	0	0	0	0	0	0	0	0	0	0	0	0	0	0	0	0	0	0	0	0	0	0	0	0	0	0	0	0	0	0	0	0	0	0	0	0	0
7	9	0	11	2	2	0	1	2	0	1	0	1	0	0	0	0	0	0	0	0	0	0	0	1	0	0	0	1	0	1	0	0	1	0	0	0	0	0	0	0	0	0	2	0	0	0	0	0	0	0	1	0	0	0	0	0	0	0	0	0	0	0	0	1	0	0	0	0	0	0	0	0	1	0	0	0	0	0	0	0	0	0	0	0	0	0	0	0	0	0	0	0	0	0	0	0	0	0	0	0	0	0	0	0	0	0	0	0	0	0	1	0	0	0	0	0	0	0	0	0	0	0	0	0	0	0	0	0	0	0	0	0	0	0	0	0	0	0	0	0	0	0	0	0	0	0	0	0	0	0	0	0
0	7	0	2	1	0	0	0	0	0	0	0	0	0	1	0	0	0	0	0	0	0	0	0	0	0	0	0	0	1	1	0	0	0	0	0	0	0	0	0	0	0	0	0	0	0	0	0	0	0	0	0	0	0	0	0	0	0	0	0	0	0	0	0	0	0	0	0	0	0	0	0	0	0	0	0	0	0	0	0	0	0	0	0	0	0	0	1	0	0	0	0	0	0	0	0	0	0	0	0	0	0	0	0	0	0	0	0	0	0	0	0	0	0	0	0	0	0	0	0	0	0	0	0	0	0	0	0	0	0	0	0	0	0	0	0	0	0	0	0	0	0	0	0	0	0	0	0	0	0	0	0	0
1	5	1	8	1	0	1	1	2	0	0	0	0	0	0	0	0	0	0	0	0	0	0	1	2	2	0	0	0	0	0	0	0	0	0	0	0	0	0	0	0	0	0	0	0	0	0	0	0	0	0	0	0	0	0	0	0	0	0	0	0	0	0	0	0	0	0	0	0	0	0	1	0	0	0	0	0	0	0	0	0	0	0	0	0	0	0	0	0	0	0	0	0	0	0	0	0	0	0	0	0	0	0	0	0	0	0	0	0	0	0	0	0	0	0	0	0	0	0	0	0	0	0	0	0	0	0	0	0	0	0	0	0	0	0	0	0	0	0	0	0	0	0	0	0	0	0	0	0	0	0	0	0
14	20	6	35	11	3	3	3	3	5	3	0	0	0	0	3	0	0	5	0	0	1	0	1	1	1	0	1	0	0	7	0	0	0	0	0	1	1	0	0	0	0	0	1	0	0	0	0	0	0	0	0	1	0	1	0	0	0	0	0	1	0	0	0	0	0	0	0	0	0	0	1	0	0	0	0	0	0	0	0	0	0	1	0	0	0	0	0	0	0	0	0	0	0	0	0	0	0	0	0	0	0	0	0	0	0	0	0	0	0	0	0	0	0	0	0	0	0	0	0	0	0	0	0	0	0	0	0	0	0	0	0	0	0	0	0	0	0	0	0	0	0	0	0	0	0	0	0	0	0	0	0	0
9	27	2	33	6	3	5	7	2	3	5	2	1	0	0	2	1	2	0	0	3	0	0	0	1	0	1	0	0	0	6	0	0	0	0	1	0	0	0	0	0	0	0	1	0	0	0	0	0	0	0	0	1	0	0	1	0	0	1	0	1	0	0	0	0	0	1	1	0	0	0	0	0	0	1	0	0	0	0	0	0	0	0	0	0	0	0	1	0	0	2	0	0	0	0	0	1	0	0	0	0	0	0	0	0	0	0	0	0	0	0	0	0	0	0	1	0	0	0	0	0	0	0	0	0	0	0	0	0	0	0	0	0	0	0	2	0	0	0	0	0	0	0	0	0	0	0	0	0	0	0	0	0
7	12	1	14	2	2	1	2	4	0	0	0	1	0	2	0	0	0	2	0	2	0	0	1	2	0	0	1	0	0	0	0	0	0	0	1	0	1	0	0	0	0	0	0	0	0	0	2	0	0	0	0	0	0	1	1	0	1	0	0	0	0	0	0	0	0	0	0	0	1	0	0	0	0	0	0	0	0	0	0	0	0	0	0	1	0	0	0	0	0	0	0	0	0	0	0	0	0	0	0	0	0	0	0	0	0	0	0	0	0	0	0	0	0	0	0	0	0	0	0	0	0	0	0	0	0	1	0	0	0	0	0	0	0	0	0	0	0	0	0	0	0	0	0	0	0	0	0	0	0	0	0	0
9	12	1	19	2	3	1	2	2	2	2	1	3	0	0	2	0	2	0	0	0	2	0	2	1	0	0	0	0	1	1	0	0	1	0	0	0	1	0	0	0	0	0	1	0	0	0	0	0	0	0	0	0	0	0	1	0	0	0	0	1	0	0	0	0	0	0	0	0	0	0	0	0	0	0	0	0	1	0	0	0	0	0	0	0	0	0	0	0	0	0	0	0	0	0	0	0	0	0	0	0	0	0	0	0	0	0	0	0	0	0	0	0	0	0	0	0	0	0	0	0	0	0	0	0	0	0	0	0	0	0	0	0	0	0	0	0	0	0	0	0	1	0	0	0	0	0	0	0	1	0	0	0
4	12	0	4	2	1	0	2	0	0	0	1	0	0	1	0	0	0	0	1	0	0	0	0	0	0	0	0	0	0	0	0	0	0	0	0	0	0	0	0	0	0	0	0	0	0	0	0	0	0	0	0	0	0	0	0	0	0	0	0	0	0	0	0	0	0	0	0	0	1	0	0	0	0	0	0	0	0	0	0	0	0	0	0	0	0	0	0	0	0	0	0	0	1	0	0	0	0	0	0	0	0	0	0	0	0	0	0	0	0	0	0	0	0	0	0	0	1	0	0	0	0	1	0	0	0	0	0	0	0	0	0	0	0	0	0	0	0	0	0	0	0	0	0	0	0	0	0	0	1	0	0	0
2	6	0	8	1	1	1	1	2	0	0	0	0	0	0	0	0	0	1	0	0	0	1	0	1	1	0	0	0	0	1	0	0	0	0	0	1	0	0	0	0	0	0	0	0	0	0	0	0	0	0	0	0	0	0	0	0	0	0	0	0	0	0	0	0	0	0	0	0	0	0	0	0	0	0	0	0	0	0	0	0	0	0	0	0	0	0	0	0	0	0	0	0	0	0	0	0	0	0	0	0	0	0	0	0	0	0	0	0	0	0	0	0	0	0	0	0	0	0	0	0	0	0	0	0	0	0	0	0	0	0	0	0	0	0	0	0	0	0	0	0	0	0	0	0	0	0	0	0	0	0	0	0
1	1	0	1	0	0	0	0	1	0	0	1	0	0	0	0	0	0	0	0	0	0	0	0	0	0	0	0	0	0	0	0	0	0	0	0	0	0	0	0	0	0	0	0	0	0	0	0	0	0	0	0	0	0	0	1	0	0	0	1	0	0	0	0	0	0	0	0	0	0	0	0	0	0	0	0	1	0	0	0	0	0	0	0	0	0	0	0	0	0	0	0	0	0	0	0	0	0	0	0	0	0	0	0	0	0	0	0	0	0	0	0	0	0	0	0	0	0	0	0	0	0	0	0	0	0	0	0	0	0	0	0	0	0	0	0	0	0	0	0	0	0	0	0	0	0	0	0	0	0	0	0	0
1	3	1	10	2	0	0	1	2	0	0	0	0	1	1	1	0	0	0	0	0	0	0	0	0	0	0	0	0	1	0	0	0	0	0	0	0	0	0	0	0	0	0	0	0	0	0	0	0	0	0	0	1	0	0	0	0	0	0	0	2	0	0	0	0	0	0	0	0	1	0	0	0	0	0	0	0	0	0	0	0	0	0	0	0	0	0	0	0	0	0	0	0	0	0	0	0	0	0	0	0	0	0	0	0	0	0	0	0	0	0	0	0	0	0	0	0	0	0	0	0	0	0	0	0	0	0	0	0	0	0	0	0	0	0	0	0	0	0	0	0	0	0	0	0	0	0	0	0	0	0	0	0
1	0	0	3	0	0	0	0	0	0	0	0	0	0	0	0	0	0	0	0	0	0	0	0	0	0	0	0	0	0	0	0	0	0	0	0	0	0	0	0	0	0	0	0	0	0	0	0	0	0	0	0	0	0	0	0	0	0	0	0	0	0	0	0	0	0	0	0	0	0	0	0	0	0	0	0	0	0	0	0	0	0	0	0	0	0	0	0	0	0	0	0	0	0	0	0	0	0	0	0	0	0	0	0	0	0	0	0	0	0	0	0	0	0	0	0	0	0	0	0	0	0	0	0	0	0	0	0	0	0	0	0	0	0	0	0	0	0	0	0	0	0	0	0	0	0	0	0	0	0	0	0	0
3	2	0	6	1	0	0	2	1	0	0	0	0	0	0	1	0	1	0	0	0	1	0	0	0	0	0	0	0	0	1	0	0	0	0	0	1	0	0	0	0	0	0	0	0	0	0	0	0	0	0	0	0	0	0	0	0	0	0	0	0	0	0	0	0	0	0	0	0	0	0	0	0	0	1	0	0	0	0	0	0	0	0	0	0	1	0	0	0	0	0	0	0	0	0	0	0	0	0	0	0	0	0	0	0	0	0	0	0	0	0	0	0	0	0	0	0	0	0	0	0	0	0	0	0	0	0	1	0	0	0	0	0	0	0	0	0	0	0	0	0	0	0	0	0	0	0	0	0	0	0	0	0
2	2	2	2	1	0	0	0	0	1	1	0	0	0	0	0	0	1	0	0	0	0	0	0	1	0	0	0	0	0	0	0	0	0	0	0	0	0	0	0	0	0	0	0	0	0	0	0	0	0	0	0	0	0	0	0	0	0	0	0	0	0	0	0	0	0	0	0	0	0	0	0	0	0	0	0	0	0	0	0	0	0	0	0	0	0	0	0	0	0	0	0	0	0	0	0	0	0	0	0	0	0	0	0	0	0	0	0	0	0	0	0	0	0	0	0	0	0	0	0	0	0	0	0	0	0	0	0	0	0	0	0	0	0	0	0	0	0	0	0	0	0	0	0	0	0	0	0	0	0	0	0	0
7	11	1	11	0	1	0	2	2	0	1	0	0	0	0	0	0	0	1	0	0	1	0	0	1	0	0	0	0	1	0	0	0	0	0	0	0	0	0	0	0	0	0	0	0	0	0	0	0	0	0	0	0	1	0	0	0	0	0	0	0	1	0	0	0	0	0	0	0	0	0	0	0	0	0	0	0	0	0	0	0	0	0	0	0	0	0	0	0	0	0	0	0	0	0	0	0	0	0	0	0	0	0	0	0	0	0	0	0	0	0	0	0	0	0	0	0	0	0	0	0	0	0	0	0	0	0	0	0	0	0	0	0	0	1	0	0	0	0	0	0	0	0	0	0	0	0	0	0	0	0	0	0
11	17	4	23	0	2	4	5	4	3	0	1	1	0	1	1	0	4	3	0	0	0	0	0	1	0	0	0	0	0	1	0	0	0	0	1	0	0	0	0	0	0	0	1	1	0	0	1	0	0	0	0	0	0	0	0	0	0	0	0	0	0	0	0	0	0	0	0	0	1	0	0	1	0	0	0	0	0	0	0	0	0	0	0	0	0	1	0	0	0	0	0	0	0	0	0	0	0	0	0	0	0	0	0	0	0	0	0	1	0	0	0	0	0	0	1	0	0	0	0	0	0	0	0	0	0	0	0	0	0	0	0	0	0	0	0	0	0	0	0	0	0	0	0	0	0	0	0	0	0	0	0	0
4	3	0	13	1	3	0	2	3	0	0	0	0	0	0	0	0	0	0	0	0	0	0	0	1	0	0	0	0	0	0	0	0	0	0	0	0	0	0	0	0	0	1	2	0	0	0	0	0	0	0	0	0	0	0	1	0	0	0	0	0	0	0	0	0	0	0	0	0	0	0	0	0	0	0	0	0	0	0	0	0	0	0	0	0	0	0	0	0	0	0	0	0	0	0	0	0	0	0	0	0	0	0	0	0	0	0	0	0	0	0	0	0	0	0	0	0	0	0	0	0	0	0	0	0	0	0	0	0	0	0	0	0	0	0	0	0	0	0	0	0	0	0	0	0	0	0	0	0	0	0	0	0
7	14	0	25	3	3	1	2	3	2	1	0	1	0	0	0	0	2	2	0	0	1	0	0	0	2	0	0	0	0	1	0	0	0	0	0	0	0	0	1	1	0	0	0	0	0	0	0	0	0	0	0	0	0	0	2	0	0	0	0	0	0	0	1	0	0	0	0	0	0	0	0	0	0	0	0	0	0	0	0	0	0	0	1	0	1	0	0	0	0	0	0	0	0	1	0	0	0	1	0	0	0	0	0	0	0	0	0	0	0	0	0	0	0	0	0	0	1	0	0	0	0	0	0	0	0	0	0	0	0	0	0	0	0	0	0	0	0	0	0	0	0	0	0	0	0	0	0	0	0	0	0	0
0	0	1	1	0	0	0	0	0	0	0	0	0	0	0	0	0	0	0	0	0	0	0	0	0	0	0	0	0	0	0	0	0	0	0	0	0	0	0	0	0	0	0	0	0	0	0	0	0	0	0	0	0	0	0	0	0	0	0	0	0	0	0	0	0	0	0	0	0	0	0	0	0	0	0	0	0	0	0	0	0	0	0	0	0	0	0	0	0	0	0	0	0	0	0	0	0	0	0	0	0	0	0	0	0	0	0	0	0	0	0	0	0	0	0	0	0	0	0	0	0	0	0	0	0	0	0	0	0	0	0	0	0	0	0	0	0	0	0	0	0	0	0	0	0	0	0	0	0	0	0	0	0
5	5	0	5	2	1	0	0	0	0	0	0	0	0	0	1	0	0	0	0	1	0	0	0	1	0	0	0	0	0	2	0	0	0	0	0	0	0	0	0	0	0	0	0	0	0	0	0	0	0	0	0	0	0	0	0	0	0	1	0	0	0	0	0	0	0	0	0	0	0	0	1	0	0	0	0	0	0	0	0	0	0	0	0	0	0	0	0	0	0	0	0	0	0	0	0	0	0	0	0	0	0	0	0	0	0	0	0	0	0	0	0	0	0	0	0	0	0	0	0	0	0	0	0	0	0	0	0	0	0	0	0	0	0	0	0	0	0	0	0	0	0	0	0	0	0	0	0	0	0	0	0	0
2	12	0	12	0	0	1	2	1	1	0	0	0	0	0	0	1	0	0	0	2	0	0	0	0	0	0	0	0	0	2	0	0	0	0	0	0	0	0	0	0	0	0	0	0	0	0	0	0	0	0	0	0	0	0	0	0	0	0	0	0	0	0	0	0	0	0	0	0	0	0	0	0	0	0	0	0	0	0	0	0	0	0	0	0	0	0	0	0	0	0	0	0	0	0	0	0	0	0	0	0	0	0	0	0	0	0	0	0	0	0	0	0	0	0	0	0	0	0	0	0	0	0	0	0	0	1	0	0	0	0	0	0	0	0	0	0	0	0	0	0	1	0	0	0	0	0	0	0	0	0	0	0
8	12	1	24	2	5	0	1	5	2	0	0	0	0	1	1	0	4	0	0	1	2	0	0	3	1	0	1	0	1	1	1	0	0	0	0	1	0	0	0	0	0	0	0	0	0	0	0	0	0	0	1	1	0	0	0	0	0	0	0	0	0	0	0	0	0	0	0	0	0	0	0	0	0	0	0	0	0	0	0	0	0	0	0	0	0	0	1	0	1	1	0	0	0	0	0	0	0	0	0	0	0	0	0	0	0	0	0	0	0	0	0	0	0	0	0	0	0	0	0	0	0	0	0	0	0	0	0	0	0	0	0	0	0	0	0	0	0	0	0	0	0	0	0	0	0	0	0	0	0	0	0	0
2	6	0	7	0	2	1	0	1	0	0	1	0	0	2	0	0	0	0	1	1	1	0	0	0	0	0	0	0	0	0	0	0	0	0	0	0	0	0	0	0	0	0	0	0	0	0	0	0	0	0	0	1	0	0	0	0	0	0	0	1	0	0	0	0	0	0	0	0	0	0	0	0	0	0	0	0	0	0	1	0	0	0	0	0	0	0	1	0	0	0	0	0	0	0	0	0	0	0	0	0	0	0	0	0	0	0	0	0	0	0	0	0	0	0	0	0	0	0	0	0	0	0	0	0	0	0	0	0	0	0	0	0	0	0	0	0	0	0	0	0	0	0	0	0	0	0	0	0	0	0	0	0
0	0	0	2	3	1	0	0	0	0	0	0	0	0	0	1	0	0	0	0	0	1	0	0	0	0	1	0	0	0	0	0	0	0	0	0	0	0	0	0	0	0	0	0	0	0	0	0	0	0	0	0	0	0	0	0	0	0	0	0	0	0	0	0	0	0	0	0	0	0	0	0	0	0	0	0	0	0	0	0	0	0	0	0	0	0	0	0	0	0	0	0	0	0	0	0	0	0	0	0	0	0	0	0	0	0	0	0	0	0	0	0	0	0	0	0	0	0	0	0	0	0	0	0	0	0	0	0	0	0	0	0	0	0	0	0	0	0	0	0	0	0	0	0	0	0	0	0	0	0	0	0	0
4	5	0	13	1	0	0	4	2	1	1	1	0	0	0	1	0	1	1	0	2	1	1	0	0	0	0	0	0	2	0	0	0	0	0	0	0	0	0	0	0	0	0	0	0	0	0	0	0	0	0	0	0	0	0	0	0	0	0	0	0	0	0	0	0	0	0	1	0	0	0	0	0	0	0	0	0	0	0	0	0	0	0	0	1	0	0	0	0	0	0	0	0	0	0	0	0	0	0	0	0	0	0	0	0	0	0	0	0	0	0	0	0	0	0	0	0	0	0	0	0	0	0	0	0	0	0	0	0	0	0	0	0	0	0	0	0	0	0	0	0	0	0	0	0	0	0	0	0	0	0	0	0
0	1	0	0	1	0	0	0	0	0	0	0	0	0	0	0	0	0	0	0	0	0	0	0	0	0	0	0	0	0	0	0	0	0	0	0	0	0	0	0	0	0	0	0	0	0	0	0	0	0	0	0	0	0	0	0	0	0	0	0	0	0	0	0	0	0	0	0	0	0	0	0	0	0	0	0	0	0	0	0	0	0	0	0	0	0	0	0	0	0	0	0	0	0	0	0	0	0	0	0	0	0	0	0	0	0	0	0	0	0	0	0	0	0	0	0	0	0	0	0	0	0	0	0	0	0	0	0	0	0	0	0	0	0	0	0	0	0	0	0	0	0	0	0	0	0	0	0	0	0	0	0	0
4	4	2	22	2	1	2	1	3	3	0	1	0	0	1	1	0	0	3	0	0	0	0	0	1	0	0	0	0	0	2	0	0	0	0	0	0	0	0	0	0	0	0	0	0	0	0	0	0	0	0	0	0	0	0	0	0	0	1	0	0	0	0	0	0	0	0	0	0	0	0	0	0	0	0	0	0	1	0	0	0	0	0	0	0	0	0	0	0	0	0	0	0	0	0	0	0	0	0	0	0	0	0	0	0	0	0	0	0	0	0	0	0	0	0	0	0	0	0	0	0	0	0	0	0	0	0	0	0	0	0	0	0	0	0	0	0	0	0	0	0	0	0	0	0	0	0	0	0	0	0	0	0
1	2	0	10	1	1	0	0	1	0	0	0	0	0	0	0	0	0	0	0	0	0	0	0	1	0	0	1	0	0	1	0	0	0	0	1	0	0	0	1	0	0	0	0	0	0	0	0	0	0	0	0	0	0	0	0	0	0	0	0	0	0	0	0	0	0	0	1	0	0	0	0	0	0	0	0	0	0	0	0	0	0	0	0	0	0	0	0	0	0	0	0	0	0	0	0	0	0	0	0	0	0	0	0	0	0	0	0	0	0	0	0	0	0	0	0	0	0	0	0	0	0	0	0	0	0	0	0	0	0	0	0	0	0	0	0	0	0	0	0	0	0	0	0	0	0	1	0	0	0	0	0	0
17	37	4	49	10	4	4	9	9	1	3	1	0	0	0	5	0	3	2	1	1	0	0	1	2	0	0	2	0	2	1	0	0	0	0	1	1	0	0	0	0	0	0	2	0	0	0	0	0	0	0	0	1	0	0	0	0	1	0	0	1	0	0	0	1	0	0	2	0	1	0	0	0	0	0	0	0	1	0	1	0	0	0	0	0	0	0	2	0	0	0	0	0	1	0	1	0	0	0	0	0	0	1	0	0	0	0	0	0	0	0	0	0	0	0	0	0	0	0	0	0	0	0	0	0	0	0	0	1	0	0	0	0	0	0	0	0	0	0	0	0	0	0	0	0	0	0	0	0	0	0	0	0
2	3	0	10	0	1	1	0	1	1	1	0	0	0	0	1	0	0	0	0	0	0	0	0	0	0	0	0	0	0	0	0	0	0	0	0	0	0	0	0	0	0	0	0	0	0	0	0	0	1	0	0	0	0	2	0	0	0	0	0	0	0	0	0	0	0	0	1	0	0	0	0	0	0	0	0	0	0	0	0	0	0	0	0	0	0	0	0	0	0	0	0	0	0	0	0	0	0	1	0	0	0	0	0	0	0	0	0	0	0	0	0	0	0	0	0	0	0	0	0	0	0	0	0	0	0	0	0	0	0	0	0	0	0	0	0	0	0	0	0	0	0	0	0	0	0	0	0	0	0	0	0	0
3	7	1	3	0	2	0	1	0	0	1	0	0	0	1	0	0	0	0	0	0	0	0	1	0	0	0	0	0	0	0	0	0	0	0	0	0	0	0	0	0	0	0	0	0	0	0	0	0	0	0	0	0	0	0	0	0	0	0	0	0	0	0	0	0	0	0	0	0	0	0	0	0	0	0	0	0	0	0	0	0	0	0	0	0	0	0	0	0	0	0	0	0	0	0	1	0	0	0	0	0	0	0	0	0	0	0	0	0	0	0	0	0	0	0	0	0	0	0	0	0	0	0	0	0	0	0	0	0	0	0	0	0	0	0	0	0	0	0	0	0	0	0	0	0	0	0	0	0	0	0	0	0
0	1	0	3	0	0	0	1	0	0	0	0	0	0	0	0	0	0	0	0	0	0	0	0	0	0	0	0	0	0	0	0	0	0	0	0	0	0	0	0	0	0	0	0	0	0	0	0	0	0	0	0	0	0	0	0	0	0	0	0	0	0	0	0	0	0	0	0	0	0	0	0	0	0	0	0	0	0	0	0	0	0	0	0	0	0	0	0	0	0	0	0	0	0	0	0	0	0	0	0	0	0	0	0	0	0	0	0	0	0	0	0	0	0	0	0	0	0	0	0	0	0	0	0	0	0	0	0	0	0	0	0	0	0	0	0	0	0	0	0	0	0	0	0	0	0	0	0	0	0	0	0	0
11	25	3	42	4	4	2	3	5	3	1	1	3	1	1	2	0	1	1	1	0	0	0	1	1	1	1	1	0	3	3	0	0	1	0	0	1	1	0	0	1	0	0	2	0	0	0	1	0	0	0	0	0	0	1	0	0	0	0	0	0	1	0	0	1	0	0	1	0	0	0	0	0	0	0	0	0	0	0	1	0	0	0	0	0	0	0	0	0	0	0	0	0	0	0	0	0	0	0	0	0	0	0	0	0	0	0	0	0	0	0	0	0	0	0	0	0	0	0	0	0	0	0	0	0	1	0	0	0	0	0	0	0	0	0	0	0	0	0	0	0	1	0	0	0	0	0	0	0	0	0	0	0
0	1	0	0	0	0	0	0	0	0	0	0	0	0	0	0	0	0	0	0	0	0	0	0	0	0	0	0	0	0	0	0	0	0	0	0	0	0	0	0	0	0	0	0	0	0	0	0	0	0	0	0	0	0	0	0	0	0	0	0	0	0	0	0	0	0	0	0	0	0	0	0	0	0	0	0	0	0	0	0	0	0	0	0	0	0	0	0	0	0	0	0	0	0	0	0	0	0	0	0	0	0	0	0	0	0	0	0	0	0	0	0	0	0	0	0	0	0	0	0	0	0	0	0	0	0	0	0	0	0	0	0	0	0	0	0	0	0	0	0	0	0	0	0	0	0	0	0	0	0	0	0	0
2	9	3	16	1	1	0	2	1	0	0	0	1	0	1	2	0	1	0	0	0	1	0	0	0	0	0	0	0	1	0	0	0	0	0	0	0	0	0	1	0	0	0	0	0	0	0	0	0	0	0	0	1	0	0	1	0	0	0	0	0	0	0	0	0	1	0	1	0	0	0	0	0	0	0	0	0	0	0	0	0	0	0	0	0	0	0	0	0	0	0	0	0	0	0	0	0	0	0	0	0	0	0	0	0	0	0	0	0	0	0	0	0	0	0	0	0	0	0	0	0	0	0	0	0	0	0	0	0	0	0	0	1	0	0	0	0	0	0	0	0	0	0	0	0	0	0	0	0	0	0	0	0
3	5	0	9	1	0	1	1	2	2	2	1	0	0	0	2	0	0	0	0	0	0	0	1	1	1	0	0	0	0	1	0	0	0	0	1	0	0	0	0	0	0	0	0	0	0	0	0	0	0	0	0	0	0	0	0	0	0	0	0	0	0	0	0	0	0	0	0	0	0	0	1	0	0	0	0	0	0	0	0	0	0	0	0	0	0	0	0	0	0	0	0	0	0	0	0	0	0	0	0	0	0	0	0	0	0	0	0	0	0	0	0	0	0	0	0	0	0	0	0	0	0	0	0	0	0	1	0	0	0	0	0	0	0	0	0	0	0	0	0	0	0	0	0	0	0	0	0	0	0	0	0	0
5	4	1	18	5	1	0	5	2	0	2	0	0	0	1	0	0	2	0	0	0	2	0	0	0	0	0	2	1	0	2	0	0	0	0	0	0	0	0	0	0	0	0	1	0	0	0	0	0	1	0	0	1	0	0	1	0	0	0	0	0	0	0	0	0	0	0	1	0	0	0	0	0	0	0	0	0	0	0	0	0	0	0	0	0	0	0	0	0	0	0	0	0	0	0	0	0	0	0	0	0	0	1	0	0	0	0	0	0	0	0	0	0	0	0	0	0	0	0	0	0	0	0	1	0	0	0	0	0	0	0	0	0	0	0	0	0	0	0	0	0	0	0	0	0	0	0	0	0	0	1	0	0
1	1	1	0	0	0	0	0	0	0	0	0	0	0	0	0	0	0	0	0	0	0	0	0	0	0	0	0	0	0	0	0	0	0	0	0	0	0	0	0	0	0	0	0	0	0	0	0	0	0	0	0	1	0	0	0	0	0	0	0	0	0	0	0	0	0	0	0	0	0	0	0	0	0	0	0	0	0	0	0	0	0	0	0	0	0	0	0	0	0	0	0	0	0	0	0	0	0	0	0	0	0	0	0	0	0	0	0	0	0	0	0	0	0	0	0	0	0	0	0	0	0	0	0	0	0	0	0	0	0	0	0	0	0	0	0	0	0	0	0	0	0	0	0	0	0	0	0	0	0	0	0	0
5	11	2	15	3	2	0	2	2	2	0	0	0	0	0	0	0	0	0	0	1	0	0	1	0	0	0	0	0	0	1	0	0	0	0	0	0	1	0	0	0	0	0	0	0	0	0	0	0	0	0	0	1	0	0	0	0	0	0	0	0	0	0	1	0	0	0	0	0	0	0	0	0	0	0	0	0	0	0	0	0	0	0	0	0	1	0	0	0	0	0	0	0	0	0	0	0	0	0	0	0	0	0	0	0	0	0	0	0	0	0	0	0	0	0	0	0	0	0	0	0	0	0	0	0	0	0	0	0	0	0	0	0	0	0	0	0	0	0	0	0	0	0	0	0	0	0	0	0	0	0	0	0
3	7	0	11	1	0	0	1	3	0	1	0	0	0	0	0	0	0	0	0	1	0	0	0	1	0	1	2	0	0	0	0	0	0	0	0	0	0	0	0	0	0	0	0	0	0	0	0	0	0	0	0	0	0	0	0	0	0	0	0	1	0	0	0	0	0	0	0	0	0	0	0	0	0	0	0	0	0	0	0	0	0	0	0	0	0	0	0	0	0	0	0	0	0	0	0	0	0	1	0	0	0	0	0	0	0	0	0	0	0	0	0	0	0	0	0	0	0	0	0	0	0	0	0	0	0	0	0	0	0	0	0	0	0	0	0	0	0	0	0	0	0	0	0	0	0	0	0	0	0	0	0	0
2	2	0	2	2	0	0	0	1	0	1	0	0	0	0	0	0	0	0	0	0	0	0	0	0	0	0	1	0	0	1	0	0	0	0	0	0	0	0	0	0	0	0	0	0	0	0	0	0	0	0	0	0	0	0	0	0	0	0	0	0	0	0	0	0	0	0	0	0	0	0	0	0	0	0	0	0	0	0	0	0	0	0	0	0	0	0	0	0	0	0	0	0	0	0	0	0	0	0	0	0	0	0	0	0	0	0	0	0	0	0	0	0	0	0	0	0	0	0	0	0	0	0	0	0	0	0	0	0	0	0	0	0	0	0	0	0	0	0	0	0	0	0	0	0	0	0	0	0	0	0	0	0
3	6	2	12	2	0	1	1	0	2	0	0	0	0	0	1	0	0	0	0	2	0	0	0	2	1	0	0	1	0	1	0	0	0	0	0	0	0	0	0	0	0	0	0	0	0	0	0	1	0	0	0	0	0	0	0	0	0	0	0	0	0	0	0	0	0	0	0	0	0	0	1	0	0	0	0	0	0	0	0	0	0	0	0	0	0	0	0	0	0	0	0	0	0	0	0	0	0	0	0	0	0	0	0	0	0	0	0	0	0	0	0	0	0	0	0	0	0	0	0	0	0	0	0	0	0	0	0	0	0	0	0	0	0	0	0	0	0	0	0	0	0	0	0	0	0	0	0	0	0	0	0	0
4	10	2	12	2	1	0	2	2	0	1	1	0	0	2	0	0	1	0	0	1	0	0	0	0	1	0	0	1	0	2	0	0	0	0	0	0	0	0	0	0	0	0	0	0	0	0	0	0	0	0	0	0	0	0	0	0	0	0	0	0	0	0	0	1	0	0	0	0	0	0	0	0	0	0	0	0	0	0	0	0	0	0	0	0	0	0	1	0	0	0	0	0	0	0	0	0	0	0	0	0	0	0	0	1	0	0	0	0	0	0	0	0	0	0	0	0	0	0	0	0	0	0	0	0	0	0	0	0	0	0	0	0	0	0	0	0	0	0	0	0	0	0	0	0	0	0	0	0	0	0	0	0
0	0	0	1	0	1	1	0	0	0	0	0	0	0	0	0	0	0	0	0	0	0	0	0	0	0	0	0	0	0	0	0	0	0	0	0	0	0	0	0	0	0	0	0	0	0	0	0	0	0	0	0	0	0	0	0	0	0	0	0	0	0	0	0	0	0	0	0	0	0	0	0	0	0	0	0	0	0	0	0	0	0	0	0	0	0	0	0	0	0	0	0	0	0	0	0	0	0	0	0	0	0	0	0	0	0	0	0	0	0	0	0	0	0	0	0	0	0	0	0	0	0	0	0	0	0	0	0	0	0	0	0	0	0	0	0	0	0	0	0	0	0	0	0	0	0	0	0	0	0	0	0	0
8	7	2	12	1	0	1	2	0	1	0	0	0	1	0	1	0	0	0	0	1	1	0	0	2	0	0	0	0	0	1	0	0	0	0	0	0	0	0	0	0	0	0	0	0	0	0	3	0	0	1	0	0	0	0	0	0	0	0	0	1	0	0	0	0	0	0	0	0	0	0	0	0	0	0	0	0	0	0	0	0	0	0	0	0	0	0	0	0	0	1	1	0	0	0	0	0	0	0	0	0	0	0	0	0	0	0	0	0	0	0	0	0	0	0	0	0	0	0	0	0	0	0	0	0	0	0	0	0	0	0	0	0	0	0	0	1	0	0	0	0	0	0	0	1	0	0	0	0	0	0	0	0
2	0	0	0	0	0	0	0	0	0	0	0	0	0	0	0	0	0	0	0	0	0	0	0	0	0	0	0	0	0	0	0	0	0	0	0	0	0	0	0	0	0	0	0	0	0	0	0	0	0	0	0	0	0	0	0	0	0	0	0	0	0	0	0	0	0	0	0	0	0	0	0	0	0	0	0	0	0	0	0	0	0	0	0	0	0	0	0	0	0	0	0	0	0	0	0	0	0	0	0	0	0	0	0	0	0	0	0	0	0	0	0	0	0	0	0	0	0	0	0	0	0	0	0	0	0	0	0	0	0	0	0	0	0	0	0	0	0	0	0	0	0	0	0	0	0	0	0	0	0	0	0	0
4	5	1	12	6	0	1	0	0	1	1	0	0	0	0	0	1	2	0	0	2	0	0	0	1	0	0	0	0	0	1	0	0	0	0	0	0	0	0	0	1	0	0	0	0	0	0	0	0	0	0	0	0	0	0	0	0	0	0	0	0	0	0	0	0	0	0	0	0	0	0	0	0	0	0	0	0	0	0	0	0	0	0	1	0	0	0	0	0	0	0	0	0	0	0	0	0	0	0	0	0	0	0	0	0	0	0	0	0	0	0	0	0	0	0	0	0	0	0	0	0	0	0	1	0	0	0	0	0	0	0	0	0	0	0	0	0	0	0	0	0	0	0	0	0	0	0	0	0	0	0	0	0
0	1	0	0	0	0	0	0	0	0	0	0	0	0	0	0	0	0	0	0	0	0	0	0	0	0	0	0	0	0	0	0	0	0	0	0	0	0	0	0	0	0	0	0	0	0	0	0	0	0	0	0	0	0	0	0	0	0	0	0	0	0	0	0	0	0	0	0	0	0	0	0	0	0	0	0	0	0	0	0	0	0	0	0	0	0	0	0	0	0	0	0	0	0	0	0	0	0	0	0	0	0	0	0	0	0	0	0	0	0	0	0	0	0	0	0	0	0	0	0	0	0	0	0	0	0	0	0	0	0	0	0	0	0	0	0	0	0	0	0	0	0	0	0	0	0	0	0	0	0	0	0	0
0	0	0	1	1	0	0	1	0	0	0	0	0	0	0	0	0	0	0	0	0	0	0	0	0	0	0	0	0	0	0	0	0	0	0	0	0	0	0	0	0	0	0	0	0	0	0	0	0	0	0	0	0	0	0	0	0	0	0	0	0	0	0	0	0	0	0	0	0	0	0	0	0	0	0	0	0	0	0	0	0	0	0	0	0	0	0	0	0	0	0	0	0	0	0	0	0	0	0	0	0	0	0	0	0	0	0	0	0	0	0	0	0	0	0	0	0	0	0	0	0	0	0	0	0	0	0	0	0	0	0	0	0	0	0	0	0	0	0	0	0	0	0	0	0	0	0	0	0	0	0	0	0
0	2	0	6	0	0	1	0	0	0	0	0	0	0	0	0	0	0	0	0	0	0	0	0	0	0	0	0	0	0	0	0	0	0	0	0	0	0	0	0	0	0	0	0	0	0	0	0	0	0	0	0	0	0	0	0	0	0	0	0	0	0	0	0	0	0	0	0	0	0	0	0	0	0	1	0	0	0	0	0	0	0	0	0	0	0	0	0	0	0	0	0	0	0	0	0	0	0	0	0	0	0	0	0	0	0	0	0	0	0	0	0	0	0	0	0	0	0	0	0	0	0	0	0	0	0	0	0	0	0	0	0	0	0	0	0	0	0	0	0	0	0	0	0	0	0	0	0	0	0	0	0	0
5	7	0	13	1	0	0	0	0	0	1	0	0	0	0	2	0	0	0	0	0	1	0	0	2	0	2	0	0	0	0	0	0	0	0	0	0	0	0	0	0	0	0	1	1	0	0	0	0	0	0	0	0	0	0	0	0	0	0	0	1	0	0	0	0	0	0	0	0	0	0	0	0	0	0	0	0	0	0	0	0	0	0	0	0	0	0	0	0	0	1	0	0	0	0	0	0	0	0	0	0	0	0	0	0	0	0	0	0	0	0	0	0	0	0	0	0	0	0	0	0	0	0	0	0	0	0	0	0	0	0	0	0	0	0	0	0	0	0	0	0	0	0	0	0	0	0	0	0	0	0	0	0
4	5	3	9	3	3	0	1	2	1	0	0	1	0	0	0	0	0	2	0	0	0	0	0	1	0	0	1	0	1	1	0	0	0	0	0	0	0	0	0	0	0	0	0	0	0	0	0	0	0	0	0	0	0	0	0	0	0	0	0	0	0	0	0	0	0	0	0	0	0	0	0	0	0	1	0	0	0	0	0	0	0	0	0	0	0	0	0	0	0	0	0	0	0	0	0	0	0	0	0	0	0	0	0	0	0	0	0	0	0	0	0	0	0	0	0	0	0	0	0	0	0	0	0	0	0	0	0	0	0	0	0	0	0	1	0	0	0	0	0	0	0	0	0	0	0	0	0	0	0	0	0	0
4	11	0	17	3	1	0	0	2	1	3	0	0	0	0	0	0	0	0	0	0	0	0	0	1	1	0	1	0	1	2	0	0	0	0	0	0	0	0	0	0	0	1	1	0	0	0	0	0	0	0	0	0	0	0	0	0	0	0	0	0	0	0	0	1	0	0	0	0	0	0	0	0	0	0	0	0	0	0	0	0	0	0	0	0	0	0	0	0	0	0	0	0	0	0	0	0	0	0	0	0	0	0	0	0	0	0	0	0	0	0	0	0	0	0	0	0	0	0	0	0	0	0	0	0	0	0	0	0	0	0	0	0	0	0	0	0	0	0	0	0	0	0	0	0	0	0	0	0	0	0	0	0
0	2	0	4	0	1	0	0	1	2	0	0	0	0	0	2	0	0	0	0	0	0	0	0	0	0	1	0	0	0	0	0	0	0	0	0	0	0	0	0	0	0	0	0	0	0	0	0	0	0	0	0	0	0	0	0	0	0	0	0	0	0	0	0	0	0	0	0	0	0	0	0	0	0	0	0	0	0	0	0	0	0	0	0	0	0	0	0	0	0	0	0	0	0	0	0	0	0	0	0	0	0	0	0	0	0	0	0	0	0	0	0	0	0	0	0	0	0	0	0	0	0	0	0	0	0	0	0	0	0	0	0	0	0	0	0	0	0	0	0	0	0	0	0	0	0	0	0	0	0	0	0	0
