990	4979	5144	26	1301	294	444	689	436	631	351	32	249	325	429	22	634	395	770	544	1749	264	88	176	104	139	5	49	13	83	201	163	83	6	152	228	30	64	265	46	3	75	88	104	13	29	5	9	42	27	11	20	35	3	146	19	16	14	3	15	6	36	5	21	26	26	34	5	12	32	24	12	9	22	32	5	70	10	25	14	14	36	9	7	1	12	1	16	9	16	0	3	5	14	1	27	8	3	35	6	3	4	18	14	7	20	6	4	21	10	7	39	13	2	24	19	24	0	13	13	18	12	15	1	15	2	0	12	0	4	3	2	0	4	13	0	4	1	0	7	0	2	1	3	15	0	6	0	1	16	0	7	25
620	3059	3208	25	856	167	258	452	270	360	239	32	151	216	265	19	396	269	409	341	1227	169	47	101	77	100	3	19	3	60	104	79	52	6	84	196	20	44	171	31	1	43	51	65	7	15	6	4	27	17	9	17	18	1	89	19	15	4	5	9	1	15	1	12	20	19	19	3	3	22	14	4	3	13	26	3	38	6	11	7	18	20	6	6	0	7	2	11	6	7	0	3	3	7	1	10	5	2	24	5	1	0	17	9	8	8	11	2	8	3	11	26	15	3	15	13	16	0	9	7	6	7	6	2	9	2	0	4	2	2	2	3	3	2	5	0	1	2	0	2	1	2	1	5	9	3	0	0	1	7	1	8	9
1156	5857	5908	38	1665	333	467	845	526	667	450	38	310	397	577	32	730	501	893	667	2213	343	95	211	142	196	10	48	7	124	232	164	113	9	166	306	42	106	337	88	0	77	120	85	20	30	6	9	33	36	14	20	50	3	169	33	37	12	15	26	6	44	4	31	35	48	37	5	7	46	33	7	3	25	37	2	84	8	29	18	28	39	3	12	5	20	2	15	9	18	0	1	2	9	1	23	12	7	43	11	5	0	29	18	20	22	11	5	24	3	6	37	22	2	29	21	24	2	15	17	10	11	15	3	18	2	0	14	4	5	3	3	3	6	25	0	1	1	1	13	4	3	2	6	19	2	3	0	3	15	0	9	27
920	4512	4567	22	1293	259	362	703	369	529	326	38	230	319	413	26	546	382	661	484	1581	261	80	168	101	145	7	41	8	89	164	133	73	10	116	237	25	76	240	62	1	62	76	88	8	34	8	6	32	34	10	26	34	6	137	24	22	13	11	13	5	42	0	12	21	29	31	5	5	17	26	4	3	24	46	1	72	9	17	14	19	31	5	6	1	9	1	12	11	14	2	1	2	8	0	12	5	2	35	11	7	1	36	15	13	17	13	3	16	7	7	19	16	2	21	9	22	0	16	8	9	13	15	0	12	1	1	4	3	5	2	2	1	7	10	1	0	2	0	6	1	0	0	7	13	1	3	0	1	14	1	14	19
267	1187	1153	8	298	49	95	177	102	158	94	11	48	87	100	7	145	91	169	137	429	66	19	42	29	36	3	8	3	23	53	34	16	2	32	50	5	20	51	5	0	24	26	22	3	4	1	3	7	7	4	6	9	1	33	5	4	4	4	4	0	10	0	4	8	5	2	1	0	7	8	1	1	2	9	0	22	2	4	0	5	11	2	2	0	3	1	6	4	4	0	1	0	5	0	2	3	1	11	1	0	2	7	4	2	3	2	3	2	2	2	7	3	1	2	3	6	0	3	0	1	0	6	0	2	0	0	10	0	1	0	0	0	0	4	0	1	1	0	0	0	0	0	0	4	1	4	0	0	2	0	4	0
66	328	331	1	79	16	26	43	31	30	31	3	20	22	35	1	30	23	46	32	119	14	7	18	4	15	0	2	1	7	13	9	2	0	16	20	1	3	15	0	1	5	6	7	2	2	1	0	4	4	0	0	3	0	11	2	1	1	1	1	0	2	0	1	3	4	1	0	1	2	4	2	0	2	2	0	2	0	0	2	0	1	0	0	0	1	1	2	0	3	0	0	0	1	0	3	1	0	1	2	0	0	4	1	2	2	1	0	0	0	1	1	0	0	0	1	0	0	2	0	0	0	1	0	1	0	0	0	0	0	0	0	0	0	0	0	0	0	0	2	0	0	0	0	0	1	0	0	0	1	0	0	0
123	609	605	8	133	37	50	78	62	60	39	4	26	46	54	6	62	48	89	67	227	31	13	30	14	11	1	7	2	8	29	19	12	1	13	26	5	7	26	5	0	2	11	17	0	5	2	1	1	6	4	1	8	0	22	2	2	2	0	1	1	3	0	1	2	5	4	1	4	7	2	2	0	6	2	1	10	0	1	0	2	10	1	0	0	1	0	1	0	2	0	1	0	0	0	4	0	0	7	1	0	0	3	2	4	2	1	0	1	1	0	4	2	0	1	0	3	0	0	2	0	0	1	0	1	1	0	0	0	0	1	0	0	0	2	0	0	0	0	2	0	0	0	3	3	0	0	0	0	1	0	2	0
128	659	582	2	156	40	64	102	54	67	43	3	43	38	65	5	83	47	96	69	221	31	8	22	13	13	2	6	1	16	29	19	13	0	18	24	6	12	25	9	0	14	9	5	3	4	0	1	3	2	0	5	6	1	20	3	5	3	0	3	0	0	0	2	1	2	3	1	1	4	6	0	0	2	5	0	6	0	1	1	4	5	1	1	0	2	1	5	0	2	0	0	1	2	0	3	1	1	4	1	0	0	6	2	3	0	0	0	2	1	2	6	2	0	3	3	1	0	1	1	0	2	3	1	2	0	0	1	0	1	0	0	0	0	1	0	1	0	0	0	0	1	0	1	4	0	1	0	0	0	0	2	2
125	624	675	3	195	38	56	90	39	89	48	3	32	46	65	5	58	39	90	79	245	27	10	32	13	20	0	1	0	14	28	9	12	1	19	31	5	9	45	9	0	14	12	9	3	2	1	0	5	3	0	5	5	0	24	4	1	1	2	1	1	5	0	1	3	6	7	2	0	2	2	0	3	4	3	1	4	0	2	4	7	9	0	2	0	1	0	0	2	0	0	0	0	1	0	4	3	0	4	3	0	0	3	2	2	3	0	0	2	2	0	4	2	0	4	0	2	0	1	0	7	2	2	1	2	0	0	1	0	0	0	0	0	0	2	0	0	1	0	1	0	0	0	2	3	0	0	0	0	1	0	2	4
7	41	36	0	6	4	2	2	3	5	1	0	3	1	1	1	4	5	5	5	9	1	2	2	0	0	0	0	0	3	1	0	0	0	0	0	1	0	1	2	0	1	0	0	0	0	0	0	0	0	0	0	0	0	2	1	0	0	0	1	0	0	0	0	0	1	0	0	0	0	0	0	0	1	0	0	0	0	0	0	0	0	0	0	0	0	0	0	1	0	0	0	0	1	0	0	0	0	0	0	0	0	0	0	0	0	0	0	1	0	0	0	0	0	1	0	0	0	0	0	0	0	0	0	0	0	0	0	0	0	0	0	0	0	0	0	1	0	0	0	0	0	0	1	0	0	0	0	0	0	0	0	0
514	2670	2770	22	751	161	235	381	224	315	211	16	143	190	246	17	367	205	379	326	970	134	37	98	59	79	0	20	3	46	110	73	43	4	71	124	10	23	160	28	0	44	48	31	7	7	5	5	22	9	5	13	17	1	92	12	11	5	5	9	3	22	0	7	17	10	29	1	2	16	15	9	4	10	21	2	41	2	10	8	10	28	5	4	0	6	1	8	3	7	0	2	2	6	1	11	4	2	21	3	6	1	17	6	6	14	11	1	7	4	6	20	10	2	12	6	8	0	7	14	3	4	9	0	8	1	0	8	1	2	1	0	2	2	6	1	0	0	0	7	0	0	0	5	11	0	1	0	0	5	1	4	7
327	1557	1591	11	438	101	151	219	114	191	103	12	77	104	128	9	216	124	232	179	579	93	31	47	38	58	0	13	2	39	66	55	27	0	47	76	9	24	65	17	1	26	31	29	3	8	5	5	9	14	7	7	15	1	52	8	8	5	5	2	1	8	0	6	11	11	11	1	3	7	14	3	1	8	12	1	19	2	2	6	3	11	1	1	0	2	1	8	4	5	0	0	2	3	1	6	1	0	11	6	1	0	12	5	2	6	1	0	5	1	3	9	3	0	4	6	7	0	2	3	0	3	1	1	4	0	0	1	0	0	0	0	0	2	4	0	0	1	0	0	2	0	1	2	6	0	3	0	1	5	0	0	8
24	137	127	0	32	7	11	22	17	13	8	0	12	8	21	1	21	9	25	17	51	9	2	3	1	5	0	1	0	4	2	0	1	0	2	5	1	1	8	1	0	3	1	6	0	0	1	0	1	0	0	0	3	0	4	0	3	0	0	2	0	1	0	0	0	0	1	0	0	0	0	1	0	0	2	0	2	0	0	1	1	0	0	0	0	0	0	0	1	1	0	0	0	0	0	0	0	0	0	0	0	0	0	0	0	1	1	0	1	0	0	0	0	0	0	0	0	0	1	1	0	0	1	0	0	0	0	0	0	0	0	0	0	0	0	0	0	0	0	0	0	1	0	0	2	0	1	0	0	1	0	0	0
51	297	298	3	84	17	31	57	33	26	25	3	6	19	31	1	35	17	40	35	98	13	3	9	4	7	1	3	0	8	6	12	9	0	10	14	2	6	20	3	0	3	4	4	2	2	0	0	2	2	1	1	1	0	6	0	0	1	0	1	1	5	0	0	0	0	1	0	0	1	1	0	0	1	1	0	2	0	2	2	4	3	0	1	0	1	0	2	2	0	0	0	0	0	0	1	1	0	2	0	0	0	2	2	2	0	0	0	1	0	0	0	2	0	2	0	1	0	0	1	1	0	2	0	0	0	0	0	0	1	0	0	0	1	0	0	0	0	0	0	0	0	0	0	0	0	0	1	0	1	0	0	2
10	74	80	1	19	4	4	11	8	2	5	0	4	2	9	0	9	7	15	4	20	5	3	4	2	1	0	0	0	1	1	2	1	0	3	2	1	1	0	1	0	0	1	0	0	0	1	1	0	0	0	0	0	0	3	0	0	1	0	3	0	1	0	0	0	1	1	0	0	2	0	0	0	2	0	0	1	0	2	0	0	1	0	1	0	0	0	0	0	0	0	0	0	0	0	0	0	0	2	0	0	0	0	1	0	0	1	0	0	0	0	1	0	0	0	0	0	0	1	0	0	0	0	0	0	1	0	0	0	0	0	0	0	0	0	0	0	0	0	0	0	0	0	0	0	0	2	0	0	0	0	1	0
27	102	109	2	28	7	4	7	6	19	10	0	9	14	17	1	18	14	18	14	51	10	1	4	2	1	0	1	2	5	2	3	1	0	6	9	1	1	8	0	0	3	3	2	1	1	0	0	2	2	0	1	0	0	5	0	2	2	0	0	0	0	1	0	2	0	0	0	0	0	0	1	0	0	1	0	0	0	0	1	0	2	0	0	0	1	0	0	1	0	0	0	0	0	0	0	1	0	0	1	0	0	1	1	0	0	0	0	0	0	0	2	1	0	1	1	0	0	0	0	1	1	1	0	1	0	0	1	0	0	0	0	0	0	1	0	0	0	0	0	0	0	0	0	0	0	0	0	0	1	0	1	1
61	255	296	2	94	16	21	40	25	29	14	2	11	17	23	3	26	21	47	32	97	21	5	7	5	10	1	4	0	6	8	5	4	0	12	11	1	4	18	6	0	7	3	8	2	0	1	0	6	4	1	3	1	0	6	2	1	0	0	1	1	2	0	2	0	2	0	1	0	5	0	1	0	0	1	0	4	1	0	2	1	3	0	0	1	2	0	2	0	1	0	0	0	0	0	0	0	0	2	0	0	0	1	0	1	2	0	1	1	0	1	1	4	1	1	0	2	0	1	0	2	0	0	0	0	0	0	1	0	0	0	0	0	0	0	0	0	0	0	0	0	0	0	0	1	1	0	0	0	1	0	2	1
13	65	63	1	20	9	5	7	0	8	10	0	1	4	4	0	7	6	8	4	20	4	1	4	1	1	0	0	0	1	3	1	0	0	6	6	1	0	5	1	0	3	1	3	0	0	1	1	1	1	0	0	0	0	1	0	0	0	0	0	0	1	0	0	0	0	0	0	1	0	1	0	0	0	1	0	1	0	0	0	0	2	0	0	0	0	0	3	1	0	0	0	0	0	0	1	0	0	0	1	0	0	0	0	1	0	1	0	0	0	0	0	0	0	0	0	0	0	1	0	0	0	0	0	0	0	0	0	0	0	0	0	0	0	0	0	0	0	0	0	0	1	0	0	2	0	0	0	0	0	0	0	1
52	214	230	4	51	15	27	25	20	25	11	1	13	21	17	1	23	23	38	30	77	7	5	11	2	6	0	1	0	4	4	4	3	0	5	15	2	2	13	1	0	3	5	6	2	4	0	0	0	1	2	0	6	0	7	1	2	1	0	1	1	1	0	0	3	0	3	0	0	2	2	0	0	0	1	1	3	0	3	0	1	1	0	0	0	3	0	0	1	0	0	0	0	1	0	2	2	0	2	0	0	0	0	0	2	2	0	1	0	0	0	1	0	0	1	2	0	0	2	1	2	1	0	0	0	0	0	1	0	0	0	0	0	0	0	0	0	0	0	0	0	0	0	1	1	0	0	0	0	0	0	0	0
79	284	297	3	95	19	23	44	34	36	24	0	18	24	21	3	32	25	38	22	122	19	8	17	11	11	1	2	0	7	14	7	3	3	13	14	0	5	12	3	0	6	5	6	1	0	1	0	1	3	2	1	1	0	13	5	4	2	0	0	0	1	0	2	3	2	5	0	1	4	3	1	1	1	1	0	5	0	2	0	3	1	0	0	0	0	0	0	1	0	0	0	0	2	0	0	0	0	7	1	1	0	1	0	1	0	0	1	2	0	0	2	1	0	2	1	2	0	0	0	0	2	1	0	1	0	1	0	1	0	0	0	0	0	0	0	0	0	0	0	0	1	0	1	0	1	1	0	1	1	0	0	3
85	393	422	4	120	30	40	77	47	50	31	1	16	37	39	2	48	27	51	40	169	27	8	16	16	11	0	0	2	7	17	16	7	0	18	25	3	3	21	9	0	12	8	7	2	3	1	1	7	2	3	1	4	1	18	4	1	0	0	0	0	0	0	0	3	2	3	0	0	2	1	0	1	1	4	0	7	0	1	0	5	2	1	1	0	1	0	0	1	3	0	0	1	0	0	1	0	0	2	0	0	1	2	1	0	2	4	0	0	0	1	2	4	0	2	1	3	1	2	0	2	1	0	0	0	1	0	1	1	0	0	1	1	0	1	0	0	1	0	1	0	1	0	0	1	0	0	0	0	1	0	0	1
33	190	205	1	45	11	9	26	15	30	18	3	10	17	10	2	24	13	26	20	75	10	3	8	3	5	0	3	0	5	3	7	2	1	10	10	0	5	11	1	0	0	3	3	0	2	2	0	2	0	0	0	4	0	6	0	2	0	1	2	0	2	0	1	1	2	0	0	0	0	4	0	0	0	4	0	2	0	1	3	1	2	1	0	0	0	0	0	0	1	0	0	0	0	0	1	1	0	1	0	0	0	5	2	1	0	0	0	0	0	0	1	0	0	1	1	1	0	1	0	0	0	1	0	1	0	0	0	0	1	0	0	0	0	0	0	0	0	0	0	0	0	0	0	3	0	0	0	0	0	0	0	0
22	79	83	0	23	2	4	10	7	14	9	1	3	12	12	1	7	8	12	10	42	3	0	5	1	3	0	1	0	2	2	2	2	0	2	4	0	2	3	2	0	2	1	1	0	0	0	0	1	0	1	1	1	0	3	0	0	0	0	0	0	1	0	0	0	0	1	0	0	0	0	0	0	0	0	0	0	0	0	0	0	1	0	0	0	0	0	3	1	0	0	0	0	0	0	0	0	0	0	0	0	0	2	1	0	0	0	0	2	0	0	0	1	0	0	1	0	0	0	0	0	0	0	0	1	0	0	0	0	1	0	0	0	0	2	0	0	0	0	0	0	0	0	0	0	0	0	0	0	0	0	0	1
40	229	227	5	64	18	18	39	19	24	15	4	12	11	19	2	29	22	38	30	83	8	6	10	5	5	0	3	2	5	7	6	6	1	8	15	0	7	13	6	0	2	4	2	0	0	0	1	4	2	4	1	2	0	6	0	1	1	0	0	0	1	0	0	2	2	1	0	0	1	1	0	0	0	1	0	2	0	1	0	1	0	0	1	0	0	0	3	0	2	0	0	0	0	1	0	0	0	1	2	0	0	1	2	0	1	2	0	0	1	0	0	3	0	3	0	1	0	2	1	0	1	0	2	3	0	0	1	0	0	0	0	0	0	1	0	0	0	0	0	0	0	0	0	0	0	0	0	0	0	0	0	3
6	48	50	0	15	4	7	6	1	5	2	0	1	3	1	0	7	5	4	8	19	4	0	1	2	0	0	0	0	1	1	0	1	1	1	3	0	0	2	1	0	0	0	0	0	0	0	0	0	0	0	1	0	0	0	0	0	0	0	0	0	0	0	0	0	0	1	0	0	0	0	0	0	0	0	0	0	0	0	1	0	0	0	0	0	0	0	2	0	0	0	0	0	0	0	0	0	0	0	0	0	0	0	1	0	0	0	0	1	0	1	0	0	0	1	0	0	0	0	0	0	1	1	0	0	0	0	0	0	0	0	0	0	0	0	0	0	0	0	0	0	0	0	0	0	0	0	0	0	0	0	0	0
35	148	185	0	50	12	14	30	12	21	10	3	3	8	16	2	14	18	32	13	71	9	5	7	8	3	0	1	0	3	5	9	0	0	7	13	2	2	9	0	0	2	2	2	1	0	1	0	2	2	0	0	2	0	8	0	1	0	1	0	1	1	0	0	0	1	1	0	0	0	2	1	1	0	1	0	1	0	0	0	1	1	0	0	0	1	0	1	2	0	0	0	0	0	0	1	0	0	1	0	0	0	1	0	0	1	0	0	1	0	0	1	0	0	0	1	0	0	0	0	0	0	0	0	1	0	0	0	0	0	0	0	0	0	1	0	0	0	0	0	0	0	0	0	0	0	0	0	0	2	0	0	0
28	184	181	0	58	13	13	27	17	19	12	1	13	8	16	1	18	18	26	22	72	6	3	11	4	3	1	0	1	2	4	7	1	0	4	5	1	1	7	1	0	3	1	4	1	2	0	0	1	1	1	1	0	0	5	2	3	0	0	1	1	3	0	1	0	1	0	0	0	1	3	0	0	0	1	0	2	2	0	2	1	1	0	0	0	0	0	1	0	1	0	0	0	1	0	0	0	0	1	2	0	0	0	0	2	0	2	1	2	0	0	1	0	0	1	0	2	0	0	1	1	0	0	0	0	0	0	0	0	1	0	0	0	0	1	0	1	0	0	0	1	0	0	0	0	0	0	0	0	2	0	0	0
37	188	249	0	62	16	15	38	15	24	15	2	13	12	28	0	30	17	33	22	71	10	5	7	6	3	0	5	1	0	8	4	3	0	6	6	1	1	7	2	0	1	6	5	2	0	0	0	2	1	2	0	2	0	3	0	2	0	0	0	0	0	0	0	2	1	0	2	0	4	1	0	0	1	3	1	3	0	1	2	1	1	1	0	0	2	0	0	0	0	0	0	0	0	0	0	0	0	3	0	1	0	0	3	0	1	1	0	0	0	1	1	2	0	1	0	1	0	0	1	0	1	1	0	1	0	0	0	0	0	0	0	0	0	1	0	0	0	0	0	0	0	0	0	0	0	1	0	0	0	0	0	2
52	229	224	0	68	16	20	33	10	24	19	2	8	21	16	2	25	14	37	18	76	17	4	14	2	6	1	6	1	3	7	7	8	1	3	11	2	4	12	1	0	2	4	4	1	0	2	1	1	3	1	2	2	0	6	1	1	0	1	1	0	1	0	0	3	0	2	1	1	1	3	0	0	0	4	0	5	0	1	0	2	2	1	0	0	0	0	3	0	0	0	0	0	0	0	1	0	1	1	0	0	0	1	0	0	1	0	0	1	0	0	1	0	0	0	0	1	0	0	1	3	0	2	0	2	0	0	3	0	0	1	0	0	0	1	0	0	0	0	0	0	0	0	0	0	0	0	0	0	1	0	0	0
61	255	249	3	74	11	18	38	17	26	16	1	8	22	12	1	25	21	42	23	78	11	5	9	3	5	1	0	0	4	8	10	8	0	3	14	1	6	12	3	0	2	0	3	0	2	1	0	2	1	1	0	3	0	9	2	2	1	0	0	0	1	0	3	2	1	1	0	0	0	1	2	0	1	1	0	3	0	0	0	1	2	2	0	0	1	0	0	2	1	0	0	0	0	1	0	0	0	1	1	0	0	0	0	0	3	0	0	0	0	0	1	1	0	0	2	1	0	1	1	0	1	0	0	0	0	0	0	1	0	0	0	0	1	2	0	0	0	0	1	0	0	0	0	0	0	0	0	0	0	0	1	1
17	81	62	0	21	8	6	18	5	15	6	0	4	3	8	0	13	4	9	12	33	2	1	3	0	3	0	0	0	1	2	1	1	0	3	3	2	0	1	1	0	4	1	0	0	0	0	0	1	0	1	0	0	0	2	0	0	1	0	0	0	1	0	1	0	1	1	0	0	0	1	0	0	0	1	0	0	0	0	0	1	0	0	0	0	0	0	2	0	1	0	0	0	0	0	0	0	0	0	0	0	0	1	0	0	0	1	0	1	0	1	1	2	0	0	1	2	0	1	0	0	0	0	0	0	0	0	0	1	0	0	0	0	0	0	0	0	0	0	1	0	0	0	0	0	0	0	0	0	0	0	0	1
31	137	146	1	32	5	8	21	11	12	9	2	6	9	12	1	17	8	15	14	43	5	2	7	2	4	1	1	0	8	5	5	2	1	2	4	0	3	3	2	0	1	2	2	0	0	0	0	3	1	1	0	0	0	2	1	0	0	0	0	0	1	0	0	1	0	3	1	1	1	0	1	0	0	2	0	3	0	0	0	1	3	0	1	0	0	0	0	0	0	0	0	0	1	0	0	0	0	1	1	0	0	1	0	0	0	1	0	0	0	0	0	0	0	1	0	0	0	0	0	0	1	1	0	1	0	0	0	0	0	0	0	0	0	0	0	0	0	0	0	0	0	0	0	0	0	0	0	0	0	0	0	1
1	30	18	0	11	1	1	0	1	1	1	1	0	0	2	0	4	1	5	1	11	1	0	3	1	0	0	0	0	0	1	0	0	0	1	0	0	0	1	0	0	0	1	1	0	1	0	0	0	0	0	0	0	0	0	0	1	0	0	0	0	0	0	0	0	0	0	0	0	0	0	0	0	0	0	0	0	1	0	0	2	0	0	0	0	0	0	0	0	0	0	0	0	0	0	0	0	0	0	0	0	0	0	0	0	0	0	0	0	0	1	0	0	0	0	0	0	0	0	0	0	0	0	0	0	0	0	0	0	0	0	0	0	0	0	0	0	0	0	0	0	0	0	0	2	0	0	0	0	0	0	0	0
9	42	50	1	14	3	3	6	4	2	3	1	3	1	4	0	5	6	5	5	17	0	3	2	1	1	0	0	0	0	1	1	0	0	0	1	0	0	1	1	0	1	2	2	0	0	1	0	2	0	0	0	0	0	0	1	0	0	0	0	0	1	0	0	2	1	0	0	0	0	0	0	0	0	2	0	1	0	1	0	1	0	0	0	1	0	0	0	0	1	0	0	0	0	0	0	0	0	0	1	0	0	0	0	0	0	1	0	0	0	0	0	0	0	0	0	0	0	0	0	0	0	0	0	0	0	0	0	0	0	0	0	0	0	0	0	0	0	0	0	0	0	0	0	0	0	0	0	0	0	0	0	0
83	397	419	3	96	20	34	58	35	43	26	6	23	22	31	2	48	25	65	40	139	24	1	16	5	10	0	3	0	10	13	16	7	1	12	17	0	4	13	0	0	7	3	11	1	1	0	1	3	4	4	4	2	0	11	0	3	3	0	0	0	1	0	0	2	2	2	0	0	4	3	0	0	1	4	0	8	0	0	5	5	2	2	0	0	0	0	2	1	1	0	0	0	2	1	1	1	0	4	2	0	0	3	2	0	1	0	2	2	1	4	0	2	0	1	2	3	0	2	3	1	2	4	0	0	0	0	1	0	0	0	1	0	1	0	0	0	0	0	0	0	1	0	0	4	0	0	0	0	3	0	0	2
6	28	32	2	9	3	1	7	3	2	1	1	4	6	2	0	4	0	10	4	17	3	0	0	0	1	0	0	0	1	2	1	0	0	0	1	0	1	3	0	0	2	0	1	0	0	0	0	0	0	0	0	0	0	1	0	0	0	0	0	0	0	0	0	0	1	0	0	0	0	0	0	0	0	0	0	0	0	0	0	0	0	0	0	0	0	0	0	0	0	0	0	0	0	0	0	0	0	1	0	0	0	0	0	0	0	0	0	0	0	0	0	0	0	0	0	0	0	0	0	0	0	0	0	0	0	0	1	0	0	0	0	0	0	1	0	0	0	0	0	0	0	0	0	0	0	0	0	0	1	0	0	0
1	19	24	0	7	0	3	4	2	4	1	0	2	0	1	0	2	1	8	3	12	1	0	0	1	2	0	1	0	0	2	0	1	0	0	1	1	0	2	0	0	0	0	0	0	0	0	0	1	0	0	0	0	0	0	0	0	0	0	0	0	0	0	1	1	0	0	0	0	0	0	0	0	0	0	0	0	0	1	0	0	0	0	0	0	0	0	0	1	0	0	0	0	0	0	0	0	0	1	0	0	0	0	0	0	0	0	0	0	0	0	1	0	0	0	0	0	0	1	0	0	0	0	0	0	0	0	0	0	0	0	0	0	0	0	0	0	0	0	0	0	0	0	0	0	0	0	0	0	0	0	0	0
27	118	123	0	34	7	6	17	9	14	6	1	6	7	12	0	15	9	16	12	34	7	3	3	3	6	0	2	0	1	2	2	2	0	1	6	0	2	12	1	0	2	3	2	1	0	0	0	0	1	0	0	0	0	3	2	1	1	0	0	0	0	0	0	1	1	1	0	0	1	0	0	0	0	2	1	1	0	0	0	1	0	0	0	0	0	0	0	0	0	0	0	0	0	0	0	0	0	0	0	0	0	0	0	1	0	0	0	0	0	0	1	0	0	0	1	0	0	2	0	1	2	0	0	0	0	0	1	0	0	1	0	0	0	0	0	0	0	0	0	0	0	0	0	0	0	0	0	0	1	0	0	1
5	43	45	1	17	4	2	3	4	2	3	0	5	6	10	1	5	2	3	2	16	2	0	2	1	2	0	0	0	2	1	0	0	0	3	3	0	0	1	0	0	1	1	1	0	0	0	0	0	0	0	0	0	0	1	0	0	0	0	0	0	0	0	0	0	3	0	0	0	1	0	0	0	1	0	0	0	0	0	0	0	1	0	0	0	0	0	0	0	0	0	0	0	0	0	1	0	0	0	0	1	0	0	0	0	0	0	0	0	0	0	0	0	0	0	0	1	0	0	0	0	0	0	0	0	0	0	0	0	0	0	0	0	0	0	0	0	0	0	0	0	0	0	0	0	0	0	0	0	0	0	0	0
0	0	0	0	0	0	0	0	0	0	0	0	0	0	0	0	0	0	1	0	0	0	0	0	0	0	0	0	0	0	0	0	0	0	0	0	0	0	0	0	0	0	0	0	0	0	0	0	0	0	0	0	0	0	0	0	0	0	0	0	0	0	0	0	0	0	0	0	0	0	0	0	0	0	0	0	0	0	0	0	0	0	0	0	0	0	0	0	0	0	0	0	0	0	0	0	0	0	0	0	0	0	0	0	0	0	0	0	0	0	0	0	0	0	0	0	0	0	0	0	0	0	0	0	0	0	0	0	0	0	0	0	0	0	0	0	0	0	0	0	0	0	0	0	0	0	0	0	0	0	0	0	0
30	163	162	0	40	10	17	24	18	20	6	2	7	7	19	3	12	9	19	12	70	6	4	6	7	5	2	1	1	3	5	4	4	0	3	12	2	0	6	0	0	3	4	5	0	2	0	0	0	0	0	0	1	1	5	0	0	0	0	0	0	1	0	1	0	1	2	1	0	1	1	0	0	1	2	0	3	0	1	0	0	1	0	0	0	1	0	1	0	3	0	0	0	0	0	0	0	0	1	0	0	0	0	0	1	0	0	1	0	0	1	0	1	0	0	1	1	0	0	0	1	1	2	0	0	0	0	2	0	0	0	0	1	0	1	0	0	0	0	0	0	1	0	0	0	0	0	0	0	0	0	0	0
32	174	175	2	42	13	14	28	15	27	12	0	13	17	14	2	25	14	29	20	79	9	1	6	5	6	1	1	0	0	6	7	4	0	3	6	0	1	1	0	0	2	3	3	0	1	0	1	0	0	1	2	1	0	3	1	1	1	0	1	0	2	0	0	1	0	1	0	0	2	3	0	1	0	0	1	0	0	0	1	0	2	0	2	0	0	0	0	0	2	0	0	0	1	0	0	1	0	1	1	0	0	2	1	0	0	0	0	0	1	0	0	0	0	1	0	1	0	0	1	1	0	1	0	0	0	0	0	0	0	0	0	0	0	2	0	0	0	0	1	0	0	0	0	0	0	0	0	0	0	0	1	0
1	10	8	0	0	1	1	1	1	1	2	0	0	1	0	0	0	0	2	2	5	1	0	0	0	0	0	0	0	0	0	0	0	0	0	0	0	0	1	0	0	0	0	0	0	0	0	0	0	0	0	0	0	0	0	0	0	0	0	0	0	0	0	0	0	0	1	0	0	0	0	0	0	0	0	0	0	0	0	0	0	0	0	0	0	0	0	0	0	0	0	0	0	0	0	0	0	0	0	1	0	0	0	0	0	1	0	0	0	0	0	0	0	0	0	0	0	0	0	0	0	0	0	0	0	0	0	0	0	0	0	0	0	0	0	0	0	0	0	0	0	0	0	0	0	0	0	0	0	0	0	0	0
5	30	21	0	6	1	2	1	7	3	4	0	1	3	2	0	4	4	10	2	6	0	0	0	2	1	0	0	0	0	0	0	0	0	0	4	0	0	1	0	0	2	0	0	0	0	0	0	0	0	0	0	0	0	1	0	1	1	0	1	0	0	0	0	0	0	2	0	0	1	0	0	0	0	0	0	0	0	0	0	0	0	0	0	0	0	0	0	0	0	0	0	0	0	0	0	0	0	0	0	0	0	0	0	0	0	0	0	0	0	0	0	0	0	1	0	0	0	0	0	0	0	0	0	0	0	0	0	0	0	0	0	0	0	1	0	0	0	0	0	0	0	0	0	0	0	0	0	0	0	0	0	0
43	227	269	1	73	18	19	42	19	29	15	3	15	25	23	1	39	17	30	21	103	18	6	12	11	6	0	1	0	7	13	8	5	0	7	13	1	3	12	5	0	3	4	1	0	1	0	0	1	2	0	1	2	0	8	1	1	1	1	1	0	1	0	1	2	1	0	1	1	2	1	0	2	0	2	1	5	0	0	1	1	3	0	0	0	0	0	1	0	0	0	0	0	1	0	0	1	0	1	2	0	0	0	1	3	1	0	0	0	0	0	4	1	0	0	1	0	0	1	1	0	0	0	0	0	0	0	1	0	0	0	0	0	0	0	0	0	0	0	0	0	0	0	0	0	0	0	0	0	0	0	0	3
15	90	77	2	31	5	9	16	8	3	5	1	3	7	7	1	11	7	11	3	19	4	1	3	2	1	0	1	1	2	3	1	1	0	6	1	1	2	8	1	0	3	0	2	0	0	0	0	0	1	1	0	0	0	3	0	0	1	0	0	0	1	0	0	1	0	0	0	0	0	0	0	0	0	0	0	1	0	0	0	1	0	1	0	0	0	0	0	0	0	0	0	0	0	0	1	0	0	1	0	0	0	1	0	0	0	0	0	0	0	1	1	0	0	0	0	0	0	0	1	0	0	0	0	1	0	0	0	1	0	0	0	0	0	0	0	0	0	0	0	0	0	0	0	0	0	0	0	0	0	0	0	0
13	62	87	0	24	4	8	11	4	7	5	1	5	6	10	2	13	11	10	10	29	2	0	1	0	3	0	0	1	3	1	5	2	0	5	10	0	1	5	3	0	0	2	2	0	1	0	1	0	1	0	0	1	0	7	0	0	0	0	0	0	1	0	1	2	0	0	0	1	0	0	0	0	0	0	0	0	0	0	0	2	0	0	0	0	0	1	0	0	0	0	0	1	0	0	0	0	0	0	0	0	0	0	0	1	1	0	0	0	0	0	0	0	0	0	1	0	0	0	0	0	1	0	0	0	0	0	0	0	0	0	0	0	0	1	0	0	0	0	0	0	0	0	0	1	0	0	0	0	1	0	0	0
12	52	57	0	16	1	3	7	4	6	4	0	3	3	6	0	9	5	6	3	27	2	1	0	2	2	0	2	0	0	1	3	0	0	1	3	0	5	3	0	0	2	2	0	0	0	0	0	3	0	0	0	1	0	0	0	1	0	0	0	0	0	0	0	2	0	0	0	0	2	1	0	0	0	0	0	1	0	0	1	0	0	0	0	0	0	0	1	0	1	0	0	0	0	0	0	0	0	0	0	0	0	0	0	0	0	0	0	0	1	0	0	0	0	0	0	0	0	0	0	0	1	0	0	0	0	0	0	0	0	0	0	0	0	0	0	0	0	0	0	0	0	0	0	0	0	0	0	0	1	0	0	0
30	114	134	2	27	6	9	9	9	22	12	1	3	6	14	1	16	11	18	21	46	6	1	6	3	5	0	2	0	0	6	4	5	0	2	8	0	2	4	3	0	3	2	4	0	0	0	0	3	2	0	1	1	0	8	0	0	0	0	0	0	1	0	0	0	0	1	1	0	0	0	0	0	1	0	0	2	1	1	1	0	0	0	3	0	1	0	0	1	1	0	0	0	1	0	0	1	0	1	0	0	0	0	1	0	0	0	0	1	0	0	2	0	0	0	0	0	0	0	0	0	1	0	0	0	0	0	0	0	0	0	0	0	0	1	0	0	0	0	0	0	0	0	2	1	0	0	0	0	0	0	1	0
20	94	84	0	32	2	5	13	9	12	9	0	10	6	11	1	6	10	18	13	44	4	0	4	2	2	0	1	1	1	3	4	3	0	2	4	2	2	5	5	0	3	3	3	0	0	1	1	1	0	0	1	0	0	4	3	0	1	0	1	0	0	0	1	2	0	0	0	0	0	0	1	0	1	1	0	0	0	1	0	1	0	0	0	0	0	0	1	0	0	0	0	0	0	0	0	0	0	2	0	0	0	1	2	0	0	0	0	1	0	0	1	0	0	0	1	0	0	0	0	0	0	0	0	0	0	0	0	0	1	0	0	0	0	0	0	0	0	0	1	0	0	0	0	0	0	0	0	0	0	0	0	0
27	116	123	2	34	7	12	23	18	15	9	2	8	10	14	0	14	7	25	13	59	3	4	8	3	2	0	1	0	3	4	3	1	1	4	5	0	2	6	0	0	8	2	2	1	0	0	0	2	0	0	0	2	0	2	0	3	0	0	1	0	0	0	0	0	0	0	0	0	2	0	0	0	0	0	0	1	1	0	0	1	0	0	0	1	1	0	1	0	0	0	0	0	0	0	0	1	0	0	1	0	0	1	1	0	1	0	0	0	0	0	1	0	0	3	0	1	0	0	0	0	0	0	0	0	0	0	0	0	0	0	0	0	0	0	0	0	0	0	0	0	0	0	1	0	0	0	0	0	0	0	1	0
35	122	149	1	39	6	10	27	8	14	13	0	8	8	14	0	13	11	25	12	47	11	3	3	4	3	0	3	0	4	4	3	0	1	6	5	1	3	11	1	0	2	2	2	0	2	0	0	1	2	0	0	1	0	7	0	1	0	0	0	0	0	0	0	0	2	2	0	0	1	0	0	0	0	1	0	2	0	0	0	0	1	1	0	0	0	0	1	0	0	0	0	0	0	0	0	0	0	3	0	0	0	0	1	0	0	1	0	0	0	0	0	0	0	1	0	0	0	0	0	0	0	1	0	0	0	0	1	0	0	0	0	1	1	0	0	0	0	0	0	0	0	0	0	0	0	0	1	0	0	0	0	1
14	59	70	1	20	2	4	9	4	8	3	2	5	2	5	0	7	5	2	5	24	1	0	4	0	0	0	0	0	1	5	1	1	0	3	2	0	0	3	1	0	0	1	1	1	0	0	1	2	1	0	0	1	0	3	2	1	1	0	1	0	1	0	0	0	0	0	0	0	0	1	0	0	2	2	0	1	0	0	0	0	0	0	0	0	0	0	1	0	0	0	0	0	0	0	0	0	0	1	0	0	0	0	0	0	0	1	0	0	0	0	0	1	0	0	1	0	0	0	0	0	0	0	0	0	0	0	0	0	0	0	0	0	0	0	0	0	0	0	0	0	0	0	0	0	0	0	0	0	0	0	1	2
14	86	102	0	29	4	6	13	5	13	6	0	1	4	9	0	3	4	9	6	35	9	1	8	2	2	0	0	0	2	4	6	5	0	2	2	0	1	5	0	0	1	0	0	0	0	0	0	1	0	0	0	0	0	3	0	1	0	0	0	0	1	0	0	0	0	0	0	0	1	0	1	0	0	0	0	2	0	0	1	1	0	0	0	0	0	0	1	0	0	0	0	0	0	0	0	0	0	0	0	1	0	1	2	1	1	0	0	0	0	0	0	1	1	0	0	0	0	0	0	0	0	0	0	0	0	0	1	0	0	0	0	0	0	0	0	0	0	0	0	0	0	0	0	0	0	0	0	0	0	0	0	0
40	176	157	1	48	3	12	18	20	16	4	2	6	13	10	1	29	12	29	11	54	15	1	6	4	4	0	1	1	2	5	5	2	0	1	5	1	2	9	0	0	2	1	5	1	2	0	1	0	2	1	0	0	0	5	0	0	1	0	2	0	1	0	0	2	2	2	0	0	1	2	0	1	0	3	0	1	0	1	0	1	0	0	0	1	0	1	0	0	0	0	0	0	0	0	1	1	0	1	0	0	0	0	0	0	0	0	1	0	0	0	1	1	0	1	0	0	0	0	0	0	1	0	0	1	0	0	0	0	0	0	0	0	0	0	0	0	0	0	0	0	0	0	0	1	0	0	0	0	1	0	0	0
2	31	34	0	3	0	0	6	3	5	2	0	0	1	0	0	1	1	3	2	9	3	1	0	0	0	0	0	0	0	1	1	0	0	1	2	0	0	2	1	0	0	1	0	1	1	0	0	0	0	0	0	0	0	0	0	0	0	0	0	0	0	0	0	0	1	0	0	0	0	0	0	0	0	0	0	0	0	0	0	0	1	0	0	0	0	0	0	0	0	0	0	0	0	0	1	0	0	0	0	0	0	0	0	0	0	0	0	0	0	0	0	0	0	0	0	0	0	0	0	0	0	0	0	0	0	0	0	0	0	0	0	0	0	0	0	0	0	0	0	0	0	0	0	0	0	0	0	0	0	0	0	0
2	9	10	0	1	0	0	0	0	0	0	0	0	1	0	0	1	0	1	0	2	1	0	0	0	0	0	0	0	0	0	0	0	0	0	0	0	0	0	0	0	0	0	0	0	0	0	0	0	0	0	0	1	0	0	0	0	0	0	0	0	0	0	0	1	0	0	0	0	0	0	0	0	0	0	0	1	0	0	0	0	0	0	0	0	0	0	0	0	0	0	0	0	0	0	0	0	0	0	0	0	0	0	0	0	0	0	0	0	0	0	0	0	0	0	0	0	0	0	0	0	0	0	0	0	0	0	0	0	0	0	0	0	0	0	0	0	0	0	0	0	0	0	0	0	0	0	0	0	0	0	0	0
16	116	107	3	35	7	10	16	7	18	11	1	6	3	9	0	11	6	15	14	48	4	0	4	3	1	1	2	0	5	2	2	1	0	5	6	0	2	6	0	0	2	1	1	0	0	0	0	2	0	0	0	0	0	3	1	0	0	0	0	0	0	0	0	0	0	2	0	0	0	0	1	0	0	0	0	2	0	0	0	0	0	0	0	0	1	0	1	0	1	0	1	0	0	1	1	1	1	0	0	0	0	0	1	0	1	0	0	1	0	0	2	1	0	0	0	0	0	0	1	1	0	0	0	2	0	0	0	0	0	0	0	1	0	0	0	0	0	0	0	0	0	0	0	0	0	1	0	0	0	0	0	1
15	142	157	1	46	4	6	26	12	17	15	1	6	9	7	1	14	15	14	7	50	10	3	4	1	5	0	1	0	3	7	4	1	0	4	8	3	3	5	0	0	1	2	2	2	2	0	1	1	5	0	1	1	0	4	1	0	1	0	1	0	0	0	2	1	1	1	0	0	1	3	0	0	2	0	0	4	0	0	2	1	1	0	0	0	2	0	1	1	0	0	0	2	0	0	0	1	0	3	0	0	0	0	1	0	0	0	0	1	0	0	2	2	0	0	0	0	0	0	0	1	0	0	0	0	0	0	0	1	1	0	0	1	0	2	0	0	0	0	0	0	0	0	0	0	0	1	0	0	0	0	0	0
14	67	69	0	19	3	4	11	5	13	6	2	0	2	11	1	7	5	14	4	27	3	0	3	1	6	0	0	0	1	5	4	3	0	3	2	1	2	2	1	0	3	3	4	0	0	1	0	1	0	0	0	3	0	1	0	0	0	1	1	0	0	0	0	0	2	1	0	0	0	1	2	0	1	0	0	2	0	0	0	0	0	0	0	0	0	0	0	0	0	0	0	0	0	0	0	0	0	0	0	0	0	1	1	0	0	2	1	0	0	0	1	0	0	0	0	1	0	0	0	1	0	0	0	0	0	0	0	0	0	0	0	0	0	0	0	0	0	0	0	0	0	0	0	0	0	0	0	0	0	0	1	2
5	20	29	0	7	2	4	4	5	2	5	1	2	0	4	0	5	1	5	2	7	2	0	1	0	0	0	0	0	2	0	1	0	0	0	4	0	0	3	0	0	0	2	0	0	0	0	0	0	1	0	0	0	0	1	0	0	0	0	0	0	0	0	0	2	0	0	0	0	1	0	0	0	0	0	0	0	0	0	0	0	0	0	0	0	0	0	0	0	0	0	0	0	0	0	0	0	0	0	0	0	0	0	0	0	0	0	0	0	0	0	0	0	0	0	0	0	0	0	0	0	0	0	0	0	0	0	0	0	0	0	0	0	0	0	0	0	0	0	0	0	0	0	0	0	0	0	0	0	0	0	0	0
1	6	8	0	1	1	1	2	0	1	2	0	0	0	1	0	1	0	2	1	1	0	0	0	0	0	0	0	0	0	0	0	0	0	0	1	1	0	2	0	0	0	0	0	0	0	0	0	0	0	0	0	0	0	0	0	0	0	0	0	0	0	0	0	0	0	0	0	0	0	0	0	0	0	0	0	0	0	0	0	0	0	0	0	0	0	0	0	0	0	0	0	0	0	0	0	0	0	0	0	0	0	0	0	0	0	0	0	0	0	0	0	0	0	0	0	0	0	0	0	0	0	0	0	0	0	0	0	0	0	0	0	0	0	0	0	0	0	0	0	0	0	0	0	0	0	0	0	0	0	0	0	0
12	34	27	0	12	1	8	7	6	7	5	2	7	5	5	0	3	0	7	5	16	2	0	1	1	1	1	0	0	0	1	0	1	0	0	3	1	2	2	1	0	1	2	2	0	0	0	0	0	1	1	0	0	0	0	0	0	0	0	0	0	0	0	0	0	0	0	0	0	0	0	0	0	0	0	0	0	0	0	0	0	0	0	0	0	0	0	0	0	0	0	0	0	0	0	0	1	0	0	0	0	0	0	0	0	0	0	0	1	0	0	0	1	0	0	1	0	0	0	0	0	0	0	0	0	0	0	0	0	0	0	0	0	0	0	0	0	0	0	0	0	0	0	0	0	0	0	0	0	0	0	0	0
6	27	19	0	4	3	1	3	2	3	1	0	1	2	1	0	2	3	4	3	7	1	0	1	1	1	0	0	0	0	1	1	0	0	0	1	0	0	4	0	0	1	1	0	0	0	0	0	0	0	0	0	0	0	0	0	1	0	0	0	0	0	0	0	0	0	0	0	0	1	0	0	0	0	0	0	0	0	0	0	1	0	0	0	0	0	0	0	0	0	0	0	0	0	0	0	0	0	0	0	0	0	0	0	0	0	0	0	0	0	0	1	1	0	0	0	0	0	0	0	0	0	0	0	0	0	0	0	0	0	0	0	0	0	0	0	0	1	0	0	0	0	0	0	0	0	0	0	0	0	0	0	0
6	19	24	0	5	1	2	7	6	4	0	0	1	1	2	1	4	2	2	4	5	1	0	0	2	2	0	2	0	1	3	0	0	0	2	1	0	0	2	2	0	0	0	0	0	0	0	0	0	0	0	0	2	0	1	2	1	1	0	0	0	0	0	0	1	0	0	0	0	0	0	0	0	0	1	0	0	0	0	0	0	0	0	0	0	0	0	0	0	0	0	0	0	0	0	0	0	0	0	0	0	0	0	0	0	0	0	0	0	0	0	0	0	0	0	0	0	0	0	0	0	1	0	0	0	0	0	0	0	0	0	0	0	0	0	0	0	0	0	0	0	0	0	0	0	0	0	0	0	0	0	0	0
4	21	32	0	10	1	1	3	3	5	1	0	2	0	2	0	3	4	1	3	6	1	0	0	0	0	0	0	0	0	1	0	0	0	1	0	0	0	0	0	0	0	0	0	0	0	0	0	0	0	0	0	0	0	1	0	0	0	0	1	0	0	0	0	1	0	0	0	0	0	0	0	0	0	0	0	1	0	1	0	0	0	0	0	0	0	0	0	1	0	0	0	0	0	0	0	0	0	0	0	0	0	0	0	0	0	0	0	0	0	0	0	0	0	0	0	0	0	0	0	0	0	0	0	0	0	0	0	0	0	0	0	0	0	0	0	0	0	0	0	0	0	0	0	0	0	1	0	0	0	0	0	0
17	85	71	1	24	9	6	11	4	13	8	2	4	6	8	0	16	5	5	8	30	3	0	1	1	4	0	0	0	2	5	2	3	0	0	6	0	2	3	1	0	0	1	5	0	3	0	0	0	1	0	0	0	0	7	0	1	1	1	0	0	0	0	0	0	0	0	0	0	0	0	0	0	0	0	0	0	0	0	0	0	0	0	0	0	0	0	0	0	0	0	0	0	0	0	1	1	0	2	1	0	0	2	1	0	0	0	0	2	0	0	1	1	0	0	1	0	0	0	0	1	0	0	0	1	0	0	0	0	0	0	0	0	0	1	0	0	0	0	0	0	0	0	1	1	0	0	0	0	0	0	1	0
4	42	24	0	15	2	2	7	7	2	1	0	1	3	1	1	8	2	2	6	15	1	1	2	0	0	0	0	0	0	0	0	0	0	0	2	1	1	1	0	0	0	0	0	0	0	0	0	0	1	0	0	0	0	2	0	0	0	0	0	0	1	0	0	0	0	0	0	0	0	0	0	0	0	1	0	0	0	0	0	0	0	0	0	0	0	0	0	0	0	0	0	0	0	0	0	0	0	0	0	0	0	0	1	0	0	0	1	0	0	0	0	0	0	0	0	0	0	0	0	1	0	0	0	0	0	0	0	0	0	0	0	0	0	0	0	0	0	0	0	0	0	0	0	0	0	0	0	0	0	0	0	0
0	0	0	0	1	0	0	0	0	0	0	0	0	0	0	0	0	0	0	0	0	0	0	0	0	0	0	0	0	0	0	0	0	0	0	0	0	0	0	0	0	0	0	0	0	0	0	0	0	0	0	0	0	0	0	0	0	0	0	0	0	0	0	0	0	0	0	0	0	0	0	0	0	0	0	0	0	0	0	0	0	0	0	0	0	0	0	0	0	0	0	0	0	0	0	0	0	0	0	0	0	0	0	0	0	0	0	0	0	0	0	0	0	0	0	0	0	0	0	0	0	0	0	0	0	0	0	0	0	0	0	0	0	0	0	0	0	0	0	0	0	0	0	0	0	0	0	0	0	0	0	0	0
9	45	38	0	8	2	6	7	3	5	4	1	2	1	1	0	1	1	10	1	14	1	1	1	0	2	0	0	0	1	2	0	0	0	0	3	0	0	1	0	0	0	0	1	0	0	0	0	1	0	0	1	0	1	2	0	0	0	0	0	0	0	0	0	0	0	0	0	0	0	0	0	0	0	1	0	0	0	0	1	0	0	0	0	0	0	0	0	0	0	0	0	0	0	0	0	0	0	1	0	0	0	0	1	0	0	1	0	0	0	0	1	0	0	0	0	1	0	0	0	0	0	0	0	0	0	0	0	0	0	0	1	0	0	0	0	0	0	0	0	0	0	0	0	0	0	1	0	0	0	0	0	0
1	8	7	0	2	2	1	2	0	2	0	0	0	0	0	0	0	0	1	0	2	0	0	0	0	1	0	0	0	0	0	0	0	0	0	0	0	0	0	0	0	0	1	0	0	0	0	0	0	0	0	0	0	0	0	0	0	0	0	0	0	1	0	0	0	0	0	0	0	0	0	0	0	0	0	0	0	0	0	0	0	0	0	0	0	0	0	0	0	0	0	0	0	0	0	0	0	0	0	0	0	0	0	0	0	0	0	0	0	0	0	0	0	0	0	0	0	0	0	0	0	0	0	0	0	0	0	0	0	0	0	1	0	0	0	0	0	0	0	0	0	0	0	0	0	0	0	0	0	0	0	0	0
2	1	4	0	1	0	0	0	1	0	0	0	0	0	0	0	0	0	1	0	0	0	0	0	0	0	0	0	0	0	1	0	0	0	0	0	0	0	0	0	0	0	0	0	0	0	0	0	0	0	0	0	0	0	0	0	0	0	0	0	0	0	0	0	0	0	0	0	0	0	0	0	0	0	0	0	0	0	0	0	0	0	0	0	0	0	0	0	0	0	0	0	0	0	0	0	0	0	0	0	0	0	0	0	0	0	0	0	0	0	0	0	1	0	0	0	0	0	0	0	0	0	0	0	0	0	0	0	0	0	0	0	0	0	0	0	0	0	0	0	0	0	0	0	0	0	0	0	0	0	0	0	0
4	52	59	0	16	2	3	6	8	6	3	0	4	6	7	1	4	5	7	10	15	3	2	0	0	3	0	0	0	1	1	0	0	0	1	3	0	1	1	0	0	1	1	2	0	0	0	0	0	0	1	0	0	0	1	0	0	0	0	0	0	1	0	0	0	0	0	0	0	0	0	0	0	1	0	0	1	0	0	0	0	2	0	0	0	0	0	0	0	0	0	0	0	0	0	0	0	0	0	0	0	0	1	0	0	1	1	0	0	0	0	0	0	0	1	0	1	0	0	0	0	0	0	1	0	1	0	0	0	0	0	0	0	0	0	0	0	0	0	0	0	0	0	1	0	0	0	0	0	1	0	0	0
20	58	60	2	15	3	6	9	6	12	5	0	1	5	1	0	7	4	10	5	29	6	0	2	0	3	0	1	0	0	3	0	1	2	0	2	0	1	5	0	0	1	1	1	0	1	0	0	1	0	0	0	1	0	2	1	0	1	0	0	0	0	0	0	0	1	0	0	0	0	0	0	0	0	1	0	0	0	0	0	0	1	0	0	0	0	0	0	0	1	0	0	0	0	0	0	0	0	0	0	0	0	0	0	0	0	0	0	0	0	0	1	0	0	0	0	0	0	1	0	0	0	1	0	0	0	0	0	0	0	0	0	0	0	0	0	0	0	0	0	0	0	0	0	0	1	0	0	0	0	0	1	0
2	12	7	0	4	0	0	1	2	2	2	0	0	0	4	0	1	0	2	0	7	0	0	2	0	1	0	1	0	1	0	0	0	0	0	1	0	0	0	0	0	1	0	0	0	0	1	0	0	0	0	0	0	0	0	0	0	0	0	0	0	0	0	0	0	0	0	0	0	0	0	0	0	0	1	0	0	0	0	0	0	1	0	0	0	0	0	0	0	0	0	0	0	0	0	0	0	0	0	0	0	0	0	0	0	0	0	0	0	0	0	0	0	0	0	0	0	0	0	0	0	0	0	0	0	0	0	0	0	0	0	0	0	0	0	0	0	0	0	0	0	0	0	0	0	0	0	0	0	0	0	0	0
2	5	5	0	3	0	1	1	0	1	0	0	0	1	0	0	2	0	1	0	1	0	0	0	1	0	0	0	0	0	0	0	0	0	0	0	1	0	0	0	0	0	0	0	0	0	0	0	0	0	0	0	0	0	0	0	0	0	0	0	0	0	0	0	0	0	0	0	0	0	0	0	0	0	0	0	0	0	0	0	0	0	0	0	0	0	0	0	0	0	0	0	0	0	0	0	0	0	0	0	0	0	0	0	0	0	0	0	0	0	0	0	0	0	0	0	0	0	0	0	0	0	0	0	0	0	0	0	0	0	0	0	0	0	0	0	0	0	0	0	0	0	0	0	0	0	0	0	0	0	0	0	1
3	19	27	1	12	2	3	5	4	2	1	0	0	2	8	0	0	0	5	3	16	1	0	0	0	0	0	0	0	0	1	2	0	0	1	0	1	0	2	1	0	0	1	1	0	0	0	0	1	0	0	0	0	1	0	0	0	1	0	0	0	0	0	0	0	1	1	0	0	1	1	0	0	1	0	0	0	0	0	0	1	0	0	0	0	0	0	0	0	0	0	0	0	0	0	0	0	0	1	0	0	0	0	0	0	0	0	0	0	0	0	0	0	0	0	0	0	0	0	1	0	0	0	0	0	0	0	0	0	0	0	0	0	0	0	0	0	0	0	0	0	0	0	0	0	0	0	0	0	0	0	0	0
0	0	0	0	0	0	1	0	0	0	0	0	0	0	0	0	0	0	0	0	0	0	0	0	0	0	0	0	0	0	0	0	0	0	0	0	0	0	0	0	0	0	0	0	0	0	0	0	0	0	0	0	0	0	0	0	0	0	0	0	0	0	0	0	0	0	0	0	0	0	0	0	0	0	0	0	0	0	0	0	0	0	0	0	0	0	0	0	0	0	0	0	0	0	0	0	0	0	0	0	0	0	0	0	0	0	0	0	0	0	0	0	0	0	0	0	0	0	0	0	0	0	0	0	0	0	0	0	0	0	0	0	0	0	0	0	0	0	0	0	0	0	0	0	0	0	0	0	0	0	0	0	0
5	24	31	0	6	2	3	1	0	5	2	0	0	1	3	0	3	1	7	4	13	2	0	0	1	2	0	0	0	0	0	0	1	0	1	0	0	0	1	0	0	1	1	1	0	0	0	0	1	1	0	0	1	0	1	0	0	0	0	1	0	0	0	0	0	0	0	0	0	0	0	0	0	0	0	0	0	0	0	0	0	0	0	0	0	0	0	0	0	0	0	0	0	0	0	0	0	0	0	0	0	0	0	0	0	0	0	0	0	0	0	0	0	0	0	0	0	0	0	0	0	0	0	0	0	0	0	0	0	0	0	0	0	0	0	0	0	0	0	0	0	0	0	0	0	0	0	0	0	0	0	0	0
14	87	90	1	23	2	7	13	11	15	2	0	4	2	9	1	11	7	18	6	27	4	0	1	1	1	0	1	0	2	2	6	1	0	1	4	0	0	2	3	0	0	3	3	0	0	0	0	0	0	1	0	1	0	2	2	0	1	1	0	0	2	0	1	1	1	0	0	0	0	1	0	0	0	0	0	1	0	0	0	0	1	0	0	0	1	0	1	0	0	0	0	0	1	0	1	0	0	0	0	0	0	0	0	0	0	0	1	0	0	0	0	0	0	1	0	0	0	0	0	0	0	0	0	1	0	0	0	0	0	0	0	0	0	0	0	0	0	0	0	0	0	0	0	0	0	0	0	0	0	0	0	0
4	28	33	0	11	4	2	5	0	10	1	0	1	9	3	0	4	1	3	6	11	0	0	0	0	0	1	0	0	1	0	0	0	0	1	2	1	0	3	0	0	1	0	1	0	1	0	0	0	0	0	0	0	0	0	0	0	0	0	0	0	0	0	0	1	0	0	0	0	1	0	0	0	0	0	0	0	0	1	0	0	0	0	0	0	0	0	0	0	0	0	0	0	0	0	1	0	0	0	0	0	0	0	0	0	0	0	0	0	0	0	1	0	0	0	0	0	0	0	0	0	0	0	0	0	0	0	0	0	0	0	0	0	0	0	0	0	0	0	1	1	0	0	0	0	0	0	0	0	0	0	0	0
20	124	106	0	22	8	5	14	9	12	11	0	6	6	12	0	15	12	9	11	42	8	2	2	2	2	0	1	0	3	2	4	0	0	3	5	0	1	8	0	0	1	1	1	1	2	0	1	1	0	0	0	0	0	1	1	1	0	0	0	0	0	0	0	0	1	0	0	1	2	0	1	2	0	0	0	3	0	0	0	0	0	0	0	0	0	0	0	0	0	0	0	0	0	0	0	0	0	0	0	0	0	2	1	0	0	0	0	2	0	0	2	0	0	0	0	1	0	0	1	0	0	0	0	0	1	0	0	0	0	0	0	0	0	0	0	0	0	0	1	0	0	0	0	1	0	0	0	0	0	0	0	1
4	16	30	0	8	2	0	5	2	0	1	0	0	1	4	0	3	1	2	1	8	1	0	1	0	2	0	0	0	1	0	1	0	0	1	0	0	0	3	0	0	0	0	0	0	1	0	0	0	0	0	0	0	0	1	0	0	0	0	0	0	1	0	0	0	0	0	0	0	0	1	0	0	0	0	0	1	0	0	0	0	0	0	0	0	0	1	0	0	0	0	0	0	0	0	0	0	0	0	0	0	0	0	0	0	0	0	0	0	0	0	0	0	0	0	0	0	0	0	0	0	0	0	0	0	1	0	0	0	0	0	0	0	0	0	0	0	0	0	0	0	0	0	0	0	0	0	0	0	0	0	0	0
1	8	12	0	0	2	1	1	0	0	1	0	1	0	0	0	3	0	0	2	4	0	0	0	0	0	0	0	0	0	0	0	0	0	0	0	0	0	0	0	0	0	0	0	0	0	0	0	0	0	0	0	0	0	0	0	0	0	0	0	0	0	0	0	0	0	0	0	0	0	0	0	0	0	0	0	0	0	0	0	0	0	0	0	0	1	0	0	0	0	0	0	0	0	0	0	0	0	0	0	0	0	0	0	0	0	0	0	0	0	0	0	0	0	0	0	0	0	0	0	1	0	0	0	0	0	0	0	0	0	0	0	0	0	0	0	0	0	0	0	0	0	0	0	0	0	0	0	0	0	0	0	0
2	15	9	0	2	1	1	1	1	2	2	0	3	2	3	0	1	0	2	0	4	3	0	0	1	1	0	0	0	1	0	1	0	0	0	1	0	0	0	0	0	0	0	0	0	0	0	0	0	0	0	0	0	0	0	0	0	0	0	0	0	0	0	0	0	0	0	1	0	0	0	0	0	0	0	0	0	0	0	0	0	0	0	0	0	0	0	0	0	1	0	0	0	0	0	0	0	0	0	0	0	0	0	0	0	0	0	0	0	0	0	0	0	0	0	0	0	0	0	0	0	0	0	0	0	0	0	0	0	0	0	0	0	0	0	0	0	0	0	0	0	0	0	0	0	0	0	0	0	0	0	0	0
1	11	10	0	0	0	1	1	1	1	0	0	0	0	0	0	2	0	1	1	1	0	0	0	0	0	0	0	0	0	1	0	1	0	0	1	0	0	0	0	0	0	1	0	0	0	0	0	0	0	0	0	0	0	0	0	0	0	0	0	0	0	0	0	0	0	0	0	0	1	0	0	0	0	0	0	0	0	0	0	0	0	0	0	0	0	0	0	0	0	0	0	0	0	0	0	0	0	0	0	0	0	0	0	0	0	0	0	0	0	0	0	0	0	0	0	0	0	0	0	0	0	0	0	0	0	0	0	0	0	0	0	0	0	0	0	0	0	0	0	0	0	0	0	0	0	0	0	0	0	0	0	0
1	3	4	0	0	0	0	1	3	0	0	0	0	0	0	0	0	0	1	0	2	0	0	0	0	0	0	0	0	0	0	0	0	0	0	0	1	0	2	0	0	0	0	0	0	0	0	1	0	0	0	0	0	0	0	0	0	0	0	0	0	0	0	0	0	0	0	0	0	0	0	0	0	0	0	0	0	0	0	0	0	0	0	0	0	0	0	0	0	0	0	0	0	0	0	0	0	0	1	0	0	0	0	0	0	0	0	0	0	0	0	0	0	0	0	0	0	0	0	0	1	0	0	0	0	0	0	0	0	0	0	0	0	0	0	0	0	0	0	0	0	0	0	0	0	0	0	0	0	0	0	0	0
1	1	1	0	0	0	0	0	0	0	0	0	0	0	0	0	0	0	0	1	0	0	0	0	0	0	0	0	0	0	0	0	0	0	0	0	0	0	0	0	0	0	0	0	0	0	0	0	0	0	0	0	0	0	0	0	0	0	0	0	0	0	0	0	0	0	0	0	0	0	0	0	0	0	0	0	0	0	0	0	0	0	0	0	0	0	0	0	0	0	0	0	0	0	0	1	0	0	0	0	0	0	0	0	0	0	0	0	0	0	0	0	0	0	0	0	0	0	0	0	0	0	0	0	0	0	0	0	0	0	0	0	0	0	0	0	0	0	0	0	0	0	0	0	0	0	0	0	0	0	0	0	0
2	11	13	0	4	1	1	2	0	1	0	0	1	0	0	0	2	0	1	0	4	0	0	0	0	1	0	0	0	0	1	0	1	0	1	0	0	0	0	0	0	0	0	0	0	0	0	0	0	0	0	1	0	0	0	0	0	0	0	0	0	0	0	0	0	0	0	0	0	0	0	0	0	0	0	0	0	0	0	0	1	0	0	0	0	0	0	0	0	0	0	0	0	0	0	0	0	0	0	0	0	0	0	0	0	0	0	0	1	0	0	0	0	0	0	0	0	0	0	0	0	0	0	0	0	0	0	0	0	0	0	0	0	0	0	0	0	0	0	0	0	0	0	0	0	0	0	0	0	0	0	0	0
2	24	22	0	10	0	0	3	1	3	0	0	1	1	0	0	2	2	6	1	9	1	0	1	1	1	0	1	0	1	1	0	0	0	2	1	0	0	0	0	0	0	0	1	1	0	0	0	0	0	0	0	1	0	0	0	0	1	0	0	0	0	0	0	0	0	0	0	0	0	0	0	0	0	1	0	0	0	0	0	0	0	1	0	0	0	0	0	0	0	0	0	0	0	0	0	0	0	0	0	0	0	0	0	0	0	0	0	0	0	0	0	0	0	0	0	0	0	0	0	0	0	0	0	0	0	0	0	0	0	0	0	0	0	0	0	0	0	0	0	0	0	0	0	0	0	0	0	0	0	0	0	0
0	1	1	0	0	0	1	0	0	1	0	0	0	0	0	0	0	0	0	0	0	0	0	0	0	0	0	0	0	0	0	0	0	0	0	0	0	0	0	0	0	0	0	0	0	0	0	0	0	0	0	0	0	0	1	0	0	0	0	0	0	0	0	0	0	0	0	0	0	0	0	0	0	0	0	0	0	0	0	0	0	0	0	0	0	0	0	0	0	0	0	0	0	0	0	0	0	0	0	0	0	0	0	0	0	0	0	0	0	0	0	0	0	0	0	0	0	0	0	0	0	0	0	0	0	0	0	0	0	0	0	0	0	0	0	0	0	0	0	0	0	0	0	0	0	0	0	0	0	0	0	0	0
0	0	0	0	0	0	0	1	0	0	1	0	0	0	0	0	1	1	0	0	1	0	0	0	0	0	0	0	0	0	0	0	0	0	1	0	0	0	0	0	0	0	0	0	0	0	0	0	0	0	0	0	0	0	0	0	1	0	0	0	0	0	0	0	0	0	0	0	0	0	0	0	0	0	0	0	0	0	0	0	0	0	0	0	0	0	0	0	0	0	0	0	0	0	0	0	0	0	0	0	0	0	0	0	0	0	0	0	0	0	0	0	0	0	0	0	0	0	0	0	0	0	0	0	0	0	0	0	0	0	0	0	0	0	0	0	0	0	0	0	0	0	0	0	0	0	0	0	0	0	0	0	0
7	38	49	1	5	6	4	8	3	3	6	0	1	5	4	0	2	4	8	5	18	2	0	0	0	1	0	0	1	2	2	3	1	0	2	4	0	1	3	0	0	1	0	1	0	1	0	0	0	1	0	2	2	0	4	0	0	0	0	0	0	1	0	0	0	0	1	0	1	0	1	0	0	0	1	0	0	0	1	2	0	0	0	0	0	0	0	0	2	0	0	0	0	0	0	0	0	0	1	0	0	0	0	0	0	0	0	0	0	0	0	0	0	0	0	0	0	0	0	0	1	0	0	0	0	0	0	0	0	0	0	0	0	0	0	0	0	0	0	0	0	0	0	0	1	0	0	0	0	0	0	0	0
1	7	2	0	2	0	0	0	5	1	0	1	2	1	0	0	1	0	0	0	5	0	0	1	0	0	0	0	0	0	0	0	1	0	0	0	0	0	1	0	0	0	0	0	0	0	0	0	0	0	0	0	0	0	1	0	0	0	0	0	0	0	0	0	0	0	0	0	0	0	0	0	0	1	0	0	0	0	0	0	0	0	0	0	0	0	0	0	0	0	0	0	0	0	0	0	0	0	0	0	0	0	0	0	0	0	0	0	0	0	0	0	0	0	0	0	0	0	0	0	0	0	0	0	0	0	0	0	0	0	0	0	0	0	0	0	0	0	0	0	0	0	0	0	0	0	1	0	0	0	0	0	0
15	93	87	0	29	8	6	11	9	14	8	0	5	7	7	0	7	10	13	13	35	3	0	4	5	4	0	0	0	1	2	2	1	0	3	6	1	1	6	1	0	0	2	1	0	0	1	0	2	1	1	0	1	0	3	0	1	1	0	0	0	0	0	1	0	0	1	0	1	0	0	0	0	1	1	0	3	0	0	1	1	1	0	0	0	0	0	0	0	0	0	0	0	0	0	0	0	0	2	0	0	0	0	0	0	0	0	0	0	0	0	0	0	0	1	0	0	0	0	0	0	1	0	0	1	0	0	0	0	0	0	0	0	0	1	0	0	0	0	0	0	0	0	0	0	0	0	0	0	0	0	0	2
4	7	2	0	1	0	0	0	0	0	0	0	0	0	0	0	0	0	0	1	1	0	0	0	0	0	0	0	0	0	0	0	0	0	0	1	0	0	0	0	0	0	0	0	0	0	0	0	0	0	0	0	0	0	0	0	0	0	0	0	0	0	0	0	0	0	0	0	0	0	0	0	0	0	0	0	0	0	0	0	0	0	0	0	0	1	0	0	0	0	0	0	0	0	0	0	0	0	0	0	0	0	0	0	0	0	0	0	0	0	0	0	0	0	0	0	0	0	0	0	0	0	0	0	0	0	0	0	0	0	0	0	0	0	1	0	0	0	0	0	0	0	0	0	0	0	0	0	0	0	0	0	0
5	20	27	0	1	3	1	2	2	1	2	0	1	3	0	0	1	2	2	0	5	0	0	0	0	0	0	0	0	0	1	0	1	1	0	0	0	0	0	0	0	0	0	0	0	0	0	0	0	0	0	0	0	0	0	0	0	0	1	0	0	0	0	0	0	0	0	0	0	0	1	0	0	0	0	0	0	0	0	0	0	0	0	0	0	0	0	0	0	0	0	0	0	0	0	0	0	0	1	1	0	0	0	1	0	1	0	0	0	0	0	0	0	0	0	0	1	0	0	0	0	0	0	0	0	0	0	0	0	0	0	0	0	0	0	0	0	0	0	0	0	0	0	0	0	0	0	0	0	0	0	0	0
8	28	37	1	11	2	4	5	0	6	1	0	1	3	2	0	1	4	3	1	15	1	0	0	1	0	0	1	0	0	0	1	2	0	0	1	0	0	3	0	0	0	0	0	0	0	0	0	1	0	0	0	0	0	3	0	0	0	0	1	0	0	0	1	0	0	0	0	0	0	0	0	0	0	0	1	0	0	0	0	0	0	0	0	0	0	0	1	0	0	0	0	0	0	0	0	0	0	0	0	0	0	0	0	0	1	0	0	0	0	0	0	0	0	0	0	0	0	0	0	0	0	0	0	0	0	0	0	0	0	0	0	0	0	0	0	0	0	0	0	0	0	0	0	0	0	0	0	0	0	0	0	0
9	28	15	0	3	1	2	2	1	1	1	0	2	1	3	0	3	2	1	2	7	0	0	0	0	1	0	0	0	0	0	1	1	0	0	0	0	0	1	0	0	1	0	2	0	0	0	0	1	0	0	0	0	0	0	0	0	0	0	0	0	1	0	0	0	0	0	0	0	0	0	0	0	0	1	0	1	0	0	0	1	0	0	0	0	0	0	0	0	0	0	0	0	0	1	0	0	0	0	0	0	0	1	0	0	0	0	0	0	0	0	0	0	0	0	0	0	0	0	0	0	0	0	0	0	0	0	0	0	0	0	0	0	0	0	0	0	0	0	0	0	0	0	0	0	0	0	0	0	0	0	0	0
3	6	6	1	2	1	0	0	0	0	0	0	0	0	0	0	0	0	0	0	0	1	0	0	0	0	0	0	0	0	0	1	0	0	0	0	0	0	0	1	0	0	0	0	0	0	0	0	0	0	0	0	0	0	0	0	0	0	0	0	0	0	0	0	0	0	0	0	0	0	0	0	1	0	0	0	0	0	1	0	0	0	0	0	0	0	0	0	0	0	0	0	0	0	0	0	0	0	0	0	0	0	0	0	0	0	0	0	0	0	0	0	0	0	0	0	0	0	0	0	0	0	0	0	0	0	0	0	0	0	0	0	0	0	0	0	0	0	0	0	0	0	0	0	0	0	0	0	0	0	0	0	0
2	3	4	0	1	2	0	1	0	0	0	0	0	0	0	0	1	1	1	0	1	0	0	0	0	0	0	0	0	0	0	0	0	0	0	1	0	0	0	0	0	0	0	0	0	0	0	0	0	0	0	0	0	0	0	0	0	0	0	0	0	0	0	0	0	0	0	0	0	0	0	0	0	0	1	0	0	0	0	0	0	0	0	0	0	0	0	0	0	0	0	0	0	0	0	0	0	0	0	0	0	0	0	0	0	0	0	0	0	0	0	0	0	0	0	0	0	0	0	0	0	0	0	0	0	0	0	0	0	0	0	0	0	0	0	0	0	0	0	0	0	0	0	0	0	0	0	0	0	0	0	0	0
0	13	10	0	1	0	0	3	1	0	1	0	0	0	0	0	1	2	3	2	6	1	0	0	0	0	0	0	0	0	0	0	1	0	0	0	0	0	0	0	0	0	0	0	0	0	0	0	0	0	0	0	1	0	0	0	0	0	0	0	0	0	0	0	0	0	0	0	0	0	0	0	0	0	0	0	0	0	0	0	0	0	0	0	0	0	0	0	0	0	0	0	0	0	0	0	0	0	0	1	0	0	0	0	0	0	0	0	0	0	0	0	0	0	0	0	0	0	0	0	0	0	0	0	0	0	0	0	0	0	0	0	0	0	0	0	0	0	0	0	0	0	0	0	0	0	0	0	0	0	0	0	0
0	3	5	0	0	0	0	1	1	0	0	0	0	0	1	0	0	1	2	0	1	1	0	0	0	0	0	0	0	0	1	0	0	0	1	0	0	0	0	0	0	0	0	0	0	0	0	0	0	0	0	0	0	0	1	0	0	0	0	0	0	0	0	0	0	0	0	0	0	0	0	0	0	0	0	0	0	0	0	0	0	0	0	0	0	0	0	0	0	0	0	0	0	0	0	0	0	0	0	0	0	0	0	0	0	0	0	0	0	0	0	0	0	0	0	0	0	0	0	0	0	0	0	0	0	0	0	0	0	0	0	0	0	0	0	0	0	0	0	0	0	0	0	0	0	0	0	0	0	0	0	0	0
1	2	0	0	0	0	0	0	0	0	0	0	0	0	0	0	0	0	0	0	0	0	0	1	0	0	0	0	0	0	0	0	0	0	0	0	0	0	0	0	0	0	0	0	0	0	0	0	0	0	0	0	0	0	0	0	0	0	0	0	0	0	0	0	0	0	0	0	0	0	0	0	0	0	0	0	0	0	0	0	0	0	0	0	0	0	0	0	0	0	0	0	0	0	0	0	0	0	0	0	0	0	0	0	0	0	0	0	0	0	0	0	0	0	0	0	0	0	0	0	0	0	0	0	0	0	0	0	0	0	0	0	0	0	0	0	0	0	0	0	0	0	0	0	0	0	0	0	0	0	0	0	0
10	20	24	0	8	0	1	9	0	5	0	0	3	1	2	0	1	2	2	5	10	0	0	1	1	0	0	1	0	0	1	0	0	0	0	1	0	0	3	0	0	1	0	0	0	0	1	0	1	0	0	0	0	0	0	0	0	0	0	0	0	1	0	0	0	0	0	0	0	0	0	0	0	0	1	0	0	0	0	0	0	0	0	1	0	0	0	0	0	0	0	0	0	0	0	0	1	0	0	0	0	0	0	0	0	0	0	0	0	0	0	0	0	0	1	0	0	0	0	0	0	0	0	0	0	0	0	0	0	0	0	0	0	0	0	0	0	0	0	0	0	0	0	0	1	0	0	0	0	0	0	0	0
5	19	26	0	5	3	1	1	4	3	1	0	1	3	3	0	6	1	1	3	7	1	1	1	0	0	0	0	0	1	1	1	0	0	0	3	0	0	0	0	0	0	0	0	0	1	0	0	0	1	0	0	0	0	1	0	0	0	0	0	0	0	0	1	0	0	0	1	0	0	0	0	0	0	0	0	0	0	0	0	0	0	0	0	0	0	0	0	0	0	0	0	0	0	0	0	0	0	0	0	0	0	0	0	0	0	0	0	0	0	0	0	1	0	0	0	0	0	1	0	0	0	0	0	0	0	0	0	0	0	0	0	0	0	0	0	0	0	0	0	0	0	0	0	0	0	0	0	0	0	0	0	0
0	2	1	0	0	1	0	0	1	0	0	0	0	0	0	0	1	0	0	0	1	0	0	0	0	1	0	0	0	0	0	0	0	0	0	0	0	0	0	0	0	0	0	0	1	0	0	0	0	0	0	0	0	0	0	0	0	0	0	0	0	0	0	0	0	0	0	0	0	0	0	0	0	0	0	0	0	0	0	0	0	0	0	0	0	0	0	0	0	0	0	0	0	0	0	0	0	0	0	0	0	0	0	0	0	0	0	0	0	0	0	0	0	0	0	0	0	0	0	0	0	0	0	0	0	0	0	0	0	0	0	0	0	0	0	0	0	0	0	0	0	0	0	0	0	0	0	0	0	0	0	0	0
0	1	4	0	1	0	0	0	0	0	1	0	0	0	0	0	0	0	0	0	0	0	0	0	1	0	0	0	0	0	0	0	0	0	0	0	0	0	0	0	0	0	0	0	0	0	0	0	0	0	0	0	0	0	0	0	0	0	0	0	0	0	0	0	0	0	0	0	0	0	0	0	0	1	0	0	0	0	0	0	0	0	0	0	0	0	0	1	0	0	0	0	0	0	0	0	0	0	0	0	0	0	0	0	0	0	0	0	0	0	0	0	0	0	0	0	0	0	0	0	0	0	0	0	0	0	0	0	0	0	0	0	0	0	0	0	0	0	0	0	0	0	0	0	0	0	0	0	0	0	0	0	0
0	0	4	0	0	0	1	0	0	1	0	0	0	0	0	0	0	0	1	1	0	1	0	0	0	0	0	0	0	0	0	0	0	0	0	0	0	0	0	0	0	0	0	0	0	0	0	0	0	0	0	0	0	0	0	0	0	0	0	0	0	0	0	0	1	0	0	0	0	0	0	0	0	0	0	0	0	0	0	0	0	0	0	0	0	0	0	0	0	0	0	0	0	0	0	0	0	0	0	0	0	0	0	0	0	0	0	0	0	0	0	0	0	0	0	0	0	0	0	0	0	0	0	0	0	0	0	0	0	0	0	0	0	0	0	0	0	0	0	0	0	0	0	0	0	0	0	0	0	0	0	0	0
3	21	17	0	4	2	1	4	1	0	2	0	1	0	0	0	1	2	4	3	4	1	0	0	0	0	0	0	0	0	0	1	0	0	0	0	0	0	1	0	0	0	1	0	0	1	0	0	1	0	0	0	0	0	0	0	1	0	1	0	0	0	0	0	0	0	0	0	0	0	0	0	0	0	0	0	0	0	0	1	0	0	0	0	0	0	0	0	0	0	0	0	0	0	0	1	0	0	0	0	0	0	0	0	0	0	0	0	0	0	0	1	0	0	0	0	0	0	1	0	0	0	0	0	0	0	0	0	0	0	0	0	0	0	0	0	0	0	0	0	0	0	0	0	0	0	0	0	0	0	0	0	0
2	9	10	0	4	2	0	4	1	1	1	0	2	1	0	0	1	1	2	1	6	0	0	1	0	0	0	0	0	0	0	0	0	0	1	0	0	0	0	0	0	0	0	0	0	0	0	0	0	0	0	0	0	0	0	0	0	0	0	0	0	0	0	0	0	0	0	0	0	0	0	0	0	0	0	0	0	0	0	0	0	0	0	0	0	0	0	0	0	0	0	0	0	0	0	0	0	0	1	0	0	0	1	0	0	0	0	0	0	0	0	0	0	0	0	0	0	0	0	0	0	0	0	0	0	0	0	0	0	0	0	0	0	0	0	0	0	0	0	0	0	0	0	0	0	0	0	0	0	0	0	0	0
1	1	1	0	0	0	0	0	0	0	0	0	0	0	0	0	0	1	0	0	1	0	0	0	0	0	0	0	0	0	0	0	0	0	0	0	0	0	0	0	0	0	0	0	0	0	0	0	0	0	0	0	0	0	0	0	0	0	0	0	0	0	0	0	0	0	0	0	0	0	0	0	0	0	0	0	0	0	0	0	0	0	0	0	0	0	0	0	0	0	0	0	0	0	0	0	0	0	0	0	0	0	0	0	0	0	0	0	0	0	0	0	0	0	0	0	0	0	0	0	0	0	0	0	0	0	0	0	0	0	0	0	0	0	0	0	0	0	0	0	0	0	0	0	0	0	0	0	0	0	0	0	0
6	6	8	0	2	1	0	2	2	1	1	0	0	0	2	0	1	2	2	2	3	0	0	0	0	0	0	0	0	0	2	1	0	0	0	0	0	0	0	0	0	1	0	0	0	0	0	0	0	0	0	0	0	0	0	0	0	0	0	0	0	0	0	0	0	0	0	0	0	0	0	0	0	0	0	0	0	0	0	0	0	0	0	0	0	0	0	0	0	0	0	1	0	0	0	0	0	0	0	0	0	0	0	0	0	0	0	0	1	0	0	0	0	0	0	0	0	0	0	0	0	0	0	0	0	0	0	0	0	0	0	0	0	0	0	0	0	0	0	0	0	0	0	0	0	0	0	0	0	0	0	0	0
0	7	3	0	1	0	3	0	1	0	0	0	0	0	0	0	1	0	0	1	3	1	0	0	0	1	0	0	0	0	1	0	0	0	0	0	0	0	0	0	0	0	1	0	0	0	0	0	0	0	0	0	0	0	0	0	0	0	0	0	0	0	0	0	0	0	0	0	0	0	0	0	0	0	0	0	0	0	0	0	0	0	0	0	0	0	0	0	0	0	0	0	0	0	0	0	0	0	0	0	0	0	0	0	0	0	0	0	0	0	0	0	0	0	0	0	0	0	0	0	0	0	0	0	0	0	0	0	0	0	0	0	0	0	0	0	0	0	0	0	0	0	0	0	0	0	0	0	0	0	0	0	1
1	3	3	0	1	0	0	0	0	0	0	0	0	1	0	0	0	0	1	0	0	0	0	0	0	0	0	0	0	0	0	0	0	0	0	0	0	0	0	0	0	0	0	0	0	0	0	0	0	0	0	0	0	0	0	0	0	0	0	0	0	0	0	0	0	0	0	0	0	0	0	0	0	0	0	0	0	0	0	0	0	0	0	0	0	0	0	0	0	0	0	0	0	0	0	0	0	0	0	0	0	0	0	0	0	0	0	0	0	0	0	0	0	0	0	0	0	0	0	0	0	0	0	0	0	0	0	0	0	0	0	0	0	0	0	0	0	0	0	0	0	0	0	0	0	0	0	0	0	0	0	0	0
7	10	11	0	2	1	0	1	0	0	0	1	0	0	1	0	1	2	3	2	3	1	0	2	0	0	0	0	0	0	0	0	0	0	0	0	0	0	0	1	0	0	0	0	0	0	0	0	0	0	0	0	0	0	1	0	0	0	0	0	0	0	0	0	0	0	0	0	0	1	0	0	0	1	0	0	0	0	0	0	0	0	0	0	0	0	0	0	0	0	0	0	0	1	0	0	0	0	0	0	0	0	0	0	0	0	0	0	0	0	0	0	0	0	0	0	0	0	0	0	0	0	0	0	0	0	0	0	0	0	0	0	0	0	0	0	0	0	0	0	0	0	0	0	0	0	0	0	0	0	0	0	0
4	29	21	0	5	1	3	4	1	4	2	0	2	3	2	0	5	3	7	6	13	2	0	1	0	0	0	0	0	0	0	1	0	0	0	3	0	1	1	0	0	0	0	0	0	0	0	0	1	0	0	0	0	0	1	0	0	0	0	0	0	0	0	0	0	1	1	0	0	0	0	0	1	0	0	1	0	0	0	0	0	0	0	0	0	0	0	0	1	0	0	0	0	1	0	0	0	0	1	0	0	0	0	0	0	0	0	0	0	0	0	0	0	0	0	0	1	0	0	0	0	0	0	0	0	0	0	0	0	0	0	0	0	0	0	0	0	0	0	0	0	0	0	0	0	0	0	0	0	0	0	0	0
1	5	5	0	0	0	0	1	1	0	1	0	0	1	1	0	1	1	2	2	3	0	0	0	0	0	0	0	0	0	0	0	0	0	0	1	0	0	0	0	0	0	0	0	0	0	0	0	0	0	0	0	0	0	0	0	0	0	0	0	0	0	0	0	0	0	0	0	0	0	0	0	0	0	0	0	0	0	0	0	0	0	0	0	0	0	0	0	0	0	0	0	0	0	0	0	0	0	0	0	0	0	0	0	0	0	0	0	0	0	0	0	0	0	0	0	0	0	0	0	0	0	0	0	0	0	0	0	0	0	0	0	0	0	0	0	0	0	0	0	0	0	0	0	0	0	0	0	0	0	0	0	0
0	1	1	0	0	0	0	0	0	0	0	0	0	0	1	0	0	0	0	0	0	0	0	0	0	0	0	0	0	0	0	0	0	0	0	0	0	0	0	0	0	0	0	0	0	0	0	0	0	0	0	0	0	0	0	0	0	0	0	0	0	0	0	0	0	0	0	0	0	0	0	0	0	0	0	0	0	0	0	0	0	0	0	0	0	0	0	0	0	0	0	0	0	0	0	0	0	0	0	0	0	0	0	0	0	0	0	0	0	0	0	0	0	0	0	0	0	0	0	0	0	0	0	0	0	0	0	0	0	0	0	0	0	0	0	0	0	0	0	0	0	0	0	0	0	0	0	0	0	0	0	0	0
1	6	5	0	0	0	0	1	0	2	1	0	0	1	2	0	0	0	0	1	2	0	0	1	0	0	0	0	0	0	0	0	0	0	0	1	0	0	0	0	0	0	0	0	0	0	0	0	0	0	0	0	0	0	0	0	0	0	0	0	0	0	0	0	0	0	0	0	0	0	0	0	0	0	0	0	0	0	0	0	0	0	0	0	0	0	0	0	0	0	0	0	0	0	0	0	0	0	0	0	0	0	0	0	0	0	0	0	0	0	0	0	0	0	0	0	0	0	0	0	0	0	0	0	0	0	0	0	0	0	0	0	0	0	0	0	0	0	0	0	0	0	0	0	0	0	0	0	0	0	0	0	0
3	6	9	0	1	0	0	1	0	0	0	0	0	1	1	0	0	0	0	0	2	1	0	1	0	0	0	0	0	0	1	0	0	0	0	1	0	0	1	0	0	1	0	0	0	0	0	0	0	0	0	0	0	0	0	0	0	0	0	0	0	0	0	1	0	0	0	0	0	0	0	0	0	0	0	0	0	0	0	0	0	0	0	0	0	0	0	0	0	0	0	0	0	0	0	0	0	0	0	0	0	0	0	0	0	0	0	0	0	0	0	1	0	0	0	0	0	0	0	0	0	0	0	0	0	0	0	0	0	0	0	0	0	0	0	0	0	0	0	0	0	0	0	0	0	0	0	0	0	0	0	0	0
1	9	16	0	4	0	2	2	0	2	0	0	0	2	3	0	1	0	2	1	5	1	0	0	1	2	0	0	0	0	0	0	0	0	0	0	0	0	0	0	0	0	0	0	0	0	0	0	0	0	0	0	0	0	1	0	0	0	0	0	0	0	0	0	0	0	0	0	0	0	0	0	0	0	0	0	1	0	0	0	0	0	0	0	0	0	0	0	0	0	0	0	0	0	0	0	0	0	0	0	0	0	0	0	0	0	0	0	0	0	0	0	0	0	0	0	0	0	0	0	0	0	0	0	0	0	0	0	0	0	0	0	0	0	0	0	0	0	0	0	0	0	0	0	0	0	0	0	0	0	0	0	0
4	34	21	0	8	1	1	2	3	0	0	0	2	2	0	0	1	2	4	1	8	0	0	0	0	1	0	0	0	1	2	2	0	0	1	1	0	0	0	0	0	1	1	1	0	0	0	0	1	0	0	0	0	0	0	0	1	0	0	0	0	0	0	0	0	1	0	0	0	0	0	0	0	0	0	0	0	0	0	0	0	0	0	0	0	0	0	0	0	0	0	0	0	0	0	0	0	0	0	0	0	0	0	0	1	0	0	0	0	0	0	0	0	0	1	0	0	0	0	0	0	0	0	0	1	0	0	0	0	0	0	0	0	0	0	0	0	0	0	0	0	0	0	0	0	0	0	0	0	0	0	0	0
0	6	4	0	1	0	1	1	0	0	0	0	0	0	2	0	0	1	1	0	0	0	0	0	0	0	0	0	0	1	0	0	0	0	0	1	0	0	0	0	0	0	0	0	0	0	0	0	0	0	0	0	0	0	0	0	0	0	0	0	0	0	0	0	0	0	0	0	0	0	0	0	0	0	0	0	0	0	0	0	0	0	0	0	0	0	0	0	0	0	0	0	0	0	0	0	0	0	0	0	0	0	0	0	0	0	0	0	0	0	0	0	0	0	0	0	0	0	0	0	0	0	0	0	0	0	0	0	0	0	0	0	0	0	1	0	0	0	0	0	0	0	0	0	0	0	0	0	0	0	0	0	0
1	1	0	0	0	0	0	0	0	0	0	0	0	0	0	0	1	0	0	0	0	0	0	0	0	0	0	0	0	0	0	0	0	0	0	0	0	0	0	0	0	0	0	0	0	0	0	0	0	0	0	0	0	0	1	0	0	0	0	0	0	0	0	0	0	0	0	0	0	0	0	0	0	0	0	0	0	0	0	0	0	0	0	0	0	0	0	0	0	0	0	0	0	0	0	0	0	0	0	0	0	0	0	0	0	0	0	0	0	0	0	0	0	0	0	0	0	0	0	0	0	0	0	0	0	0	0	0	0	0	0	0	0	0	0	0	0	0	0	0	0	0	0	0	0	0	0	0	0	0	0	0	0
0	8	7	0	1	0	1	0	0	1	0	0	0	0	2	0	2	2	1	0	1	0	0	0	0	0	0	0	0	0	2	0	0	0	0	0	1	1	1	0	0	0	0	0	0	0	0	0	0	0	0	0	0	0	1	0	0	0	0	0	1	0	0	0	0	1	0	0	0	0	0	0	0	0	0	0	0	0	0	0	0	0	0	0	0	0	0	0	0	0	0	0	0	0	0	0	0	0	0	0	0	0	0	0	0	1	0	0	0	0	0	0	0	0	0	0	0	0	0	0	0	0	0	0	0	0	0	0	0	0	0	0	0	0	0	0	0	0	0	0	0	0	0	0	0	0	0	0	0	0	0	0	0
2	19	10	0	1	0	0	2	0	1	1	0	0	1	0	0	1	0	1	0	0	0	0	0	0	0	0	0	0	0	0	0	0	0	0	1	0	1	0	0	0	0	1	0	0	0	0	0	0	0	0	0	0	0	1	0	0	0	0	0	0	0	0	0	0	0	0	0	0	0	0	0	0	0	1	0	0	0	0	0	0	0	0	0	0	0	0	0	0	0	0	0	0	0	0	0	0	0	0	0	0	0	0	0	0	0	0	0	0	0	0	0	0	0	0	0	1	0	0	0	0	0	0	0	0	0	0	0	0	0	0	0	0	0	0	0	0	0	0	0	0	0	0	0	0	0	0	0	0	0	0	0	0
1	4	1	0	0	0	0	0	1	0	0	0	1	1	1	0	0	0	0	1	0	0	0	0	1	0	0	0	0	0	0	0	0	0	0	0	0	0	0	0	0	0	0	0	0	0	0	0	0	0	0	0	0	0	0	0	0	0	0	0	0	0	0	0	0	0	0	0	0	0	0	0	0	0	0	0	0	0	0	0	0	0	0	0	0	0	0	0	0	0	0	0	0	0	0	0	0	0	0	0	0	0	0	0	0	0	0	0	0	0	0	0	0	0	0	0	0	0	0	0	0	0	0	0	0	0	0	0	0	0	0	0	0	0	0	0	0	0	0	0	0	0	0	0	0	0	0	0	0	0	0	0	0
0	0	2	0	0	0	0	1	0	0	0	0	0	0	0	0	0	0	0	0	0	0	0	0	0	0	0	0	0	0	0	0	0	0	0	0	0	0	0	0	0	0	0	0	0	0	0	0	0	0	0	0	0	0	0	0	0	0	0	0	0	0	0	0	0	0	0	0	0	0	0	0	0	0	0	0	0	0	0	0	0	0	0	0	0	0	0	0	0	0	0	0	0	0	0	0	0	0	0	0	0	0	0	0	0	0	0	0	0	0	0	0	0	0	0	0	0	0	0	0	0	0	0	0	0	0	0	0	0	0	0	0	0	0	0	0	0	0	0	0	0	0	0	0	0	0	0	0	0	0	0	0	0
3	15	16	0	4	1	1	0	1	1	4	0	0	1	2	0	2	1	1	1	4	1	0	1	0	2	0	1	0	0	0	0	0	0	2	0	0	0	3	1	0	0	0	0	0	1	0	0	1	0	0	0	0	0	1	0	0	0	0	0	0	1	0	0	0	0	0	0	0	0	0	0	0	0	0	0	2	0	0	0	0	0	0	0	0	0	0	0	0	0	0	0	0	0	0	0	0	0	0	0	0	0	0	0	0	0	0	0	0	0	0	0	0	0	0	0	0	0	0	0	0	0	0	0	0	0	0	0	0	0	0	0	0	0	0	0	0	0	0	0	0	0	0	0	0	0	0	0	0	0	0	0	0
0	1	1	0	0	0	0	0	0	0	0	0	0	0	0	0	1	0	0	0	1	0	0	0	1	0	0	0	0	0	0	0	0	0	0	0	0	0	0	0	0	0	0	0	0	0	0	0	0	0	0	0	0	0	0	0	0	0	0	0	0	0	0	0	0	0	0	0	0	0	0	0	0	0	0	0	0	0	0	0	0	0	0	0	0	0	0	0	0	0	0	0	0	0	0	0	0	0	0	0	0	0	0	0	0	0	0	0	0	0	0	0	0	0	0	0	0	0	0	0	0	0	0	0	0	0	0	0	0	0	0	0	0	0	0	0	0	0	0	0	0	0	0	0	0	0	0	0	0	0	0	0	0
1	9	6	0	1	0	0	0	0	0	0	0	0	0	0	0	0	0	2	0	1	1	1	0	1	0	0	0	0	0	0	0	0	0	0	1	0	0	0	0	0	0	0	0	0	0	0	0	0	0	0	0	0	0	0	0	0	0	0	0	0	0	0	0	0	0	0	0	0	0	0	0	0	0	0	0	0	0	0	0	0	0	0	0	0	0	0	0	0	0	0	0	0	0	0	0	0	0	0	0	0	0	0	0	0	1	0	0	0	0	0	0	0	0	0	0	0	0	0	0	0	0	0	0	0	0	0	0	0	0	0	0	0	0	0	0	0	0	0	0	0	0	0	0	0	0	0	0	0	0	0	0	0
0	7	4	0	0	0	0	1	0	0	0	0	0	0	0	0	0	0	0	0	3	0	0	0	1	0	0	0	0	0	0	0	0	0	0	0	0	0	0	0	0	0	0	1	0	0	0	0	0	0	0	0	0	0	0	0	0	0	0	0	0	0	0	0	0	0	1	0	0	0	0	0	0	0	0	0	0	0	0	0	0	0	0	0	0	0	0	0	0	0	0	0	0	0	0	0	0	0	0	0	0	0	0	0	0	0	0	0	0	0	0	0	0	0	0	0	0	0	0	0	0	0	0	0	0	0	0	0	0	0	0	0	0	0	0	0	0	0	0	0	0	0	0	0	0	0	0	0	0	0	0	0	0
4	10	7	0	5	0	1	2	1	0	0	1	1	3	3	2	2	3	1	2	2	0	1	0	0	0	0	0	0	0	0	1	2	0	0	1	0	0	2	0	0	0	0	1	0	0	0	0	0	0	0	0	0	0	0	0	0	0	0	0	0	0	0	0	0	0	0	0	0	1	0	0	0	0	0	0	1	0	0	0	0	0	0	0	0	0	0	0	0	0	0	0	0	0	0	0	0	0	1	1	0	1	0	0	0	0	0	0	0	0	0	0	0	0	0	0	0	0	0	0	0	0	0	0	0	0	0	0	0	0	0	0	0	1	0	0	0	0	0	0	0	0	0	0	0	0	0	0	0	0	0	0	0
2	8	4	0	1	0	1	0	0	1	1	0	0	0	0	0	0	0	0	0	2	0	0	1	0	0	0	0	0	0	0	0	0	0	0	1	0	0	0	0	0	0	0	0	0	0	0	0	0	0	0	0	0	0	0	0	0	0	0	0	0	0	0	0	1	0	0	0	0	0	0	0	0	0	0	0	1	0	0	0	0	0	0	0	0	1	0	0	0	0	0	0	0	0	0	0	0	0	0	0	0	0	0	0	0	0	0	0	0	0	0	0	0	0	0	0	0	0	0	0	0	0	0	0	0	0	0	0	0	0	0	0	0	0	0	0	0	0	0	0	0	0	0	0	0	0	0	0	0	0	0	0	0
0	1	1	0	2	0	0	0	1	1	0	0	0	0	0	0	0	0	0	0	0	1	0	0	0	0	0	0	0	0	0	0	0	0	0	0	0	0	0	0	0	0	0	0	0	0	0	0	0	0	0	0	0	0	0	0	0	0	0	0	0	0	0	0	0	0	0	0	0	0	0	0	0	0	0	0	0	0	0	0	0	0	0	0	0	0	0	0	0	0	0	0	0	0	0	0	0	0	0	0	0	0	0	0	0	0	0	0	0	0	0	0	0	0	0	0	0	0	0	0	0	0	0	0	0	0	0	0	0	0	0	0	0	0	0	0	0	0	0	0	0	0	0	0	0	0	0	0	0	0	0	0	0
0	0	1	0	0	0	0	0	0	1	0	0	0	0	0	0	0	0	0	0	0	0	0	0	0	0	0	0	0	0	0	0	0	0	0	0	0	0	0	0	0	0	0	0	0	0	0	0	0	0	0	0	0	0	0	0	0	0	0	0	0	0	0	0	0	0	0	0	0	0	0	0	0	0	0	0	0	0	0	0	0	0	0	0	0	0	0	0	0	0	0	0	0	0	0	0	0	0	0	0	0	0	0	0	0	0	0	0	0	0	0	0	0	0	0	0	0	0	0	0	0	0	0	0	0	0	0	0	0	0	0	0	0	0	0	0	0	0	0	0	0	0	0	0	0	0	0	0	0	0	0	0	0
0	1	1	0	0	0	0	0	0	0	0	0	0	0	0	0	0	0	0	0	0	0	0	0	0	0	0	0	0	0	0	0	0	0	0	0	0	0	0	0	0	0	0	0	0	0	0	0	0	0	0	0	0	0	0	0	0	0	0	0	0	0	0	0	0	0	0	0	0	0	0	0	0	0	0	0	0	0	0	0	0	0	0	0	0	0	0	0	0	0	0	0	0	0	0	0	0	0	0	0	0	0	0	0	0	0	0	0	0	0	0	0	0	0	0	0	0	0	0	0	0	0	0	0	0	0	0	0	0	0	0	0	0	0	0	0	0	0	0	0	0	0	0	0	0	0	0	0	0	0	0	0	0
2	13	12	0	2	0	0	2	3	3	2	0	0	0	2	0	1	0	1	1	3	1	0	0	0	0	0	0	0	1	1	0	0	0	0	1	0	0	0	0	0	0	1	0	0	0	0	0	0	0	0	0	0	0	0	0	0	0	0	0	0	0	0	0	0	0	0	0	0	0	1	0	0	0	0	0	0	0	0	0	0	0	0	0	0	0	0	0	0	0	0	0	0	0	0	0	0	0	0	0	0	0	0	0	0	0	0	0	0	0	0	0	0	0	0	0	0	0	0	0	0	0	1	0	0	0	0	0	0	0	0	0	0	0	0	0	0	0	0	0	0	0	0	0	0	0	0	0	0	0	0	0	0
0	10	7	0	1	0	0	1	1	1	0	0	1	0	1	0	0	0	3	0	7	1	0	0	0	0	0	0	0	0	0	0	0	0	2	0	0	0	0	0	0	0	0	0	0	0	0	0	0	0	0	0	0	0	1	1	0	0	0	0	0	0	0	0	0	0	0	0	0	0	0	0	0	0	0	0	0	0	0	0	0	0	0	0	0	0	0	0	0	0	0	0	0	0	0	0	0	0	0	0	0	0	0	0	0	0	0	0	0	0	0	0	0	0	0	0	0	0	0	0	0	0	0	0	0	0	0	0	0	0	0	0	0	0	0	0	0	0	0	0	0	0	0	0	0	0	0	0	0	0	0	0	0
0	5	3	0	3	0	0	0	0	1	2	0	0	0	1	0	0	0	0	0	2	0	0	0	0	0	0	0	0	0	0	0	0	0	0	0	0	0	0	0	0	0	0	0	0	0	0	0	0	0	0	0	0	0	1	0	0	0	0	0	0	0	0	0	0	0	0	0	0	0	0	0	0	0	0	0	0	0	0	0	0	0	0	0	1	0	0	0	0	0	0	0	0	0	0	0	0	0	0	0	0	0	0	0	0	0	0	0	0	0	0	0	0	0	0	0	0	0	0	0	0	0	0	0	0	0	0	0	0	0	0	0	0	0	0	0	0	0	0	0	0	0	0	0	0	0	0	0	0	0	0	0	0
2	14	11	0	1	0	2	3	0	0	0	0	0	1	0	0	0	1	0	0	3	0	0	0	0	0	0	0	0	0	0	0	0	0	0	0	0	0	0	0	0	1	1	0	0	0	0	0	0	0	0	0	0	0	1	0	0	0	0	0	0	0	0	0	1	0	0	0	0	0	0	1	0	0	0	0	0	0	0	0	0	0	0	0	0	1	0	0	0	1	0	0	0	0	0	1	0	0	0	0	0	0	0	0	0	0	0	0	0	0	1	0	0	0	0	0	0	0	0	0	0	0	0	0	0	0	0	0	0	0	0	0	0	0	0	0	0	0	0	0	0	0	0	0	0	0	0	0	0	0	0	0	0
0	3	2	0	0	0	0	0	0	1	0	0	0	0	0	0	1	0	3	0	0	0	1	0	0	0	0	0	0	0	0	0	0	0	0	0	0	0	2	0	0	0	0	0	0	0	0	0	0	0	0	0	0	0	0	0	0	0	0	0	0	0	0	0	0	0	0	0	0	0	0	0	0	0	0	0	0	0	0	0	0	0	0	0	0	0	0	0	0	0	0	0	0	0	0	0	0	0	0	0	0	0	0	0	0	0	0	0	0	0	0	0	0	0	0	0	0	0	0	0	0	0	0	0	0	0	0	0	0	0	0	0	0	0	0	0	0	0	0	0	0	0	0	0	0	0	0	0	0	0	0	0	0
8	34	19	0	3	1	1	2	0	3	3	1	1	1	4	0	2	2	4	2	11	3	0	2	0	2	0	0	0	0	1	1	0	0	1	0	0	3	0	0	0	2	0	0	1	0	0	0	1	1	0	0	0	0	1	0	1	0	0	0	0	1	0	0	0	1	0	0	0	0	0	0	0	0	0	0	0	0	0	0	0	0	0	0	0	0	0	0	0	0	0	0	0	0	0	0	0	0	0	0	0	0	0	0	0	0	0	0	0	0	0	0	0	0	0	0	1	0	0	0	0	0	0	0	0	0	0	0	0	0	0	0	0	0	0	0	0	0	0	0	0	0	0	0	0	0	0	0	0	0	0	0	1
1	10	12	0	1	1	0	1	0	0	3	1	0	1	1	0	3	1	4	2	4	0	0	2	0	0	0	0	0	1	0	0	1	0	1	0	0	0	3	0	0	0	0	0	0	0	0	0	0	0	0	0	0	0	1	0	0	0	0	0	0	0	0	0	0	0	0	0	0	0	0	0	0	0	0	0	0	0	0	0	0	0	0	0	0	0	0	0	0	0	0	0	0	0	0	0	0	0	0	0	0	0	0	0	0	0	0	0	0	0	0	0	0	0	0	0	0	0	0	0	1	0	0	0	0	0	0	0	0	0	0	0	0	0	0	0	0	0	0	0	0	0	0	0	0	0	0	0	0	0	0	0	0
1	2	2	0	1	0	0	1	1	1	0	0	0	0	0	0	0	0	2	0	1	1	0	0	0	0	0	0	0	0	0	0	0	0	0	0	0	0	0	0	0	0	0	0	0	0	0	0	0	0	0	0	0	0	1	0	0	0	0	0	0	0	0	0	0	0	0	0	0	0	1	0	0	0	0	0	0	0	0	0	0	0	0	0	0	0	0	0	0	0	0	0	0	0	0	1	0	0	0	0	0	0	0	0	0	0	0	0	0	0	0	0	0	0	0	0	0	0	0	0	0	0	0	0	0	0	0	0	0	0	0	0	0	0	0	0	0	0	0	0	0	0	0	0	0	0	0	0	0	0	0	0	0
2	8	6	0	1	1	1	1	1	0	0	0	0	0	1	0	3	0	0	2	3	1	0	1	0	1	0	0	0	0	0	0	0	0	0	0	0	0	2	0	0	0	3	0	0	0	0	0	0	0	0	0	1	0	0	0	0	0	0	0	0	0	0	0	0	0	0	0	0	0	0	0	0	0	0	0	0	0	0	0	0	0	0	0	0	0	0	1	0	0	0	0	0	0	0	0	0	0	0	0	0	0	0	0	0	0	0	0	0	0	0	0	0	0	0	0	0	0	0	0	0	0	0	0	0	0	0	0	0	0	0	0	0	0	0	0	0	0	0	0	0	0	0	0	0	0	0	0	0	0	0	0	0
0	1	0	0	0	0	0	0	0	0	0	0	0	0	0	0	0	0	0	0	0	0	0	0	0	0	0	0	0	0	0	0	0	0	0	0	0	0	0	0	0	0	0	0	0	0	0	0	0	0	0	0	0	0	0	0	0	0	0	0	0	0	0	0	0	0	0	0	0	0	0	0	0	0	0	0	0	0	0	0	0	0	0	0	0	0	0	0	0	0	0	0	0	0	0	0	0	0	0	0	0	0	0	0	0	0	0	0	0	0	0	0	0	0	0	0	0	0	0	0	0	0	0	0	0	0	0	0	0	0	0	0	0	0	0	0	0	0	0	0	0	0	0	0	0	0	0	0	0	0	0	0	0
0	1	1	0	0	0	0	0	0	0	0	0	0	0	0	0	0	0	0	0	4	0	0	0	0	0	0	0	0	0	0	0	0	0	0	0	0	0	0	0	0	0	0	0	0	0	0	0	0	0	0	0	0	0	0	0	0	0	0	0	0	0	0	0	0	0	0	0	0	0	0	0	0	0	0	0	0	0	0	0	0	0	0	0	0	0	0	0	0	0	0	0	0	0	0	0	0	0	0	0	0	0	0	0	0	0	0	0	0	0	0	0	0	0	0	0	0	0	0	0	0	0	0	0	0	0	0	0	0	0	0	0	0	0	0	0	0	0	0	0	0	0	0	0	0	0	0	0	0	0	0	0	0
1	33	22	0	9	0	1	3	3	2	2	0	3	3	7	0	4	0	6	1	6	3	0	1	0	2	0	0	0	1	2	0	0	0	1	1	0	0	2	0	0	0	0	0	0	1	1	0	0	0	0	0	0	0	1	0	0	0	0	0	0	0	0	0	1	0	0	0	0	0	0	0	0	0	0	0	0	0	0	0	0	0	0	0	0	0	0	0	0	0	0	0	0	1	0	0	0	0	0	0	0	0	1	0	0	0	0	0	0	0	0	0	0	0	1	0	0	0	0	0	0	0	0	0	0	0	0	0	0	0	0	0	0	0	0	0	0	0	0	0	0	0	0	0	0	0	0	0	0	1	0	0	0
0	1	1	0	0	0	0	1	0	0	0	0	0	0	0	0	1	0	0	0	2	0	0	0	0	0	0	0	0	0	0	0	0	0	0	0	0	0	0	0	0	0	0	0	0	0	0	0	0	0	0	0	0	0	0	0	0	0	0	0	0	0	0	0	0	0	0	0	0	0	1	0	0	0	0	0	0	0	0	0	0	0	0	0	0	0	0	0	0	0	0	0	0	0	0	0	0	0	0	0	0	0	0	0	0	0	0	0	0	0	0	0	0	0	0	0	0	0	0	0	0	0	0	0	0	0	0	0	0	0	0	0	0	0	0	0	0	0	0	0	0	0	0	0	0	0	0	0	0	0	0	0	0
0	1	0	0	1	0	0	0	0	0	0	0	0	0	0	0	0	0	0	0	1	2	0	0	0	0	0	1	0	0	0	0	0	0	0	1	0	0	0	0	0	0	0	0	0	0	0	0	0	0	0	0	0	0	1	0	0	0	0	0	0	0	0	0	0	0	0	0	0	0	0	0	0	0	0	0	0	0	0	0	0	1	0	0	0	0	0	0	0	0	0	0	0	0	0	0	0	0	0	0	0	0	0	0	0	0	0	0	0	0	0	0	0	0	0	0	0	0	0	0	0	0	0	0	0	0	0	0	0	0	0	0	0	0	0	0	0	0	0	0	0	0	0	0	0	0	0	0	0	0	0	0	0
0	1	0	0	0	0	1	0	0	1	0	0	0	0	0	0	0	0	0	0	0	0	0	0	0	0	0	0	0	0	0	0	0	0	0	0	0	0	0	0	0	0	0	0	0	0	0	0	0	0	0	0	0	0	0	0	0	0	0	0	0	0	0	0	0	0	0	0	0	0	0	0	0	0	0	0	0	0	0	0	0	0	0	0	0	0	0	0	0	0	0	0	0	0	0	0	0	0	0	0	0	0	0	0	0	0	0	0	0	0	0	0	0	0	0	0	0	0	0	0	0	0	0	0	0	0	0	0	0	0	0	0	0	0	0	0	0	0	0	0	0	0	0	0	0	0	0	0	0	0	0	0	0
