20;16;20;6;10;-5.29831736654804;-4.89285225843987;-4.60517018598809;-3.79423996977176;-2.77258872223978;-4.89285225843987;-0.470003629245736;-4.3485959861434;1.99808836837491
40;31;41;10;11;-7.42714413340862;-6.04084977228873;-4.94223748362062;-4.53677237551245;-3.15047801439256;-5.63538466418056;-0.677212939620046;-5.21526261838644;2.89961772333551
61;45;62;18;14;-8.25426877009018;-7.56112158953024;-6.64483085765608;-5.61521144047492;-3.31262634748088;-7.15565648142207;-0.742197524254716;-6.45177265598344;3.76200836789789
81;57;81;19;15;-8.78889830934488;-7.69028602067677;-6.70945676766504;-5.89852655144871;-3.1904763503465;-7.69028602067677;-1.01867510518609;-6.74871185598489;4.32918725128157
103;67;100;20;17;-9.21034037197618;-8.31446063736216;-7.01311579463996;-6.11929791861787;-3.02825546525955;-7.82404601085629;-1.15868081513423;-7.04294961261919;4.61046962498201
123;77;119;20;17;-9.55824698622306;-8.17195262510317;-7.07334033643506;-5.93470669393018;-3.16131733100691;-7.94880907378896;-1.25276296849537;-7.01138041810279;4.65876792166549
144;83;135;23;19;-9.81054955687686;-8.71193726820875;-7.50796446388281;-6.4093521752147;-3.25946922183345;-9.11740237631691;-1.21973422559001;-7.41199447648944;4.93369279329276
164;91;162;24;19;-10.1751926704648;-8.78889830934488;-7.69028602067677;-6.33626092012566;-3.31138927901181;-9.48204548990482;-1.29266216203115;-7.52710620161648;5.17928990323566
184;98;178;26;21;-10.3635671005842;-8.97727273946428;-7.79861774312263;-6.67468764647023;-3.35145180627779;-9.67041992002422;-1.21701886169577;-7.74907251183312;5.21055685174956
204;105;197;28;22;-10.566407457476;-9.18011309635609;-8.00145810001444;-6.87752800336204;-3.26661009071782;-9.87326027691603;-1.23730674977895;-7.94472363655172;5.34160198618827
224;112;216;28;24;-10.7505568153683;-9.36426245424844;-8.26565016558033;-6.98962718926752;-3.30280553532042;-9.65194452670022;-1.28704817897224;-8.11441426740471;5.65063905335669
244;118;234;31;24;-10.9106422307154;-9.52434786959551;-8.51274695791703;-7.18502138822156;-3.34692256230104;-9.52434786959551;-1.28264470986569;-8.27555795988255;5.77252507190849
264;128;249;33;27;-11.0349057929294;-9.93629350426131;-8.73232069993537;-7.34602633881548;-3.31889052628683;-9.64861143180952;-1.30446296040703;-8.54730069047851;5.91850636392824
285;139;273;36;31;-11.2189435903699;-10.1203313017018;-9.0217190130337;-7.58135743064353;-3.38296900864835;-10.1203313017018;-1.27994411683243;-8.90534172897;6.14699583945433
307;146;291;36;33;-11.346646534343;-10.2480342456749;-9.14942195700677;-7.65776708022905;-3.37728879232664;-10.2480342456749;-1.26895360561516;-8.97609143572447;6.13645998541117
327;154;309;36;35;-11.4666825537955;-10.5708028191815;-9.38724101211566;-7.77780309968156;-3.42752516332225;-10.0803881926756;-1.29875596753798;-9.09153538379187;6.33313483320971
347;158;327;37;37;-11.5799203417945;-10.8867731612346;-9.63401019273919;-7.84225072351114;-3.47370743917454;-10.4813080531264;-1.2918849294056;-9.23446251841078;6.43297562060934
368;160;345;37;37;-11.6870888340627;-10.5884765453946;-9.74117868500741;-7.92588871836916;-3.43126040678089;-10.5884765453946;-1.32125187121772;-9.28423692488053;6.63211615452552
389;165;367;37;37;-11.8107236961091;-10.712111407441;-9.73128215442931;-7.93952268520125;-3.42912115899925;-10.712111407441;-1.32571909168449;-9.28255323624376;6.7233144198566
410;173;387;37;39;-11.9168493860596;-10.8182370973915;-9.83740784437973;-7.96560566747814;-3.45898166072814;-11.2237022054996;-1.32771773078464;-9.35563908326472;6.77392749743397
431;187;413;37;39;-12.0468951859221;-10.6606008248022;-9.56198853613406;-7.91976080087697;-3.51343502204196;-11.3537480053621;-1.36062543725467;-9.33835108216712;6.87439422287665
451;195;436;37;42;-12.1552844866981;-10.7689901255782;-9.67037783691007;-8.01214976030654;-3.55173012963379;-10.7689901255782;-1.38207383810412;-9.46776274291226;7.00588051096373
471;203;454;39;44;-12.2361943960827;-11.3403146614687;-9.98628956091756;-8.21084270534755;-3.50518098081313;-10.8499000349628;-1.37027707769272;-9.62461729448719;7.06241178822961
491;211;472;39;45;-12.3139579711711;-11.6208107906112;-10.0113728781771;-8.21961340894901;-3.50783348790266;-10.9276636100512;-1.40657182103931;-9.66826167759175;7.1572807765354
500;213;484;39;45;-12.3641698134333;-11.6710226328733;-9.96627454063489;-8.22103508704173;-3.49014169087693;-10.9778754523134;-1.42967095569883;-9.698524676904;7.27354674860925
520;223;503;41;48;-12.4411803401995;-11.7480331596395;-10.1385952472054;-8.47088842664736;-3.52012332204205;-11.0548859790796;-1.41717224694636;-9.87002906111828;7.33824742194029
541;230;519;42;52;-12.5038077663318;-11.8106605857718;-10.2012226733377;-8.55256404775035;-3.52439113298877;-11.4051954776637;-1.40249627505659;-10.0078572636314;7.29226539618574
561;239;533;42;59;-12.5570428483317;-11.8638956677717;-10.3598182709955;-8.86816339421775;-3.533032054547;-11.4584305596636;-1.38206871330209;-10.1606714552667;7.14238200587387
581;243;546;45;59;-12.6052379514898;-11.9120907709299;-10.4080133741536;-9.0498898900004;-3.53969216441686;-11.9120907709299;-1.39031429137822;-10.2846286438958;7.20088693717909
601;250;562;49;59;-12.6630036997874;-11.9698565192274;-10.5835621581075;-9.13664317517122;-3.52426674667089;-11.9698565192274;-1.39449649641022;-10.416034083168;7.18094156660578
622;256;584;50;60;-12.7398019656565;-12.0466547850965;-10.6603604239766;-9.18445390416704;-3.53266672462922;-12.0466547850965;-1.38552059412582;-10.4679322674135;7.2057296873006
642;262;608;50;61;-12.8203497639323;-12.1272025833724;-10.7409082222525;-9.26500170244292;-3.53212285329908;-11.7217374752642;-1.4129070443119;-10.5136482054502;7.27719961061568
662;273;642;52;63;-12.9291766073799;-12.23602942682;-10.8497350657001;-9.34565766892381;-3.5586750832798;-12.23602942682;-1.40963309010812;-10.6153094275791;7.30971635910773
682;275;654;52;63;-12.9662147029144;-12.2730675223545;-10.8867731612346;-9.32862854318801;-3.55702347219305;-12.2730675223545;-1.42149991545476;-10.6364080908517;7.38768645530022
704;279;676;52;63;-13.0323861520859;-12.339238971526;-10.8351615747497;-9.34350669797199;-3.49202286716844;-12.339238971526;-1.42830457807386;-10.6296218388633;7.36435940563649
725;285;693;52;63;-13.0820599983798;-12.3889128178199;-10.8848354210436;-9.34439038009644;-3.50036298792891;-12.3889128178199;-1.44021375334274;-10.6407940717459;7.46370065870057
745;290;717;52;63;-13.1501516811992;-12.4570045006393;-10.952927103863;-9.36596204728098;-3.4707456197053;-12.4570045006393;-1.45625557150601;-10.6730312731885;7.63098507651494
765;293;738;53;64;-13.2078876492009;-12.514740468641;-11.0106630718647;-9.42369801528268;-3.49695382402502;-12.514740468641;-1.45313820367655;-10.7469285125599;7.73931730158787
786;303;762;56;65;-13.2718931113733;-12.5787459308133;-11.0746685340371;-9.48770347745503;-3.50628926620055;-12.5787459308133;-1.45167414140224;-10.8463200183684;7.76415640839334
807;307;784;56;65;-13.3288180407008;-12.6356708601409;-11.1315934633646;-9.54462840678256;-3.47662378255224;-12.6356708601409;-1.4704605977379;-10.8694775450961;7.87600399961543
827;313;803;56;65;-13.3767094278935;-12.6835622473336;-11.0741243348995;-9.5700469381232;-3.48266633418539;-12.6835622473336;-1.50203391911781;-10.8930906422812;7.9922807960682
850;318;820;59;65;-13.4186086805166;-12.7254614999567;-11.3391671388368;-9.5899672840275;-3.4836224609211;-12.7254614999567;-1.50120526118084;-10.9811206754282;7.99711250490874
871;323;842;59;65;-13.4715600284847;-12.7784128479247;-11.2743354511484;-9.60035901757676;-3.5011617706659;-12.7784128479247;-1.50657853319439;-10.9799554911325;8.05143295904243
894;328;859;61;65;-13.5115378439685;-12.8183906634086;-11.3143132666323;-9.61971754585788;-3.51524324184618;-12.8183906634086;-1.50323953683951;-11.0317407360128;8.06848748641229
914;332;881;62;65;-13.5621152518724;-12.8689680713124;-11.3648906745361;-9.67029495376173;-3.49906312966489;-12.8689680713124;-1.50684224053323;-11.0571477694719;8.07285786297099
934;338;907;62;65;-13.6202849002303;-12.9271377196703;-11.4230603228941;-9.70826189480213;-3.45489472822985;-12.9271377196703;-1.52474724600673;-11.0692757518194;8.14477781586674
954;340;926;63;65;-13.6617484692924;-12.9686012887324;-11.4645238919561;-9.72992283656803;-3.46052950845145;-12.9686012887324;-1.52925778044015;-11.1111758205547;8.23337160710351
974;345;954;63;65;-13.7213273428966;-13.0281801623366;-11.4187422499025;-9.75103542934445;-3.48627242009653;-13.0281801623366;-1.54098284593913;-11.1222749984124;8.31420256445537
994;349;968;63;65;-13.7504641745532;-13.0573169939932;-11.3525689017548;-9.78017226100103;-3.48483663864724;-13.0573169939932;-1.54521186540688;-11.1220273340167;8.3435014877342
1017;351;986;64;65;-13.7873127092053;-13.0941655286453;-11.3894174364069;-9.798328662641;-3.44786317511897;-13.0941655286453;-1.55098732750412;-11.1571971937524;8.37704168479079
1037;357;998;66;69;-13.8115065526229;-13.118359372063;-11.5089214596289;-9.84121463907081;-3.45433531970816;-13.118359372063;-1.53311789668674;-11.2834466013125;8.29042835171206
1057;362;1024;66;72;-13.8629436111989;-13.169796430639;-11.6657190338627;-9.87395956463463;-3.44131724160256;-13.169796430639;-1.53029117956881;-11.353125566493;8.27078393275612
1077;365;1046;66;72;-13.9054572892497;-13.2123101086898;-11.6028721962557;-9.89812410401727;-3.42490703517447;-12.8068450005816;-1.55505488883306;-11.3638038544806;8.31822981402593
1097;370;1062;68;72;-13.9358184036038;-13.2426712230438;-11.7385938262675;-9.9284852183713;-3.42351681897345;-12.8372061149357;-1.55766394900983;-11.4172136342015;8.36285326201529
1117;377;1091;68;74;-13.9896999716661;-13.2965527911062;-11.7924753943299;-10.0007159251019;-3.42675129622487;-12.891087682998;-1.58283981931471;-11.4704710059684;8.38632787219417
1137;384;1112;69;74;-14.0278309496211;-13.3346837690611;-11.8306063722848;-10.0388469030568;-3.42434474157588;-12.9292186609529;-1.58198578366125;-11.4916931255533;8.4330983375411
1159;389;1138;69;74;-14.0740552293726;-13.3809080488126;-11.8768306520363;-10.031003961538;-3.41022924673616;-12.9754429407044;-1.63453628853228;-11.5108147639202;8.50689071240034
1179;397;1161;72;75;-14.1140739633958;-13.4209267828358;-11.9168493860596;-10.1250899168315;-3.39274678634239;-13.0154616747277;-1.62438374430981;-11.5871024977085;8.45340789090377
1199;404;1188;73;75;-14.1600529998452;-13.4669058192852;-11.962828422509;-10.1710689532809;-3.37368673178014;-13.0614407111771;-1.6394579772154;-11.6201178857716;8.52494862239318
1219;407;1203;75;75;-14.1851474319494;-13.4920002513894;-11.9879228546131;-10.2731244265212;-3.35942683808345;-13.0865351432812;-1.64293117521796;-11.6727936482145;8.54977368957078
1239;414;1228;75;75;-14.2262842174142;-13.5331370368542;-12.029059640078;-10.2373001708499;-3.34448933925359;-12.8399898562943;-1.6427687803496;-11.6597420062307;8.52727664744782
1261;419;1243;75;75;-14.2505661830214;-13.5574190024615;-12.0533416056852;-10.2252144922863;-3.36101932805652;-12.8642718219015;-1.6426282342462;-11.647314697018;8.50408000326833
1281;424;1265;75;77;-14.2856548023232;-13.5925076217633;-12.088430224987;-10.2603031115881;-3.3683868966357;-12.8993604412034;-1.63656118215847;-11.6782709821251;8.47858031400594
1301;430;1285;75;80;-14.3170279946586;-13.6238808140987;-12.1198034173224;-10.3280439480944;-3.3714985049428;-12.9307336335388;-1.63473980384607;-11.7367379951221;8.46830114883958
1321;436;1308;75;80;-14.3525090640343;-13.6593618834743;-12.1552844866981;-10.3271573732991;-3.38909807744516;-12.9662147029144;-1.6377170112557;-11.7408115730533;8.52296045978859
1341;441;1325;75;80;-14.3783354768406;-13.6851882962807;-12.0757503838466;-10.3352842090061;-3.39092635104641;-12.9920411157208;-1.64229950714555;-11.7405777629679;8.55744357977873
1361;446;1346;75;80;-14.4097850204093;-13.7166378398494;-12.1071999274153;-10.3323912340251;-3.3823586212591;-13.0234906592895;-1.66384750129135;-11.748549656301;8.61180296904943
1381;448;1362;75;80;-14.4334189734189;-13.740271792859;-12.1308338804249;-10.3062845883738;-3.38276709163251;-13.047124612299;-1.66397759108401;-11.7464032300594;8.60905737445796
1402;454;1383;75;81;-14.4640206633295;-13.3654083746614;-12.1614355703355;-10.3368862782844;-3.39289239571486;-13.0777263022096;-1.6668917040296;-11.7606049659247;8.59980300564805
1425;461;1403;75;83;-14.4927361602049;-13.3941238715368;-12.1901510672109;-10.3983915979828;-3.39696384313805;-13.106441799085;-1.67087535443414;-11.8025741976773;8.62992694647643
1449;465;1424;76;83;-14.5224501839438;-13.4238378952757;-12.2198650909498;-10.3953157988987;-3.39895901000925;-13.136155822824;-1.67095109406513;-11.8241606597991;8.61874063344002
1469;468;1442;76;84;-14.5475726356898;-13.4489603470217;-12.2449875426957;-10.3886895523301;-3.40617472780003;-13.1612782745699;-1.66609171782967;-11.843571437998;8.6551508921099
1490;473;1465;77;85;-14.5792210429023;-13.8860738623424;-12.2766359499083;-10.4848764806802;-3.38663859262345;-12.9697831304682;-1.67262598084999;-11.8876585726036;8.65819581116846
1500;474;1475;77;85;-14.5928265375478;-13.4942142488797;-12.2902414445538;-10.4984819753257;-3.38208783123227;-12.9833886251137;-1.67361292596285;-11.888416796622;8.66440900673854
1523;479;1496;77;85;-14.6211003170688;-13.5224880284007;-12.3185152240748;-10.4622172337092;-3.37642037732525;-13.0116624046347;-1.67723461681398;-11.8909926756877;8.70920614023623
1544;481;1515;78;85;-14.6463414358869;-13.5477291472188;-12.3437563428929;-10.4719541659913;-3.37562766932373;-13.0369035234528;-1.68166866312374;-11.9249081788694;8.76857203814887
1565;484;1533;78;85;-14.6699637577436;-13.5713514690755;-12.1850571079556;-10.4803090157172;-3.3635214031945;-13.0605258453095;-1.68381651652191;-11.9257016464165;8.78450630391413
1585;486;1552;78;85;-14.6945994014863;-13.5959871128182;-12.2096927516983;-10.4750916963102;-3.3540293209982;-13.0851614890522;-1.69266280134558;-11.9368580407855;8.80872900232965
1605;487;1562;78;85;-14.7074446607993;-13.6088323721312;-12.2225380110113;-10.4879369556232;-3.34706449829771;-13.0980067483652;-1.69712631294064;-11.9430556257365;8.83464236127148
1627;488;1585;78;85;-14.7366793726228;-13.6380670839547;-12.2517727228348;-10.5025728680255;-3.33442851813413;-13.1272414601887;-1.7066155116214;-11.9629990813303;8.90536507132191
1648;493;1609;78;85;-14.7667362939848;-13.6681240053167;-12.2818296441968;-10.4900701749687;-3.33379603834114;-13.1572983815507;-1.702137631831;-11.9445758073416;8.82703234331928
1668;497;1633;78;85;-14.7963481859409;-13.6977358972728;-12.3114415361529;-10.4788600724046;-3.3482812933192;-13.1869102735068;-1.70594204472272;-11.9392754223398;8.83593424252062
1688;500;1650;78;85;-14.8170611337893;-13.7184488451211;-12.3321544840013;-10.4603523070997;-3.34649008690072;-13.2076232213552;-1.70232879886785;-11.9303505280308;8.83988589867677
1708;505;1672;78;85;-14.8435515872893;-13.7449392986212;-12.2786022298278;-10.4615249526154;-3.35072679402607;-13.2341136748552;-1.70881309841758;-11.9369582353505;8.87041529781229
1729;508;1691;78;85;-14.8661506977972;-13.7675384091291;-12.3012013403356;-10.4717015431247;-3.34684562586289;-13.2567127853631;-1.71653992525981;-11.9453264091824;8.9105528656766
1749;515;1712;78;89;-14.8908351134034;-13.7922228247353;-12.4059284636154;-10.5341262867138;-3.34342126897457;-13.2813972009693;-1.73040746049286;-12.0148713496149;8.88122968783181
1769;518;1734;78;89;-14.916372314681;-13.8177600260129;-12.431465664893;-10.5596634879914;-3.34753921777245;-13.3069344022469;-1.74558455428271;-12.0247313903145;8.90482392245034
1789;525;1760;81;90;-14.9461381760644;-13.8475258873963;-12.4612315262764;-10.6286500625281;-3.34472575663797;-13.3367002636303;-1.73803940205394;-12.1029507242366;8.90440144997782
1810;527;1782;82;90;-14.9709832160615;-13.8723709273934;-12.4860765662735;-10.7368767114642;-3.34187599680187;-13.3615453036274;-1.74091407524402;-12.1363143326278;8.97137213937778
1830;532;1802;82;92;-14.9933048763366;-13.8946925876685;-12.5083982265486;-10.7591983717393;-3.34784351408292;-13.3838669639025;-1.75187928177747;-12.1750705245284;8.9912085607534
1850;536;1825;82;92;-15.0186705320332;-13.9200582433651;-12.5337638822452;-10.7845640274359;-3.3401628342733;-13.4092326195991;-1.74965077274571;-12.1736297549553;9.01582369840126
1870;537;1834;82;92;-15.0285093056328;-13.9298970169647;-12.5436026558448;-10.7944028010356;-3.33995127201943;-13.4190713931987;-1.75295456554167;-12.1786389243443;9.04248599117322
1897;543;1853;82;92;-15.0491224525707;-13.9505101639026;-12.5642158027827;-10.8078215792474;-3.34726400121888;-13.4396845401366;-1.77926536099211;-12.1779229061459;9.06903146642406
1917;552;1876;85;94;-15.0737942591323;-13.9751819704642;-12.5888876093443;-10.8542865539562;-3.34634629758017;-13.4643563466982;-1.7708308058324;-12.2687944232247;9.07733657514009
1938;557;1902;85;94;-15.1013224862107;-14.0027101975426;-12.6164158364227;-10.8818147810346;-3.34615697423524;-13.3095630169826;-1.77263948950919;-12.2706869452637;9.10292338775401
1959;566;1925;88;94;-15.1253624934438;-14.0267502047757;-12.6404558436558;-10.9058547882677;-3.3532933290783;-13.3336030242157;-1.77125743481254;-12.3152968529245;9.05965449087118
1979;573;1940;88;94;-15.1408865041147;-14.0422742154466;-12.6559798543267;-10.9067799995175;-3.35601208568174;-13.3491270348867;-1.77561302718224;-12.3051002568361;9.07459120744156
1999;578;1958;88;94;-15.1593576461809;-14.0607453575128;-12.6744509963929;-10.9252511415837;-3.35230094936472;-13.3675981769529;-1.78589786426113;-12.2962089049607;9.02145907012505
2000;578;1962;88;94;-15.1634392802506;-14.0648269915825;-12.6785326304626;-10.9293327756534;-3.35324286342976;-13.3716798110226;-1.78601826689457;-12.2987435399088;9.03567368406396
2020;583;1973;89;94;-15.1746210120452;-14.0760087233771;-12.6897143622572;-10.9261257699959;-3.3565665610195;-13.3828615428172;-1.79350295381231;-12.3181261725432;9.05997522114423
2040;587;1991;89;94;-15.1927846081284;-14.0941723194603;-12.7078779583404;-10.944289366079;-3.36925431607396;-13.4010251389003;-1.79710637421684;-12.3117727618372;9.04959688639843
2060;589;2008;89;94;-15.2097889616232;-14.1111766729551;-12.6448396041617;-10.9612937195739;-3.37845340285021;-13.4180294923952;-1.79810036247663;-12.314979334615;9.08385513383146
2080;593;2029;90;94;-15.2305966796516;-14.1319843909835;-12.6656473221901;-10.9679168026103;-3.37296157028243;-13.4388372104236;-1.79924091610047;-12.3366704615872;9.10943484803989
2100;599;2056;90;94;-15.2570352531501;-14.158422964482;-12.6920858956886;-10.9665758120017;-3.3658720023262;-13.4652757839221;-1.81106779411794;-12.34866620946;9.19146855304171
2120;602;2068;90;96;-15.2686744712566;-14.1700621825885;-12.7837678214686;-10.9920083522406;-3.36771493990793;-13.4769150020286;-1.81111967713082;-12.3848639442654;9.20531567494251
2140;605;2088;90;96;-15.2879238980051;-14.1893116093369;-12.8030172482171;-11.011257778989;-3.35341066301936;-13.496164428777;-1.81583365877742;-12.384219449971;9.18469402888985
2160;611;2115;90;96;-15.3136201829608;-14.2150078942926;-12.7486708254992;-10.9961320694244;-3.36144028672629;-13.3677100339054;-1.81465904546605;-12.3708719267776;9.14328917641667
2180;613;2132;90;96;-15.3296315705715;-14.2310192819034;-12.7646822131099;-11.0121434570352;-3.36285091334499;-13.3837214215162;-1.82214321678478;-12.3804245867232;9.17815495199591
2202;617;2144;90;96;-15.3408570443814;-13.9545626832615;-12.7017997147661;-11.0101237040951;-3.36898889752485;-13.3949468953261;-1.82032309945708;-12.3675271280828;9.13075462769897
2226;619;2164;90;96;-15.3594272799327;-13.9731329188129;-12.7203699503175;-11.0027184532432;-3.37959046187837;-13.2799857382529;-1.82577047876401;-12.3764833847722;9.16649800484331
2249;628;2191;90;98;-15.3842266791909;-13.997932318071;-12.7451693495757;-11.0022000445171;-3.37855809800548;-13.3047851375111;-1.82368321236568;-12.392987606094;9.11328328781578
2269;631;2218;91;98;-15.4087223358206;-14.3101100471525;-12.7696650062054;-11.0266957011467;-3.37400756845543;-13.3292807941408;-1.82779551931312;-12.4242278913815;9.17134424777989
2291;635;2247;91;98;-15.4347025443707;-14.3360902557025;-12.7956452147554;-11.0402533896982;-3.38318065868908;-13.3552610026908;-1.83121757198675;-12.4342612744381;9.23840831297357
2311;639;2264;91;99;-15.4497768786461;-14.0634825175263;-12.8107195490309;-11.0430576313819;-3.38576331188984;-13.3703353369663;-1.83139861700176;-12.44921987302;9.22985552070966
2331;643;2287;91;99;-15.4699923880456;-14.0836980269257;-12.7619421869434;-11.0632731407813;-3.39215092041247;-13.3905508463657;-1.83507607952988;-12.450548531991;9.25175035074411
2351;647;2304;93;99;-15.4848040436316;-14.3861917549635;-12.8457467140163;-11.1027774089577;-3.39735728886036;-13.4053625019517;-1.83454909764333;-12.4896809814272;9.26189900299597
2371;654;2326;93;99;-15.5038106661572;-14.1175163050373;-12.864753336542;-11.0611594096669;-3.40269861626355;-13.306586088821;-1.82804735067615;-12.4841309909784;9.32660577071932
2391;654;2341;93;99;-15.5166669349818;-14.1303725738619;-12.8776096053666;-11.0740156784915;-3.40402074457987;-13.3194423576456;-1.82846602205972;-12.4894630148111;9.36807203106278
2411;660;2356;93;99;-15.529441089543;-14.1431467284231;-12.8213908884407;-11.0750937932894;-3.4026497749405;-13.3322165122067;-1.84110843613579;-12.4923787340535;9.40289030344662
2431;662;2378;93;99;-15.5480301545015;-14.1617357933816;-12.8399799533992;-11.0821220358469;-3.3905596908105;-13.3508055771652;-1.85300164625732;-12.499462160721;9.40608354460027
2452;668;2394;93;100;-15.5614417722358;-14.1751474111159;-12.8533915711336;-11.0955336535813;-3.38751016003808;-13.3642171948996;-1.84969189923013;-12.501855381886;9.33253084135094
2473;673;2415;93;101;-15.5789091321733;-14.1926147710535;-12.8708589310711;-11.1130010135188;-3.38866103699014;-13.3816845548371;-1.84988172709726;-12.5168118560991;9.35143392989706
2493;679;2440;93;101;-15.5995066365745;-14.2132122754546;-12.8914564354723;-11.0996969662442;-3.40275731850521;-13.2969215435804;-1.85860001989015;-12.5174374737639;9.36731757898732
2500;683;2447;93;101;-15.6052361268853;-14.2189417657655;-12.8971859257831;-11.0943766203685;-3.40848680881605;-13.3026510338913;-1.85522134808394;-12.5110372550264;9.37149483101251
2521;686;2472;93;101;-15.6255656371552;-14.2392712760353;-12.917515436053;-11.0716887455546;-3.40623625178335;-13.3229805441611;-1.86021953726974;-12.5109612738607;9.36776113866895
2543;692;2488;93;101;-15.6384689077181;-14.2521745465982;-12.8658801854784;-11.0741207162503;-3.40380880533605;-13.3358838147241;-1.86265909810561;-12.4991086783724;9.32174061701925
2563;696;2510;95;101;-15.6560760642517;-14.2697817031318;-12.9480258631494;-11.1562663939214;-3.40938944583623;-13.3534909712576;-1.8621978064145;-12.5411030400104;9.36035615483791
2583;698;2533;96;101;-15.6743193000034;-14.2880249388835;-12.9662690989011;-11.1417198068501;-3.40496204415329;-13.3717342070093;-1.86414696503168;-12.5689371452146;9.40720050352443
2605;700;2556;97;101;-15.6923976309949;-14.306103269875;-12.9843474298926;-11.1925879606646;-3.39879499297931;-13.3898125380008;-1.86898537384448;-12.596620589917;9.44472809493726
2625;703;2571;97;101;-15.7041004145318;-14.3178060534119;-12.9960502134296;-11.2042907442015;-3.4024812534904;-13.4015153215377;-1.87152332190245;-12.6014449978217;9.4756680294241
2645;704;2592;97;101;-15.7203701149443;-14.3340757538244;-13.0123199138421;-11.1877706217911;-3.40100449903064;-13.4177850219503;-1.87652383249035;-12.6066660679555;9.50033605934997
2666;707;2612;97;101;-15.7357429807926;-14.3494486196728;-13.0276927796904;-11.2031434876394;-3.39936162992078;-13.4331578877986;-1.87815234003315;-12.6084923600216;9.52879877624035
2687;713;2634;97;103;-15.7525177646065;-14.3662234034866;-13.0444675635042;-11.2307291875574;-3.40707455762847;-13.4499326716124;-1.87428126473427;-12.636553650257;9.5401740336247
2707;717;2656;98;103;-15.7691530211926;-14.3828586600728;-13.0611028200904;-11.2693433508624;-3.41709868564741;-13.4665679281986;-1.88178609546295;-12.6615016909451;9.58425843729465
2727;722;2684;98;103;-15.7901269961831;-14.4038326350633;-13.0820767950809;-11.2362501045826;-3.41481803340767;-13.4875419031891;-1.88744015815983;-12.6666237676862;9.62932032802224
2747;725;2711;98;103;-15.8101456989973;-14.4238513378774;-13.1020954978951;-11.2457975075295;-3.4106673204169;-13.5075606060033;-1.90234497141777;-12.6754116622356;9.68709000669847
2767;727;2731;98;104;-15.8248462429474;-14.4385518818275;-13.1167960418452;-11.2604980514796;-3.41195456902289;-13.5222611499534;-1.91356651961971;-12.6998821737431;9.72949690000015
2787;730;2754;98;105;-15.8416193585772;-14.4553249974573;-13.133569157475;-11.3307598520603;-3.41248316493299;-13.5390342655832;-1.92083928909585;-12.7237153545278;9.7773227469864
2807;735;2773;99;106;-15.8553700912316;-14.4690757301117;-13.2163127616163;-11.3555604209013;-3.41644517687857;-13.5527849982375;-1.91957740073425;-12.7626976071302;9.81155144083953
2827;737;2794;99;107;-15.8704590796338;-14.4841647185139;-13.2314017500186;-11.3706494093035;-3.41668686489354;-13.5678739866398;-1.92009687596279;-12.7843456877012;9.8477018796618
2847;738;2819;100;107;-15.8882749822282;-14.5019806211083;-13.249217652613;-11.388465311898;-3.41871562548659;-13.5856898892342;-1.92233953372054;-12.811036932927;9.89108365872833
2867;741;2842;100;107;-15.9045266173141;-14.5182322561942;-13.2654692876988;-11.4047169469838;-3.41522429655842;-13.60194152432;-1.9336238648067;-12.8216447932475;9.93238455386302
2888;745;2858;102;107;-15.9157547169796;-14.5294603558597;-13.2766973873644;-11.4159450466494;-3.42087063696711;-13.6131696239856;-1.93644814533683;-12.8611024460783;9.950949042571
2908;749;2872;102;109;-15.9255278603362;-14.5392334992163;-13.286470530721;-11.448191045858;-3.42387938023517;-13.6229427673422;-1.94030406408603;-12.8920630913137;9.95444440997692
2929;753;2895;102;109;-15.9414807800142;-14.5551864188943;-13.3024234503989;-11.4528444102821;-3.42651266563304;-13.6388956870201;-1.94214729287973;-12.8905865401392;9.9698839742583
2950;755;2913;102;109;-15.9538775139189;-14.567583152799;-13.3148201843036;-11.4652411441867;-3.42404523847998;-13.6512924209248;-1.94704436363022;-12.8994958604325;10.0063157030248
2971;758;2929;102;109;-15.9648326936555;-14.5785383325356;-13.3257753640402;-11.4650230233252;-3.42083529548784;-13.6622476006614;-1.95093203881818;-12.8999150642807;10.0365418432197
2994;762;2958;103;109;-15.9845372865415;-14.5982429254216;-13.3454799569262;-11.4736777800246;-3.41353684572686;-13.6819521935474;-1.95634976135195;-12.9202171523281;10.0464186027624
3016;765;2980;103;109;-15.9993571589989;-14.613062797879;-13.3602998293836;-11.488497652482;-3.4113610139436;-13.6967720660049;-1.95773226686884;-12.9204685624434;10.0480758581801
3036;768;2997;104;109;-16.0107341346333;-14.6244397735134;-13.3716768050181;-11.4889455575843;-3.41960319077265;-13.7081490416393;-1.95560528226899;-12.9366093458015;10.0649462288755
3056;769;3014;104;109;-16.0220467583729;-14.635752397253;-13.3829894287576;-11.4894472652196;-3.41506938749087;-13.7194616653788;-1.96062813800009;-12.9449336607722;10.0947571219579
3077;769;3025;104;109;-16.0293327409299;-14.64303837981;-13.3902754113146;-11.4967332477766;-3.41247582581395;-13.7267476479358;-1.96082550379585;-12.9475154016973;10.1179820925286
3097;772;3043;104;109;-16.0411982997939;-14.6549039386741;-13.4021409701787;-11.5085988066407;-3.41696810374164;-13.7386132067999;-1.96030649457352;-12.9489173331218;10.1520670084132
3118;775;3057;104;110;-16.0503786437817;-14.6640842826618;-13.4113213141664;-11.5177791506284;-3.42308565819882;-13.7477935507876;-1.95965745956104;-12.9642865917595;10.1736084925222
3138;780;3080;104;111;-16.0653697519352;-14.6790753908153;-13.42631242232;-11.5220749696652;-3.41888321737945;-14.1194596028799;-1.95790774827702;-12.9713800143815;10.1597413387068
3158;782;3101;104;111;-16.0789598382009;-14.692665477081;-13.4399025085856;-11.5146116467331;-3.41435536362587;-14.1330496891456;-1.96137551676568;-12.9747515045147;10.1922054177387
3179;785;3122;104;111;-16.0924582021508;-14.7061638410309;-13.3844080010485;-11.5281100106829;-3.41915765113419;-14.1465480530954;-1.95741522233677;-12.9649186393956;10.1571861716628
3199;787;3142;104;111;-16.1052296376311;-14.7189352765112;-13.3971794365289;-11.5408814461633;-3.41702718305738;-14.1593194885758;-1.96204831979877;-12.9738740861497;10.1995051866916
3219;792;3166;104;112;-16.1204484808819;-14.734154119762;-13.4813911512667;-11.5561002894141;-3.42069230125301;-14.1745383318266;-1.97953241151452;-12.998970059493;10.2348487100377
3239;796;3186;104;112;-16.13304298094;-14.7467486198201;-13.4249927798378;-11.5583320024366;-3.42358028714645;-14.1871328318847;-1.98520160735505;-12.9983733566253;10.2338190944252
3260;799;3208;104;114;-16.1468059379728;-14.7605115768529;-13.4387557368706;-11.5720949594694;-3.42770609392181;-14.2008957889175;-1.98845915089904;-13.0339098405219;10.2633674901929
3282;802;3222;104;114;-16.1555151274738;-14.7692207663539;-13.4474649263716;-11.5705476488033;-3.4229994472826;-14.2096049784185;-1.99438571955478;-13.0362218363018;10.2781052463545
3302;806;3241;104;114;-16.1672744062831;-14.7809800451632;-13.4592242051809;-11.5823069276125;-3.42087947259823;-14.2213642572278;-1.99862555094842;-13.0338636397767;10.2668580247404
3322;809;3261;104;114;-16.1795783515786;-14.7932839904587;-13.4715281504764;-11.584458501444;-3.42283840811924;-14.2336682025233;-2.00066642289234;-13.0351475523085;10.2869020470014
3342;810;3279;104;114;-16.1905875536893;-14.8042931925694;-13.4825373525871;-11.575467036848;-3.4212258748574;-14.244677404634;-2.00630906756016;-13.0426679374546;10.3145113485998
3363;812;3293;104;116;-16.1991085647527;-14.8128142036328;-13.4910583636505;-11.6090649003501;-3.4155802131588;-14.2531984156974;-2.0069529005687;-13.076090256666;10.3204347904985
3383;817;3311;104;116;-16.2100110750945;-14.8237167139746;-13.5019608739923;-11.5949395754583;-3.41544368207852;-14.2641009260392;-2.00372409483581;-13.0632827639605;10.262715470327
3403;821;3341;104;116;-16.2280508847135;-14.8417565235936;-13.5200006836113;-11.6030780714292;-3.41808859269982;-14.2821407356582;-2.00737793112054;-13.0674845182555;10.2864440728253
3424;826;3360;105;116;-16.2393925059145;-14.8530981447946;-13.5313423048123;-11.6144196926302;-3.42327171999409;-14.2934823568592;-2.0164068612032;-13.0882831572568;10.3178723718118
3445;833;3392;105;116;-16.2583499938236;-14.8720556327037;-13.4857612715838;-11.6139590946822;-3.4275241114706;-14.3124398447683;-2.01649319728133;-13.080998603025;10.3402030186729
3465;834;3413;105;116;-16.2706938978134;-14.8843995366935;-13.4981051755736;-11.6167335476559;-3.42388641306303;-14.3247837487581;-2.01606104325288;-13.0797181586553;10.3392595642792
3485;840;3430;105;119;-16.28063108032;-14.8943367192001;-13.5725808792178;-11.6556582670357;-3.42536314175904;-14.3347209312647;-2.01234888980997;-13.1151594183837;10.3210622255657
3500;840;3444;105;119;-16.2887777310952;-14.9024833699754;-13.580727529993;-11.6443868319539;-3.42748825104026;-14.3428675820399;-2.01550504120688;-13.1216284810628;10.3426615386423
3520;843;3463;105;119;-16.2997810888048;-14.913486727685;-13.5271923665651;-11.6458207386473;-3.42634071570221;-14.3538709397495;-2.0172927247841;-13.121690720433;10.3647424269798
3540;845;3481;105;119;-16.3101497756229;-14.923855414503;-13.5375610533831;-11.6561894254654;-3.4256426524995;-14.3642396265676;-2.01920038592293;-13.1253807653243;10.3969010457066
3560;847;3493;105;119;-16.3170324896137;-14.9307381284938;-13.5444437673739;-11.6349012624894;-3.42151952545487;-14.3711223405584;-2.01895875475678;-13.1263059973712;10.4210579608537
3580;850;3514;105;119;-16.3290205374941;-14.9427261763742;-13.5564318152543;-11.6468893103699;-3.42625201548022;-14.3831103884388;-2.02200174080907;-13.1326197735664;10.4591743134371
3600;854;3533;105;120;-16.3398052947183;-14.9535109335984;-13.5672165724785;-11.6576740675941;-3.43249825844555;-14.393895145663;-2.01806706739798;-13.1403492987937;10.4457350374914
3620;859;3556;105;120;-16.3527831932676;-14.9664888321477;-13.5801944710278;-11.6614353110384;-3.4291049283451;-14.4068730442123;-2.02375643438848;-13.1350988158499;10.434056762101
3640;864;3578;107;120;-16.3651185281373;-14.9788241670174;-13.5925298058975;-11.6829873010131;-3.43113502211092;-14.5733590589093;-2.02019457439589;-13.1656661364784;10.4349128601087
3660;869;3604;107;120;-16.3795992374565;-14.9933048763366;-13.5463858934002;-11.6700690361441;-3.433913374461;-14.5878397682284;-2.0208584038462;-13.1637152451821;10.450134643299
3681;870;3619;107;120;-16.3879060471275;-15.0016116860076;-13.5546927030713;-11.6783758458152;-3.43202237391982;-14.5961465778994;-2.02205458024991;-13.1645902739823;10.4514895619337
3701;874;3645;107;121;-16.4022232888855;-15.0159289277656;-13.5690099448293;-11.6837244175904;-3.43441067132979;-14.6104638196575;-2.02013267844133;-13.1784318566676;10.4845521210713
3723;877;3668;107;121;-16.4148036667527;-15.0285093056328;-13.5815903226965;-11.6874158480404;-3.43241985540186;-14.6230441975247;-2.02433560905382;-13.1800630839861;10.4895510698046
3744;878;3687;107;121;-16.4251367964683;-15.0388424353484;-13.5919234524121;-11.6977489777559;-3.43403082772236;-14.6333773272402;-2.02880376740353;-13.1863221356089;10.510086863575
3765;880;3710;107;121;-16.437574311203;-15.0512799500831;-13.6043609671467;-11.7101864924906;-3.43603258136373;-14.6458148419749;-2.03467605680279;-13.1918131768593;10.5274073743864
3785;882;3732;107;123;-16.4493991239345;-15.0631047628146;-13.6161857798783;-11.7220113052221;-3.43528041736783;-14.6576396547064;-2.03438635245126;-13.2253262873581;10.5518797138867
3805;887;3755;107;123;-16.4616871283965;-15.0753927672766;-13.6284737843403;-11.725488680002;-3.42870812312716;-14.6699276591684;-2.03611593365166;-13.2237974834373;10.5550230285717
3826;888;3771;107;124;-16.4701909945167;-15.0838966333968;-13.6976022722769;-11.7339925461222;-3.43123748732035;-14.6784315252887;-2.03451209662444;-13.2400389701848;10.5777600467653
3846;892;3788;107;124;-16.4791869086119;-15.092892547492;-13.6459735645557;-11.7429884602174;-3.4313057272205;-14.6874274393839;-2.04306545491237;-13.2391110460398;10.5989307879499
3866;899;3808;108;128;-16.4897187918225;-15.1034244307026;-13.7171300695827;-11.7892384260301;-3.43088324647408;-15.3911065031544;-2.03629790276146;-13.3021908781817;10.5847177732175
3888;899;3832;108;128;-16.5022842781815;-15.1159899170616;-13.7296955559417;-11.8018039123891;-3.42917837411853;-15.4036719895134;-2.04171549972778;-13.312175357866;10.6163363645384
3908;902;3847;109;128;-16.5100978055046;-15.1238034443847;-13.7375090832648;-11.8096174397122;-3.43202911209949;-15.4114855168365;-2.04795898737777;-13.3328429942976;10.6386265857077
3932;905;3867;109;128;-16.5204685832146;-15.1341742220947;-13.7478798609748;-11.8199882174222;-3.42949680660143;-15.4218562945465;-2.05478463182337;-13.3383193752288;10.6725748667083
3954;907;3883;109;128;-16.5287266594633;-15.1424322983434;-13.7561379372236;-11.8282462936709;-3.43529787915712;-15.4301143707952;-2.05907173783351;-13.3426063070621;10.6969596183653
3974;908;3903;109;128;-16.5390015343612;-15.1527071732413;-13.7664128121214;-11.8205026630661;-3.43488767095817;-15.4403892456931;-2.06285975616376;-13.3495662689213;10.7287224405475
3994;910;3930;110;128;-16.5527894097266;-15.1664950486067;-13.7802006874868;-11.8523090439342;-3.42778951100116;-15.4541771210585;-2.06553203419876;-13.3739260228185;10.7631404697089
4000;911;3934;110;128;-16.554823997898;-15.1685296367781;-13.7822352756582;-11.8543436321056;-3.42816983907652;-15.4562117092299;-2.06888334959409;-13.3752406669193;10.7705694358088
4020;914;3952;111;128;-16.5639541177355;-15.1776597566156;-13.8559039166333;-11.8726062355064;-3.42725006117673;-15.4653418290674;-2.06955403829802;-13.3931338195885;10.7837076986735
4040;915;3975;111;128;-16.5755600541769;-15.189265693057;-13.8029713319371;-11.8750796883844;-3.42632108276718;-15.4769477655088;-2.06853514799811;-13.3894923233915;10.7603900815545
4060;919;3996;111;128;-16.5860982795369;-15.199803918417;-13.8135095572971;-11.8675994082418;-3.42694213405395;-15.4874859908688;-2.0703110165789;-13.3867772676296;10.7581008052644
4083;920;4020;111;128;-16.5980743632261;-15.2117800021062;-13.8254856409864;-11.8618759148316;-3.42580905893725;-15.499462074558;-2.07634542625184;-13.3942079318457;10.7953482937236
4104;921;4038;111;128;-16.6070095977456;-15.2207152366257;-13.8344208755058;-11.8621152779951;-3.42915853472408;-15.5083973090775;-2.07807924434742;-13.398781984223;10.8257432095107
4124;922;4056;111;128;-16.615905090542;-15.2296107294221;-13.8433163683023;-11.8537311557443;-3.43319571836948;-15.5172928018739;-2.08247425486154;-13.4043590355836;10.8530154780096
4145;923;4077;111;128;-16.6262334056385;-15.2399390445186;-13.8536446833987;-11.8640594708408;-3.43127219576763;-15.5276211169704;-2.08495069658837;-13.4091200423217;10.8807140809092
4166;925;4095;111;128;-16.6350439925743;-15.2487496314544;-13.8624552703346;-11.8643593681087;-3.42861891754371;-15.5364317039062;-2.08730978206833;-13.407494619852;10.869468388926
4186;929;4116;111;128;-16.6452741939079;-15.258979832788;-13.8726854716681;-11.8661507007964;-3.43150096035494;-15.5466619052398;-2.08796915856214;-13.4065519447432;10.8737032597003
4208;932;4144;111;128;-16.6588335678786;-15.2725392067587;-13.8862448456389;-11.8713418250966;-3.43686379807625;-15.5602212792105;-2.09028794945391;-13.4080081731898;10.9141285198617
4228;935;4168;111;128;-16.6703831668664;-15.2840888057465;-13.8977944446266;-11.8501016012614;-3.44043614678337;-15.5717708781983;-2.08737009392789;-13.4052150757167;10.9306658477266
4248;939;4188;111;128;-16.6799571439809;-15.293662782861;-13.8467437999246;-11.8596755783758;-3.44256652463394;-15.5813448553127;-2.0842046986057;-13.3967067357513;10.8929277613386
4268;943;4211;111;129;-16.6909108563239;-15.304616495204;-13.9183221340841;-11.8706292907188;-3.44698492797114;-15.5922985676557;-2.08582674299098;-13.4116644616355;10.9261445972712
4288;947;4236;114;129;-16.7027494134426;-15.3164550523227;-13.9301606912028;-11.9152576706605;-3.44201810832848;-15.6041371247745;-2.08142213537164;-13.4560694222063;10.9122615300107
4308;952;4267;114;129;-16.717332566376;-15.3310382052561;-13.9447438441362;-11.9133115216427;-3.44302780498506;-15.6187202777079;-2.08389455229979;-13.4563760887272;10.9214955260274
4330;957;4291;114;129;-16.728550169983;-15.3422558088632;-13.9559614477433;-11.908268604378;-3.44585525367638;-15.6299378813149;-2.08453059012817;-13.4528817413525;10.9319740004055
4352;959;4315;114;129;-16.7397052070351;-15.3534108459152;-13.9671164847953;-11.9113914697328;-3.44731555093092;-15.6410929183669;-2.08667919506542;-13.4598194026085;10.9728298889114
4372;959;4332;114;129;-16.7475692162418;-15.3612748551219;-13.974980494002;-11.9192554789395;-3.44991896752461;-15.6489569275737;-2.09013377795894;-13.4659603761213;10.9931670236825
4393;960;4354;114;129;-16.757700483589;-15.3714061224691;-13.9851117613492;-11.9293867462867;-3.45109239982885;-15.6590881949209;-2.09191037204892;-13.4707803232615;11.0221836397641
4414;962;4375;114;129;-16.7673235975834;-15.3810292364635;-13.8769518396873;-11.931041690632;-3.45204167697229;-15.6687113089153;-2.09541627155702;-13.4764162338026;11.0543010223465
4434;965;4395;115;129;-16.7764456202386;-15.3901512591187;-14.0038568979988;-11.9244153563189;-3.45078227965508;-15.6778333315704;-2.0952877307514;-13.4930257694963;11.0656584470939
4454;966;4420;115;129;-16.7877899501435;-15.4014955890236;-14.0152012279037;-11.9357596862239;-3.45478970496516;-15.6891776614754;-2.09793628811282;-13.5000564413283;11.1052244750726
4476;969;4446;115;129;-16.7995201890483;-15.4132258279284;-13.9091484311521;-11.9474899251287;-3.46070439613385;-15.7009079003802;-2.09765494459865;-13.4974085556037;11.092281598841
4496;978;4468;118;132;-16.8093923203782;-15.4230979592583;-14.0368035981384;-12.0219005775961;-3.46329036872091;-15.7107800317101;-2.09284884117875;-13.5830638385783;11.0903566731034
4500;979;4472;118;132;-16.8111820296699;-15.42488766855;-14.0385933074301;-12.0153914840731;-3.46251848829938;-15.7125697410018;-2.09441275660709;-13.5842871339735;11.097340505891
4522;983;4493;120;132;-16.8205518181403;-15.4342574570204;-14.1125016170381;-12.0330600753583;-3.4652925979791;-15.7219395294722;-2.09356329108762;-13.612438175114;11.0771749827799
4542;987;4521;122;132;-16.8329769745892;-15.4466826134693;-14.124926773487;-12.0708030397915;-3.4628789018427;-15.7343646859211;-2.09303292716836;-13.6376013802496;11.0434629505248
4562;991;4542;122;132;-16.842245445331;-15.4559510842111;-14.1341952442288;-12.0715608208653;-3.46538404599542;-15.7436331566629;-2.10213755105542;-13.6397370931789;11.0746670697338
4582;996;4566;123;134;-16.8527856541795;-15.4664912930596;-14.1447354530773;-12.0991954630731;-3.46083645830293;-15.7541733655114;-2.10164498158096;-13.6830784242759;11.0895664533385
4602;998;4589;123;134;-16.8628348287897;-15.4765404676698;-14.1547846276875;-12.1006608939919;-3.46089161356904;-15.7642225401216;-2.1000636938641;-13.6842660790352;11.1187094449359
4626;999;4607;123;134;-16.8706643298718;-15.4843699687519;-14.1626141287696;-12.1084903950741;-3.45798784422787;-15.7720520412037;-2.10168248350819;-13.687043764004;11.131052502449
4646;1004;4627;127;134;-16.879327977814;-15.4930336166941;-14.2402706481987;-12.2158888837019;-3.46001758044108;-15.7807156891459;-2.09683851663805;-13.7421060970129;11.1097592824058
4667;1005;4640;127;134;-16.8849392904406;-15.4986449293207;-14.1768890893384;-12.2215001963285;-3.46316044686781;-15.7863270017725;-2.09859299875038;-13.7454599908462;11.1301806259872
4687;1010;4668;127;135;-16.8969719868129;-15.510677625693;-14.1889217857107;-12.2430116366554;-3.46819948788754;-15.7983596981448;-2.09904518577204;-13.7542000328591;11.1047735705095
4708;1014;4686;127;135;-16.9046692381355;-15.5183748770156;-14.1966190370333;-12.250708887978;-3.47098587803349;-15.8060569494674;-2.10151296213421;-13.7545668463242;11.1283375639942
4730;1018;4698;129;136;-16.9097843304377;-15.8111720417696;-14.2707270008225;-12.2750553422081;-3.47262189209367;-15.8111720417696;-2.09959967810857;-13.7944141179974;11.1150164501218
4750;1021;4714;129;138;-16.9165841669922;-15.817971878324;-14.2775268373769;-12.3114139810041;-3.47697506053735;-15.817971878324;-2.09841474033203;-13.8203962974384;11.1243400694346
4770;1026;4737;131;138;-16.9263186058475;-15.8277063171794;-14.2872612762322;-12.3413511271769;-3.48080128790815;-15.8277063171794;-2.09609743089959;-13.840346160123;11.0698073583975
4790;1030;4760;132;138;-16.9360058944509;-15.8373936057828;-14.2969485648357;-12.3716577029831;-3.47693316568217;-15.8373936057828;-2.09934525451716;-13.8567686719935;11.0888302170939
4812;1035;4786;132;138;-16.9469005369366;-15.8482882482685;-14.3078432073214;-12.3619330582661;-3.47918305516493;-15.8482882482685;-2.10107616008674;-13.8562767174844;11.1251130215662
4834;1038;4811;132;138;-16.9573204833989;-15.8587081947308;-14.3182631537836;-12.3622006332643;-3.48074459134787;-15.8587081947308;-2.10544225757302;-13.8580043394396;11.1211090263293
4854;1040;4832;132;139;-16.9660314792293;-15.8674191905612;-14.326974149614;-12.3810640005587;-3.4778714871087;-15.8674191905612;-2.10899551958321;-13.8746049968143;11.1294333204008
4874;1044;4852;133;139;-16.9742925401279;-15.8756802514598;-14.3352352105126;-12.3893250614573;-3.47998774665453;-15.8756802514598;-2.10849826421558;-13.8868366366473;11.1319142577835
4894;1046;4874;133;139;-16.9833404683703;-15.8847281797022;-14.344283138755;-12.3983729896997;-3.4842846408584;-15.8847281797022;-2.11128135912406;-13.8917409254755;11.1652820188806
4914;1047;4892;133;139;-16.9907129936141;-15.892100704946;-14.3516556639989;-12.4057455149436;-3.48592115922001;-15.892100704946;-2.11458212200967;-13.897216885104;11.185878265214
4934;1050;4910;133;140;-16.9980584415771;-15.899446152909;-14.3590011119619;-12.4130909629066;-3.48481852024405;-15.899446152909;-2.11897399948939;-13.9092085685711;11.1715961032148
4955;1050;4925;133;140;-17.0041591072124;-15.9055468185443;-14.3651017775971;-12.4191916285418;-3.48720553985219;-15.9055468185443;-2.1207656076419;-13.9136328470756;11.1913399563595
4975;1053;4947;133;140;-17.0130732224554;-15.9144609337873;-14.3740158928402;-12.4281057437848;-3.48673918640979;-15.9144609337873;-2.12366938876189;-13.9164025037107;11.2107017587861
4995;1056;4969;133;140;-17.0219477832046;-15.9233354945365;-14.3828904535894;-12.4268279330701;-3.48332971514882;-15.9233354945365;-2.12787221379279;-13.9132229111315;11.1776388094961
5000;1056;4975;133;140;-17.0243612991854;-15.9257490105173;-14.3853039695701;-12.4292414490508;-3.48207779270331;-15.9257490105173;-2.12815160602964;-13.9147564265827;11.1876052983235
5021;1059;4992;133;140;-17.0311838200985;-15.9325715314304;-14.3921264904833;-12.4360639699639;-3.48524302395938;-15.9325715314304;-2.13318832287777;-13.9157571351751;11.2163109641951
5042;1060;5015;133;141;-17.0403774007921;-15.941765112124;-14.4013200711768;-12.4554099221215;-3.48616927124278;-15.941765112124;-2.13356118267546;-13.9330045596725;11.2423897613585
5062;1064;5030;134;141;-17.0463505261876;-15.9477382375195;-14.4072931965723;-12.451230676053;-3.48983740681517;-15.9477382375195;-2.13592785008396;-13.9458844102935;11.2552977602905
5083;1068;5051;135;141;-17.0546830449361;-15.956070756268;-14.4156257153208;-12.4697155662655;-3.49127122274146;-15.956070756268;-2.13805700058561;-13.9592099663695;11.2626158203057
5103;1071;5075;137;141;-17.06416360782;-15.9655513191519;-14.4251062782047;-12.4998154163521;-3.48474887083605;-16.37101642726;-2.13854838557339;-13.9848880038789;11.2305363373048
5124;1076;5103;137;141;-17.0751677621279;-15.9765554734598;-14.4361104325127;-12.4902002834574;-3.48474389214572;-16.382020581568;-2.14061176806474;-13.9868153748436;11.2600096371663
5144;1079;5121;137;142;-17.0822100229251;-15.983597734257;-14.4431526933098;-12.4972425442545;-3.48207451933691;-16.3890628423652;-2.14086897519983;-13.9969140319984;11.2472381333906
5166;1082;5144;137;142;-17.0911725318349;-15.9925602431668;-14.4521152022197;-12.4960526817003;-3.48109331658628;-16.398025351275;-2.14205648514737;-14.000680304676;11.2798657586697
5186;1085;5168;137;142;-17.1004820909249;-16.0018698022568;-14.4614247613096;-12.5053622407903;-3.47922883824559;-16.4073349103649;-2.14598054801439;-14.0058716764102;11.3080728820653
5207;1089;5188;138;142;-17.1082070908727;-16.0095948022046;-14.4691497612574;-12.5130872407381;-3.47649918598415;-16.4150599103127;-2.14844761867953;-14.0218870296769;11.3227481175144
5230;1092;5210;138;143;-17.1166702694948;-16.0180579808267;-14.4776129398796;-12.552322078027;-3.47546309992529;-16.4235230889349;-2.15279962213521;-14.0389299579679;11.3452487976918
5251;1094;5226;138;143;-17.1228028921611;-16.024190603493;-14.4837455625459;-12.5378354134905;-3.47592876101239;-16.4296557116012;-2.15182597429259;-14.0361566724421;11.3382499843178
5272;1097;5257;138;143;-17.1346316016389;-16.0360193129708;-14.4955742720236;-12.5395117515043;-3.4805405777291;-16.441484421079;-2.15576338026462;-14.0410769444201;11.3783865652512
7000;1263;6931;139;143;-17.687518763836;-16.3012244027161;-14.6429963261125;-12.5635547844327;-3.46948207900772;-16.3012244027161;-2.33342525468094;-14.1927500366976;12.3847774096462
7500;1311;7431;139;143;-17.8268314363149;-16.0350719670869;-14.648777605967;-12.5693360642872;-3.46676071685504;-16.440537075195;-2.36381946053153;-14.1949772201877;12.4794575216946
8000;1362;7901;139;143;-17.9494892254455;-16.1577297562174;-14.6536523594411;-12.5742108177613;-3.47381139447586;-16.5631948643256;-2.413138030355;-14.2085984622586;12.6465267313328
8500;1410;8426;139;143;-18.0781548850779;-16.1322447360226;-14.6769575034158;-12.6228337697202;-3.46785297796704;-16.2863954158499;-2.45783784156744;-14.2167735642489;12.7287439707215
9000;1439;8905;139;143;-18.1887363914475;-16.2428262423922;-14.6623758668314;-12.6357768065259;-3.45158145796739;-16.3969769222195;-2.49140371657472;-14.2497944949396;12.9743559076257
9500;1491;9397;139;143;-18.2962915367661;-16.2168499950863;-14.6587053770397;-12.6333310566302;-3.4608674402119;-16.5045320675381;-2.52207843107159;-14.2618977768351;13.2483225409514
10000;1528;9867;139;143;-18.3939022697143;-16.1966776923781;-14.656232651431;-12.6413296308887;-3.46021669384005;-16.3144607280345;-2.54948953820529;-14.2674912959326;13.332724951733
10500;1553;10382;139;143;-18.4956576327743;-16.2984330554381;-14.688995143004;-12.6608468957117;-3.45481755728761;-16.1930725397803;-2.58265051043718;-14.3088709711689;13.6313460761188
11000;1588;10869;139;143;-18.5873399591264;-16.2847548661323;-14.6753169536982;-12.660413933156;-3.46437074726728;-16.2847548661323;-2.59747548606514;-14.2985806450837;13.5720853931405
11500;1626;11332;139;143;-18.6707717219008;-16.2728764491024;-14.6454200311657;-12.637685500102;-3.47177423998306;-16.3681866289068;-2.62398036170197;-14.3023533408535;13.6629759876351
12000;1665;11870;139;143;-18.7635389752074;-16.2786323254194;-14.6691944129853;-12.6150706792898;-3.46817540935774;-16.2786323254194;-2.65722030140529;-14.305862925806;13.7465282198723
13000;1716;12821;139;143;-18.9176794611054;-16.2786221314901;-14.669184219056;-12.6372836221452;-3.47182603002713;-16.4327728113174;-2.6979829130064;-14.3298490797702;14.0194874335901
14000;1788;13830;139;143;-19.0691908493176;-16.3611406482154;-14.6871642146437;-12.6524585668053;-3.48167737048311;-16.4301335197023;-2.73928628200521;-14.365524600265;14.5157587424719
14500;1813;14317;139;143;-19.1384058427207;-16.3658171204809;-14.7075890438773;-12.6645151463684;-3.48600949791222;-16.4993485131054;-2.75973398645873;-14.3861512815217;14.6751325437703
15500;1869;15296;139;143;-19.2706932705824;-16.4374799265261;-14.7380937774291;-12.6914420585723;-3.47267975086669;-16.4981045483426;-2.8011164399588;-14.4135131058304;14.9091354280812
16000;1891;15759;139;143;-19.3303338192441;-16.439962061348;-14.7352139691096;-12.6970153859638;-3.47216578379503;-16.5577450970044;-2.82002305493905;-14.4155516710514;14.897792616154
16500;1916;16267;139;143;-19.3937875895329;-16.3980553159789;-14.7688147762486;-12.7029453121143;-3.46654038619333;-16.6211988672931;-2.84108390757097;-14.4272327032736;15.0179657805178
17000;1952;16787;139;143;-19.4567201126448;-16.4609878390908;-14.7562397468524;-12.6951473438408;-3.46914040535057;-16.684131390405;-2.85804544944865;-14.429395500455;15.0462032063742
17500;1979;17340;139;143;-19.5215425006691;-16.4770200629456;-14.7593685658713;-12.7069996034091;-3.46424304874571;-16.7489537784293;-2.88501603883244;-14.4310501323374;15.0391286878453
18500;2029;18346;139;143;-19.6343336921392;-16.4562798617913;-14.7980517851877;-12.7346105848543;-3.46406161686738;-16.743961934243;-2.93993584888138;-14.4538927317824;15.1474067078508
20000;2112;19910;139;143;-19.7979547941165;-16.4657502839413;-14.794008488171;-12.7383371658251;-3.47319137522731;-16.9075830362203;-2.98952280932914;-14.4491317232211;15.1801460887684
20500;2142;20419;139;143;-19.8484422378461;-16.4472448561839;-14.7732684226122;-12.725575579247;-3.4685585653394;-16.9580704799499;-3.0100158012759;-14.4449064017997;15.1461960854823
21000;2171;20950;139;143;-19.8997878507006;-16.4340519479008;-14.7758238712973;-12.7258295309438;-3.46610657771922;-17.0094160928044;-3.02100619097076;-14.4328606070853;14.9971259853092
22000;2223;21953;139;143;-19.9933181668478;-16.4097992283917;-14.8003613159576;-12.7209197742778;-3.46236195501325;-17.1029464089517;-3.05621831551675;-14.4376307152751;15.008717560022
22500;2244;22451;139;143;-20.0381808712164;-16.4546619327603;-14.7964338561568;-12.7123733686207;-3.46485214047584;-17.1478091133203;-3.06557747084111;-14.4368350747954;15.0178349180313
23000;2280;22986;139;143;-20.0852812278574;-16.3964017737435;-14.7720752488156;-12.717572655483;-3.46119536491645;-17.1949094699612;-3.08298420522915;-14.4271304737943;14.9552023750637
23500;2299;23401;139;143;-20.1210680709508;-16.4321886168369;-14.7835299912495;-12.7125375040562;-3.45950227428176;-17.2306963130547;-3.10464742992215;-14.4367365909198;15.0271782648926
24000;2312;23893;139;143;-20.1626816159811;-16.4491095492768;-14.7827842624406;-12.7068049284892;-3.45730342717131;-17.2723098580849;-3.11462126937205;-14.4436702600024;15.0916885730771
24500;2332;24407;139;143;-20.205250510767;-16.4675808924836;-14.7891501085626;-12.7097085668827;-3.45556451669315;-17.3148787528708;-3.12912332364925;-14.446788247488;15.1231594656614
25000;2355;24896;139;143;-20.2449248539562;-16.460735220038;-14.7981874822899;-12.7133724725489;-3.45635967766908;-17.2491925804022;-3.13733708122014;-14.4478966328053;15.1837729921864
26500;2422;26403;139;143;-20.3624658380838;-16.4706455399732;-14.7865167349375;-12.7185038890813;-3.45358989050436;-17.2714233847255;-3.17439670202755;-14.4524417331981;15.2518074734957
27500;2457;27420;139;143;-20.4380559062326;-16.4868121876512;-14.7961488352945;-12.7193704110341;-3.4603370647965;-17.3470134528743;-3.20282799162225;-14.4688174915834;15.3806762512848
28000;2476;27936;139;143;-20.4753429172787;-16.4863588707144;-14.8054619942981;-12.7157287665818;-3.46329012272369;-17.3843004639203;-3.21445491575679;-14.4712667657058;15.4088330803928
30000;2563;29958;139;143;-20.6151033594573;-16.504229495284;-14.8069608694769;-12.727519327797;-3.47076272833181;-17.2828988492821;-3.2708924575668;-14.48453530862;15.6358942655341
30500;2580;30441;139;143;-20.6470913258944;-16.4882082425347;-14.803546908863;-12.7299193370486;-3.47333305935844;-17.3148868157192;-3.28022165171497;-14.4841154220389;15.6331884825614
31000;2600;30984;139;143;-20.6824524423892;-16.5080651724935;-14.8131555292554;-12.7238755385753;-3.47408720654107;-17.350247932214;-3.29222582789335;-14.4885783863552;15.6935849434307
31500;2624;31520;139;143;-20.7167550879436;-16.4972473827675;-14.8005530253362;-12.7224601015277;-3.47369198357353;-17.3845505777684;-3.30549219777556;-14.4888741880163;15.6959778506111
32000;2642;32057;139;143;-20.7505416944749;-16.5020464524255;-14.7998991418872;-12.7250253079859;-3.4768264598338;-17.4183371842997;-3.31538496670906;-14.4906523746288;15.7561320778255
32500;2662;32574;139;143;-20.782539406267;-16.505873287251;-14.8112775664765;-12.7273816744473;-3.47842046395638;-17.4503348960918;-3.32996421928669;-14.4950924894446;15.8339670727542
33000;2677;33115;139;143;-20.8154832618382;-16.5388171428221;-14.814068383877;-12.7260007874774;-3.47660140725725;-17.483278751663;-3.33922434466082;-14.4987237313277;15.8993373917491
33500;2692;33620;139;143;-20.8457528139252;-16.5019473920715;-14.8102713814005;-12.7296343823158;-3.47786041793729;-17.51354830375;-3.35348217061304;-14.4997544001463;15.8884435650078
35000;2764;35087;139;143;-20.9311719409591;-16.5003551421158;-14.8219243581947;-12.7336332012379;-3.47630300510145;-17.5989674307839;-3.3934029570596;-14.5054764939643;16.0536338149675
35500;2783;35573;139;143;-20.9586844042452;-16.5160331477549;-14.8231195131635;-12.7361307658482;-3.47829788475509;-17.4929485014455;-3.40687664552228;-14.504604135589;16.04424330459
36000;2794;36060;139;143;-20.9858789935146;-16.51997087486;-14.8246716718195;-12.7295312205966;-3.47937456838402;-17.4595184688985;-3.4128792199934;-14.5100066298708;16.1313920862309
36500;2810;36537;139;143;-21.0121614495104;-16.5123517791802;-14.8157173217159;-12.722119830806;-3.4807652592973;-17.3232819953965;-3.42438131552941;-14.5089747300498;16.127774091988
37000;2821;37021;139;143;-21.0384811963768;-16.5386715260465;-14.8139227671014;-12.7315153310082;-3.48257426491692;-17.3496017422628;-3.42866682567872;-14.5070114665187;16.1345228306157
37500;2839;37527;139;143;-21.0656319057657;-16.5330324126124;-14.8175890312573;-12.7285227762032;-3.48382780704383;-17.3767524516518;-3.44208640028226;-14.5134214482263;16.2228527700565
38000;2848;38002;139;143;-21.090788137805;-16.547493355535;-14.8273898752133;-12.7436717767662;-3.48083073146977;-17.401908683691;-3.44911324874649;-14.5247625551666;16.3219381671945
38500;2864;38528;139;143;-21.118281057337;-16.5333135786664;-14.8267119177787;-12.7362205399122;-3.47930665722856;-17.429401603223;-3.45468894536374;-14.5141858782514;16.1858911836519
39500;2893;39504;139;143;-21.1683144231699;-16.5631442371818;-14.8139443823726;-12.7321143909632;-3.4786369444599;-17.479434969056;-3.47115930763676;-14.5186922914989;16.2569928910811
40000;2911;40000;139;143;-21.1932694661921;-16.5393091160346;-14.8148432825406;-12.724426535717;-3.48037870730674;-17.3866069764218;-3.48061811561395;-14.5147564800883;16.2474019257578
40500;2922;40482;139;143;-21.217225419711;-16.5537863255989;-14.8286640141653;-12.7284317028164;-3.47956035375915;-17.4105629299406;-3.48965177712172;-14.5238860870747;16.3394434891597
42500;2988;42469;139;143;-21.3130593539952;-16.5508854191975;-14.829952002538;-12.7248486753437;-3.47634085736159;-17.5063968642249;-3.53007034599217;-14.5281973779375;16.4186050975797
43500;3012;43478;139;143;-21.3600206840343;-16.5397391184292;-14.8379278858641;-12.729498807311;-3.47682427043501;-17.4281950513099;-3.54364757576992;-14.5291862023913;16.4239588039701
44000;3027;43990;139;143;-21.3834352286855;-16.5236228243239;-14.8380855683511;-12.7317111443117;-3.47720587364866;-17.4516095959612;-3.5497858049799;-14.5250893260536;16.3656630411306
44500;3037;44458;139;143;-21.4046004045017;-16.5217984819153;-14.842156310808;-12.732799494859;-3.4744981479848;-17.4727747717774;-3.55206251076534;-14.5263597894369;16.3865545407349
46000;3083;45928;139;143;-21.4696604636949;-16.5280180410856;-14.8271736623277;-12.7381626696317;-3.47610833631278;-17.4806764171307;-3.57471908590141;-14.5311376726859;16.4816125172582
46500;3093;46428;139;143;-21.491316008977;-16.5496735863677;-14.8320220892934;-12.7319612604108;-3.47585675281067;-17.5023319624128;-3.58041833244143;-14.5336565831124;16.4972455918378
47000;3105;46951;139;143;-21.5137195673282;-16.5508749370683;-14.8391581755138;-12.7357017576301;-3.47763706187111;-17.5247355207639;-3.58541482624943;-14.5367139218368;16.5529306749691
48000;3134;47924;139;143;-21.5547434035196;-16.5643108167408;-14.8503290485555;-12.7454777913503;-3.47532091090735;-17.5657593569553;-3.6076640008246;-14.54452200705;16.6452932157962
48500;3151;48453;139;143;-21.5766990698132;-16.552818548967;-14.8480704567285;-12.7506985243303;-3.47463457768519;-17.587715023249;-3.6211925315682;-14.5492028435074;16.6876634589864
49000;3168;48917;139;143;-21.5957605266181;-16.5588079242045;-14.8388281373706;-12.7501272702779;-3.47466037592766;-17.6067764800539;-3.62661458353368;-14.5494533914328;16.7266209195802
49500;3180;49423;139;143;-21.6163423637371;-16.5474381615168;-14.8364204562648;-12.7547087660504;-3.47098517428601;-17.6273583171728;-3.62999601955147;-14.546764490735;16.7185904664438
51000;3221;50966;139;143;-21.6778280454375;-16.5718825715369;-14.8362125689599;-12.7465404192151;-3.4764975564536;-17.6888439988732;-3.65593437240248;-14.5523792654688;16.8089419673791
51500;3241;51506;139;143;-21.6989071694401;-16.5631087323898;-14.8319738849782;-12.7499315615983;-3.47764402640087;-17.7099231228758;-3.67241912657561;-14.5496144293124;16.7512729611079
52000;3257;52007;139;143;-21.7182672077767;-16.5592119085622;-14.8307146361121;-12.7525494187918;-3.47662789411996;-17.7292831612124;-3.68369667720652;-14.5495705048242;16.7805217579174
52500;3280;52534;139;143;-21.7384317160252;-16.5344250289484;-14.82967693671;-12.7524856772649;-3.47475160248739;-17.749447669461;-3.69801208129775;-14.5418143783884;16.7215987694532
53500;3298;53550;139;143;-21.7767421517518;-16.5509954780386;-14.8374882057103;-12.7517679667558;-3.47633231063251;-17.7877581051875;-3.70675474867759;-14.5443779082604;16.7253665149461
54000;3311;54059;139;143;-21.7956626433883;-16.5486385712278;-14.8391172002367;-12.7449043412365;-3.4735878784246;-17.806678596824;-3.7143524601435;-14.5446072017455;16.735388028304
54500;3321;54618;139;143;-21.8162375554667;-16.5432379969029;-14.8361616149049;-12.7479216835199;-3.47135755405729;-17.8272535089024;-3.71806749971568;-14.5466227130978;16.7871581090397
55000;3331;55124;139;143;-21.8346809439901;-16.5565662847596;-14.8389147876852;-12.749563716768;-3.471121729852;-17.7916296761555;-3.72260920117568;-14.5521450099072;16.8564504367929
55500;3339;55625;139;143;-21.8527760389371;-16.5645090082425;-14.833479385222;-12.7503550091804;-3.46963559682028;-17.8097247711025;-3.72614576268739;-14.5550432989076;16.8891049667913
56000;3345;56120;139;143;-21.8704950684328;-16.5721777018848;-14.8405221567264;-12.7542456198562;-3.46858090026338;-17.8274438005982;-3.72967207360726;-14.5582655735555;16.9050176943862
56500;3359;56612;139;143;-21.8879525117075;-16.5698325178632;-14.8404352903502;-12.7614286258244;-3.46615599046615;-17.8449012438729;-3.74016296647955;-14.5615626203186;16.9502463179485
57000;3370;57118;139;143;-21.9057491647897;-16.5634149128249;-14.8384293161362;-12.7589877744564;-3.46716359322433;-17.8626978969552;-3.74388451351793;-14.5605101686989;16.9782569834751
57500;3380;57664;139;143;-21.924776681936;-16.5776691512186;-14.8430680958304;-12.7611087181583;-3.4669541535367;-17.8817254141015;-3.75040196782817;-14.5617692085218;16.9929030289471
58500;3409;58689;139;143;-21.9600151894588;-16.5663876431065;-14.8355369269654;-12.7560953852856;-3.46409844695668;-17.9169639216243;-3.76558149519363;-14.56313735264;17.0361371393308
59000;3424;59216;139;143;-21.9778941092519;-16.5662480573968;-14.8390271093064;-12.7562182276119;-3.46494550867075;-17.9348428414173;-3.77549473121813;-14.5618869345034;17.0255257563564
59500;3437;59704;139;143;-21.9943085976224;-16.578208195418;-14.8319111002667;-12.7571315716927;-3.46408851745772;-17.9512573297879;-3.78094271725838;-14.5612654668128;17.0151240727549
60500;3457;60769;139;143;-22.0296701390122;-16.5872524284904;-14.8420129748972;-12.7623824865943;-3.46509280344392;-17.9866188711777;-3.79921981260578;-14.5701748806992;17.1130064140129
61000;3472;61258;139;143;-22.0456994642457;-16.5734287905742;-14.8430382677224;-12.7611796940952;-3.46679097728052;-18.0026481964111;-3.80212426018617;-14.5655970168061;17.0462212324972
61500;3483;61756;139;143;-22.0618928315236;-16.5812539081816;-14.8466528527935;-12.754607253491;-3.4651085895643;-17.9675482693015;-3.80688716895122;-14.5666267472481;17.0454802491407
62500;3505;62752;139;143;-22.0938914579921;-16.5885599220598;-14.8468108734064;-12.760448888882;-3.46678468505579;-17.99954689577;-3.81775697101796;-14.5690963131696;17.0966243182375
63000;3523;63268;139;143;-22.1102699021668;-16.5888089843045;-14.8371773061672;-12.7542719577682;-3.46651210511114;-18.0159253399447;-3.82380921076788;-14.566752537547;17.086665671571
64500;3561;64801;139;143;-22.1581526286401;-16.5822035254938;-14.8330036706845;-12.75224547312;-3.46627248827418;-18.063808066418;-3.84055494017236;-14.568896594794;17.1420570562302
65500;3581;65787;139;143;-22.1883550588103;-16.5788832636253;-14.8346327284107;-12.747141089458;-3.46750518374951;-18.0940104965882;-3.85127492603708;-14.5606413213419;17.0140004051357
67000;3611;67226;139;143;-22.2316307128896;-16.5756389020697;-14.8328444374696;-12.7503475924659;-3.46695009335971;-18.1372861506675;-3.86750242640583;-14.5620763328024;17.0354536901381
67500;3620;67700;139;143;-22.2456829178007;-16.5827224376648;-14.8317126276103;-12.7512167895755;-3.46699785392158;-18.1513383555786;-3.86957616707088;-14.5601865861756;17.0159645897229
68000;3630;68215;139;143;-22.2608395219939;-16.5772597546553;-14.8342904495966;-12.7523965602381;-3.46713120415066;-18.1664949597718;-3.8737433902927;-14.5625126316006;17.0528521499897
69000;3654;69181;139;143;-22.288963074863;-16.5719353734568;-14.8296241796427;-12.7478811409746;-3.46788973292323;-18.1458283484715;-3.88559871786532;-14.55841003949;16.9450193755798
69500;3667;69661;139;143;-22.3027917985153;-16.5726920155418;-14.8251875553177;-12.7491454503394;-3.46671951027655;-18.1596570721238;-3.8907999640427;-14.5576466040517;16.9486421190683
70000;3683;70195;139;143;-22.3180647248121;-16.5750615370026;-14.8191949908352;-12.7496304161438;-3.46665606827995;-18.0839582202148;-3.89732722247053;-14.555327861505;16.9302561743351
70500;3691;70683;139;143;-22.3319207407092;-16.5635997449154;-14.8165761695288;-12.7471244474992;-3.46721375194249;-18.097814236112;-3.90352578792442;-14.5565333197014;16.9495508187732
71000;3699;71197;139;143;-22.3464119233618;-16.5687596001392;-14.8148595419545;-12.744705367657;-3.46754054970761;-18.1123054187646;-3.90534999402009;-14.5564684039939;16.9797149541457
71500;3708;71639;139;143;-22.3587897947898;-16.5627320440245;-14.8144576867362;-12.7433843947268;-3.46653602249301;-18.1246832901926;-3.90869056912001;-14.5570679617313;17.0154671169301
72500;3732;72644;139;143;-22.3866521556768;-16.5695409957136;-14.811067504119;-12.7408995992245;-3.46569704925413;-18.1099860366607;-3.92162307885007;-14.5574765614721;17.0685338412137
73500;3750;73651;139;143;-22.4141859990622;-16.5706415820309;-14.8172915609177;-12.7367838207612;-3.46543009570848;-18.1375198800462;-3.92934710005231;-14.5567359947021;17.0789721335593
75000;3776;75140;139;143;-22.4542166382559;-16.5681126068058;-14.8218155116545;-12.7404378609478;-3.46400495576603;-18.1775505192399;-3.94591236305192;-14.5630057472992;17.1581511703676
75500;3787;75651;139;143;-22.4677718757996;-16.5733690415347;-14.8276487031042;-12.7422155317561;-3.46389535005215;-18.1911057567835;-3.94990932281592;-14.5652155140612;17.1974197431287
76000;3797;76161;139;143;-22.4812095992623;-16.567706593624;-14.8258189544361;-12.739946901821;-3.46424347369293;-18.2045434802462;-3.95340430447745;-14.5652301653926;17.208419901679
77000;3816;77157;139;143;-22.50719517203;-16.5670239193095;-14.8224112285072;-12.7333608277207;-3.46316791482666;-18.2305290530139;-3.96056021868739;-14.5647102656595;17.2137439449584
78000;3833;78147;139;143;-22.5326938947937;-16.56654715567;-14.8274314199274;-12.7393560857586;-3.46106891787861;-18.2560277757777;-3.96980653823945;-14.5666124179094;17.2571364739672
79000;3844;79130;139;143;-22.5576946972065;-16.571242691922;-14.8310410323588;-12.7471451403296;-3.45993137013725;-18.2810285781904;-3.978160642435;-14.5705101136367;17.312179213905
79500;3852;79614;139;143;-22.569890471529;-16.5660034044224;-14.8274884497132;-12.7507632676109;-3.45993144154662;-18.2932243525129;-3.98329641103436;-14.5720662695415;17.331213860045
80000;3860;80111;139;143;-22.5823369039347;-16.575983744333;-14.8312917859629;-12.7468605620151;-3.45894597109366;-18.3056707849187;-3.98786992563831;-14.5752316491574;17.3740346988826
80500;3869;80612;139;143;-22.5948056015748;-16.5835384271706;-14.8288125221671;-12.7482059112457;-3.45832360429783;-18.3181394825587;-3.99234332995126;-14.5744319281913;17.3720517173673
81000;3878;81133;139;143;-22.6076901247912;-16.5818241509658;-14.8278050097206;-12.7489384660964;-3.45846100779342;-18.2902020112548;-3.99797539455768;-14.5753076519561;17.3901067641232
81500;3882;81623;139;143;-22.6197327279629;-16.5794780166855;-14.8298641689082;-12.7516133192646;-3.45829182713308;-18.3022446144266;-4.00166047648581;-14.5776453268411;17.4312363761818
82000;3892;82115;139;143;-22.6317519655433;-16.5914972542659;-14.8287253219111;-12.7506122766711;-3.45832253064993;-18.2750431388537;-4.00776976507176;-14.5789573372105;17.4678265672525
82500;3908;82630;139;143;-22.6442561793905;-16.5874721661618;-14.8314733608129;-12.7508189627078;-3.45956581878339;-18.2875473527009;-4.01803795745204;-14.5786693097191;17.4708672850205
83000;3918;83161;139;143;-22.6570675338233;-16.5886419455792;-14.8298266320705;-12.7507340348373;-3.45946273310039;-18.2626183791509;-4.02341866506207;-14.574947934405;17.3855730719802
83500;3930;83652;139;143;-22.6688412305488;-16.579796355102;-14.8249925923963;-12.7484965609462;-3.45888471576684;-18.2743920758764;-4.02864191358428;-14.5741525882028;17.3759282070149
84500;3948;84692;139;143;-22.6935528503517;-16.5843052675873;-14.8287488470232;-12.7402280629684;-3.45923820177798;-18.2627360515083;-4.03661478171152;-14.5747755753936;17.38408312217
86000;3975;86247;139;143;-22.72994110336;-16.5879036977726;-14.8289340513675;-12.746164719595;-3.46048242344426;-18.2991243045166;-4.05195998713502;-14.5726560692625;17.3481872550158
87000;3993;87258;139;143;-22.7532490528115;-16.5920417311165;-14.8324393735229;-12.752090473102;-3.45948148935394;-18.3224322539682;-4.06146908241705;-14.5765471508146;17.4077554044971
87500;4002;87792;139;143;-22.7654513185975;-16.5916652146956;-14.8338072971432;-12.747653419884;-3.45862596525131;-18.3346345197542;-4.06563521148433;-14.5775179203257;17.4256076254696
89000;4025;89259;139;143;-22.798595069788;-16.592019143063;-14.8309683304541;-12.7419573377581;-3.45969689124573;-18.3326869511334;-4.07189543515514;-14.5731924042835;17.3936419894758
90000;4039;90263;139;143;-22.8209658202861;-16.5826411952466;-14.8283591678859;-12.7392484038593;-3.46004971885885;-18.3550577016316;-4.0783350063558;-14.5753907777658;17.4375077072459
90500;4046;90792;139;143;-22.832652909962;-16.5884860092982;-14.8306280917458;-12.7414417513429;-3.46033039853598;-18.3667447913074;-4.08047781998169;-14.5773581134977;17.4652554516046
91500;4059;91790;139;143;-22.8545172764263;-16.5968496885436;-14.834904482026;-12.7484154638284;-3.45861137813053;-18.354707606096;-4.09000524733773;-14.5815013051372;17.5005932727837
92000;4072;92276;139;143;-22.865078730022;-16.5959824463157;-14.8353202095811;-12.7516544536589;-3.45706147376875;-18.3652690596917;-4.09503988002262;-14.5797757610314;17.4927155824759
93000;4090;93320;139;143;-22.8875794522707;-16.6015813577619;-14.8419911714672;-12.7496523886785;-3.45670199661282;-18.3549799591175;-4.10474996001901;-14.5838370791607;17.5489650557267
93500;4102;93808;139;143;-22.898010838408;-16.5953918626631;-14.8425356966507;-12.7501663381585;-3.4570637382431;-18.3654113452547;-4.10771928477195;-14.582244911065;17.5347381245715
94000;4112;94303;139;143;-22.9085365629543;-16.6004381214447;-14.8420150724843;-12.751958382736;-3.45651628207532;-18.375937069801;-4.11201803081588;-14.5840066358207;17.5744496114088
95000;4130;95301;139;143;-22.9295911655333;-16.6016543818042;-14.8388824494494;-12.7443515885762;-3.45728324716555;-18.3969916723801;-4.12160614086036;-14.5833615777114;17.5879096241566
96000;4146;96268;139;143;-22.9497824953046;-16.6006435039248;-14.8384544920179;-12.7458200485179;-3.45791052711622;-18.4171830021513;-4.13235349148312;-14.5850051821581;17.6347254564352
96500;4152;96773;139;143;-22.9602466174757;-16.6076172211561;-14.8405503645184;-12.7467408126421;-3.45702716888384;-18.4276471243224;-4.1361287336868;-14.5866551030471;17.663833122829
97000;4160;97274;139;143;-22.9705740353325;-16.6075459317921;-14.841988834958;-12.7452203985646;-3.45722201563254;-18.4379745421793;-4.13938390705201;-14.5882095546448;17.7025462192064
98000;4173;98274;139;143;-22.9910295494209;-16.6143026015222;-14.8365293742689;-12.7457979663344;-3.45544593186441;-18.4584300562676;-4.1466556816636;-14.5922007835246;17.7555059700713
98500;4186;98780;139;143;-23.0013008681892;-16.6177942333052;-14.8379295517293;-12.7457138231462;-3.45660667405847;-18.468701375036;-4.15768145193672;-14.5946065569112;17.7961874718404
99000;4205;99303;139;143;-23.0118621221145;-16.6149324668984;-14.8332233335238;-12.743384294036;-3.45599330698547;-18.4792626289613;-4.161680764368;-14.5914012669769;17.7779950025871
100500;4225;100826;139;143;-23.0423030757349;-16.6206808079284;-14.8400946392984;-12.7438048729944;-3.45568788426868;-18.5097035825816;-4.17461528357712;-14.5956668858385;17.8304293655907
101500;4239;101838;139;143;-23.0622771887792;-16.619737022311;-14.8359712007637;-12.7480385237056;-3.45633779911408;-18.4979289973113;-4.17923039528113;-14.5951204375732;17.8486062788999
102000;4246;102352;139;143;-23.0723462633798;-16.6108780870261;-14.8401720269959;-12.7469298767049;-3.45670518971938;-18.507998071912;-4.18138685300793;-14.5936192226932;17.8323375242971
104500;4288;104891;139;143;-23.121353989415;-16.6110956488919;-14.8353365210103;-12.7461767298615;-3.45591906184126;-18.5262341392804;-4.1985276060018;-14.5887760856545;17.7782347463952
105000;4300;105398;139;143;-23.1309978791546;-16.6089050809844;-14.8332052527737;-12.746814067834;-3.45524045112656;-18.53587802902;-4.20369064748056;-14.5892134284869;17.7934216004445
106000;4311;106384;139;143;-23.1496209372845;-16.5985406022411;-14.8357686698863;-12.746115959699;-3.4546560750466;-18.5545010871499;-4.20997180206479;-14.5905354917907;17.7980696507921
107000;4329;107353;139;143;-23.1677554977751;-16.6053114040814;-14.8344851445198;-12.7473509118367;-3.45516347314666;-18.5427826844909;-4.21743639253987;-14.5893033189734;17.7915673754516
108000;4342;108410;139;143;-23.1873512293107;-16.601179574456;-14.8373939572704;-12.7465519277727;-3.45648748645394;-18.5623784160264;-4.22058487021379;-14.5885783551588;17.7740565443776
109000;4352;109431;139;143;-23.2060989852653;-16.6048688665364;-14.8385665684034;-12.7503943766034;-3.45541271575518;-18.581126171981;-4.22590405853912;-14.5900051666603;17.7683148414985
111000;4378;111394;139;143;-23.2416574901215;-16.6057109344348;-14.8362901138875;-12.7486625317851;-3.45502515319519;-18.5876971399639;-4.23916848301792;-14.590174161103;17.7652990975813
112000;4388;112362;139;143;-23.2589621619771;-16.6035218116095;-14.8382798709417;-12.7523068425006;-3.45625727632793;-18.6050018118196;-4.24242900225583;-14.5905854672248;17.7906450177854
112500;4396;112887;139;143;-23.2682851947218;-16.5937238029074;-14.8388309176136;-12.7466434406671;-3.45618545305884;-18.6143248445643;-4.24392935589735;-14.590469155935;17.804450513828
113000;4403;113400;139;143;-23.2773533405516;-16.5977541547072;-14.8392033564758;-12.747927357149;-3.45493970032913;-18.6233929903941;-4.24818726805291;-14.5921690413683;17.8246785833057
113500;4407;113891;139;143;-23.285994259264;-16.6001333121956;-14.8400822698527;-12.7475184403414;-3.45498856556892;-18.6320339091065;-4.25031418546776;-14.5920153767552;17.8216252758959
114000;4413;114387;139;143;-23.2946854302142;-16.5976511825477;-14.8340625902864;-12.7482393387014;-3.45511394199494;-18.8520341737239;-4.25135330423238;-14.5894569363941;17.7776762762365
114500;4421;114891;139;143;-23.3034782635745;-16.5990639086104;-14.8296101968966;-12.75220707223;-3.45513207635819;-18.8608270070842;-4.2541266648006;-14.5892672567008;17.7821454174687
115000;4427;115381;139;143;-23.3119899495733;-16.5929767951881;-14.8324986253411;-12.7508787725463;-3.45580182688963;-18.869338693083;-4.2580816776142;-14.5883185737439;17.7832195400994
116000;4442;116386;139;143;-23.3293350642636;-16.5959331724262;-14.8347965634121;-12.752903038485;-3.45679104877464;-18.8866838077732;-4.26212222038087;-14.5893700879216;17.806956170025
116500;4448;116893;139;143;-23.3380285308555;-16.6010615728536;-14.8353400256421;-12.7534663789937;-3.45639575991736;-18.8953772743652;-4.26488605289487;-14.5902160209304;17.8257789330524
117000;4457;117409;139;143;-23.3468376888518;-16.6016013393674;-14.8352602362212;-12.7547131112336;-3.45653071287742;-18.9041864323615;-4.26665178417924;-14.5903641387488;17.843080334844
118000;4469;118409;139;143;-23.3638000241133;-16.6115296479716;-14.8402272257331;-12.755236720152;-3.45591205453634;-18.921148767623;-4.27505294079238;-14.5948831004772;17.8862798241165
118500;4473;118916;139;143;-23.372345280977;-16.6107725121729;-14.8382949724943;-12.7574777796198;-3.45542658858243;-18.9296940244866;-4.27642021047339;-14.5951062683741;17.9014831833917
119000;4477;119395;139;143;-23.3803852060338;-16.6141934913735;-14.8394754880003;-12.7513800929073;-3.45595869584407;-18.9377339495435;-4.27766280520306;-14.5942938422733;17.8965367414137
119500;4488;119921;139;143;-23.3891769432686;-16.604719880631;-14.8343026848847;-12.7505608879324;-3.45648476045726;-18.9465256867783;-4.28087406374646;-14.5928600749398;17.8917951969948
120500;4501;120888;139;143;-23.4052395521872;-16.6039565177156;-14.8350744760048;-12.7484508962714;-3.45697174217224;-18.9625882956969;-4.28699653854065;-14.5941649834442;17.9347442541299
121500;4511;121830;139;143;-23.4207638186969;-16.6051238286226;-14.8353513883035;-12.7445788068428;-3.45623818270364;-18.9781125622066;-4.29131289624544;-14.5903926898584;17.8439896966197
122500;4522;122862;139;143;-23.4376341065532;-16.6089220349115;-14.8351810711862;-12.7411540384874;-3.45695160484314;-18.9949828500629;-4.29617137512299;-14.5924794260582;17.8870024465387
125000;4561;125409;139;143;-23.478671349881;-16.6034392626045;-14.8304498960584;-12.744625260962;-3.45729393507086;-18.9788616795508;-4.31169627618236;-14.5932986763149;17.927821659196
125500;4567;125944;139;143;-23.4871852853889;-16.6006536428584;-14.8331910524805;-12.7455847820427;-3.45767962284481;-18.9873756150587;-4.3140095161462;-14.5938986992207;17.9456102229883
126000;4573;126437;139;143;-23.4949988787586;-16.6033729817063;-14.8342249588648;-12.7452139661688;-3.45686132980303;-18.9951892084283;-4.31738167465758;-14.5952930023226;17.9703182515858
127500;4589;127921;139;143;-23.5183363297263;-16.6105810507442;-14.8374948467817;-12.7465725104178;-3.45634907471358;-19.018526659396;-4.33163638403309;-14.5995306112843;18.0055862061874
128000;4590;128417;139;143;-23.5260761204559;-16.6113452277373;-14.83863395348;-12.7465991328191;-3.45633860134206;-19.0262664501256;-4.3323820823234;-14.5999594620544;18.016794266251
128500;4597;128927;139;143;-23.5340032633879;-16.611359371912;-14.8378274164432;-12.7480713597614;-3.45658711059211;-19.0341935930576;-4.33475759646389;-14.5996066575684;18.0146967082961
129000;4604;129483;139;143;-23.5426097547465;-16.6121149887949;-14.8400994975565;-12.7496272931234;-3.4567191749205;-19.0428000844162;-4.33559990446579;-14.6003811528629;18.0330625676598
129500;4610;129952;139;143;-23.549840860972;-16.6164178352413;-14.8416967860638;-12.7508777162757;-3.45708667047981;-19.0500311906418;-4.33889752797075;-14.6028150263037;18.0585548858341
131000;4628;131498;139;143;-23.5734938427176;-16.6217216783187;-14.8352392661915;-12.7439632668647;-3.45683923133668;-19.0736841723874;-4.34821104095204;-14.606361992609;18.1196810188423
131500;4632;132010;139;143;-23.5812659125496;-16.624720469398;-14.8377342789226;-12.7468749157715;-3.45631950179817;-19.0814562422193;-4.34954554058883;-14.6044527097056;18.0683890924991
132000;4639;132459;139;143;-23.5880568851232;-16.625813420857;-14.8365823979823;-12.7444644226136;-3.45511597173354;-19.0882472147929;-4.35341123207415;-14.6054900374226;18.0840249273699
133000;4652;133451;139;143;-23.6029792964957;-16.6266312260479;-14.8354944218462;-12.7454814250584;-3.45442608340542;-19.1031696261654;-4.35901504231844;-14.6057385846376;18.1132039724939
133500;4659;133941;139;143;-23.6103093669315;-16.6228191199305;-14.8363057667305;-12.746552475349;-3.45421294360488;-19.1104996966012;-4.36291548164212;-14.605165456365;18.1067480328328
134000;4671;134420;139;143;-23.6174490110479;-16.6125670213351;-14.8349727421234;-12.742406327534;-3.45405619511852;-19.1176393407176;-4.36823578596089;-14.6019321833144;18.0818273947976
135000;4686;135393;139;143;-23.6318738789066;-16.6107899146174;-14.8279991153721;-12.7399237812033;-3.45515051060172;-19.1320642085763;-4.37651588043327;-14.6004384839257;18.0688740953593
136000;4702;136372;139;143;-23.6462834494532;-16.6127769651655;-14.8272094661853;-12.7423478570362;-3.45435568543288;-19.1464737791229;-4.38703310723989;-14.6024577664007;18.0867943331057
136500;4712;136841;139;143;-23.6531498937391;-16.6178812944581;-14.8292075671539;-12.7438234526873;-3.4546851879432;-19.1533402234089;-4.38884822103507;-14.6021927694988;18.096753041613
137000;4717;137368;139;143;-23.6608374699873;-16.6185512980475;-14.8314647345189;-12.7449493256021;-3.45443870968743;-19.161027799657;-4.39004951556967;-14.6034465166142;18.1229854153693
137500;4722;137875;139;143;-23.6682055131116;-16.6163498901557;-14.8305242975184;-12.7487991118919;-3.45393472645366;-19.1683958427813;-4.39120876332954;-14.6036781629135;18.1305058851688
138500;4735;138820;139;143;-23.6818668177871;-16.6256915336867;-14.8347945052193;-12.7503146275419;-3.45349021281824;-19.1820571474569;-4.39674014419015;-14.6053679556246;18.1624438871965
139000;4742;139330;139;143;-23.6892009982153;-16.6278666313048;-14.8326825011954;-12.7516752343363;-3.4535485359347;-19.189391327885;-4.40155032972437;-14.6074143004173;18.1875365226504
140000;4753;140347;139;143;-23.703746412856;-16.6170084783454;-14.8344888900587;-12.7525189020255;-3.45402903103319;-19.2039367425257;-4.41072514430926;-14.606630983094;18.1725627333194
140500;4760;140831;139;143;-23.7106317378533;-16.6180580218787;-14.831437809743;-12.7478446140346;-3.4534617180063;-19.2108220675231;-4.41156504076171;-14.6049071432765;18.1451159565097
141000;4770;141341;139;143;-23.7178613787156;-16.6153620229409;-14.8339439075076;-12.7482847292169;-3.45348281923832;-19.2180517083853;-4.41212290245715;-14.6030031978215;18.1116167049978
142000;4777;142334;139;143;-23.7318633747449;-16.621167251766;-14.8362337476084;-12.7527763078497;-3.45343901709398;-19.2320537044146;-4.41500820588685;-14.6062703271387;18.1573028344122
144000;4798;144311;139;143;-23.7594519438657;-16.6205849439201;-14.8363937243199;-12.7458023914332;-3.45373124568214;-19.2055750522651;-4.42250881644095;-14.6071543674138;18.2041360393965
144500;4804;144824;139;143;-23.7665489821116;-16.6205645143972;-14.835922512938;-12.7478214831375;-3.4534491893796;-19.212672090511;-4.42443938904641;-14.607507334868;18.2200185296603
145500;4817;145858;139;143;-23.7807776493316;-16.6253813474349;-14.8375327161988;-12.7456299540812;-3.45460200768253;-19.2269007577311;-4.42994315078819;-14.6091645956417;18.2544334612794
146000;4827;146395;139;143;-23.7881274538413;-16.6218614797077;-14.835522077949;-12.7457817840685;-3.45468772564707;-19.2342505622408;-4.43619692859291;-14.6093893322846;18.2630195530757
146500;4831;146897;139;143;-23.7949738797952;-16.6263939825312;-14.8350197955271;-12.7482034593826;-3.45557016293027;-19.2410969881947;-4.43840990463022;-14.609974794052;18.26876795911
147000;4838;147417;139;143;-23.8020411690317;-16.623495685268;-14.8340271677865;-12.7478233735654;-3.45494131681121;-19.2481642774312;-4.44132435450297;-14.6085864174821;18.2571792515119
147500;4841;147894;139;143;-23.8085021598493;-16.6231151442689;-14.8323662865468;-12.7475046773976;-3.45446950676404;-19.2546252682488;-4.44354716849607;-14.6096887005372;18.2733291671106
148000;4850;148387;139;143;-23.8151580096001;-16.6222237883843;-14.8342308019517;-12.7495201475919;-3.45425717574692;-19.2612811179996;-4.44560892572462;-14.6083710725516;18.2686979734211
149000;4862;149320;139;143;-23.827693866057;-16.6176142378863;-14.839497545062;-12.7504710917558;-3.45467648579653;-19.2225236800689;-4.45084303249275;-14.6085619645571;18.2803523997417
149500;4867;149828;139;143;-23.834486496973;-16.6163096585696;-14.834990620724;-12.7509449271815;-3.45473015013393;-19.2293163109849;-4.4512821049025;-14.6073814217714;18.2819938982611
150000;4878;150311;139;143;-23.8409235200449;-16.6139875015516;-14.837607317503;-12.7488306403139;-3.45453511740119;-19.1869631698874;-4.4578176434688;-14.6076434273696;18.2915400656354
150500;4885;150833;139;143;-23.8478570870136;-16.620194588285;-14.8349925196031;-12.7495383880688;-3.45487394786569;-19.1938967368561;-4.46174808259378;-14.6079692438517;18.3087529339937
151500;4893;151794;139;143;-23.8605592349416;-16.6213442611618;-14.8342619006577;-12.749903987183;-3.45485688612264;-19.2065988847841;-4.46860355671634;-14.6101491217372;18.3422582443534
152000;4899;152276;139;143;-23.8668998854986;-16.6198193009128;-14.8342518019327;-12.7481584005186;-3.45427069286253;-19.212939535341;-4.47111349969083;-14.6060689217874;18.2270628798716
154500;4930;154880;139;143;-23.9008118050208;-16.6311950554126;-14.8381597059442;-12.7414091144428;-3.45470079097409;-19.2468514548633;-4.48290122955395;-14.6089775970152;18.3085521587358
155000;4937;155411;139;143;-23.9076569989626;-16.629028056642;-14.8352003343499;-12.7442890101623;-3.4540228329264;-19.2536966488051;-4.48610200701697;-14.6079221687088;18.2868047540035
155500;4942;155892;139;143;-23.9138374775675;-16.6303892488108;-14.8386297795828;-12.7457430871686;-3.45422565946426;-19.2598771274099;-4.48912610618542;-14.607782320975;18.2821219650346
156000;4947;156434;139;143;-23.9207789495433;-16.631851255022;-14.8407750792951;-12.7485425997423;-3.45397773840657;-19.2202985837508;-4.49265257697388;-14.6105000744998;18.3082442029184
157000;4966;157446;139;143;-23.933675642632;-16.6305055913952;-14.8403186261417;-12.7465080189658;-3.45282150115758;-19.2331952768396;-4.49797550576285;-14.6079312876786;18.2534983843951
157500;4975;157954;139;143;-23.9401182607587;-16.6295681022243;-14.8431705761376;-12.7460628635631;-3.4529107378191;-19.1951861323954;-4.50174673879044;-14.6079308781474;18.2600171751436
158000;4987;158456;139;143;-23.9464644624742;-16.6332440753839;-14.8395974989743;-12.7471818196255;-3.45280900930207;-19.201532334111;-4.50807293201904;-14.6084410386542;18.2766948284436
159500;5007;159921;139;143;-23.9648704445626;-16.6253327491549;-14.8388904212045;-12.7454305263378;-3.45331772471339;-19.2199383161993;-4.51348864004481;-14.6065218354272;18.2608395015841
160000;5016;160417;139;143;-23.9710639076719;-16.6289321770872;-14.8397667430362;-12.7471547381666;-3.45277053085736;-19.2261317793086;-4.51917587572988;-14.6078996625227;18.2788836656733
160500;5020;160893;139;143;-23.9769896535026;-16.6303344903261;-14.8411573337015;-12.7488704002387;-3.45294464425144;-19.2320575251394;-4.5214457896403;-14.6086608806104;18.2965330477139
161000;5022;161416;139;143;-23.983480324989;-16.6310392247454;-14.8403487027063;-12.7504275055791;-3.4528665896419;-19.2385481966258;-4.52276888550673;-14.6098035499523;18.3092340853041
161500;5029;161965;139;143;-23.9902710829796;-16.6339912064288;-14.8377717106932;-12.749429969838;-3.4531756802622;-19.2453389546163;-4.52426679398098;-14.6087245733979;18.302477800668
162000;5033;162487;139;143;-23.9967065551035;-16.6302614067759;-14.8376594775149;-12.7504847561999;-3.4539928061847;-19.2517744267403;-4.52530884564214;-14.6082118822342;18.294922860894
162500;5041;163000;139;143;-24.0030109595778;-16.6353023872034;-14.8366224751308;-12.750087551286;-3.45410927650079;-19.2580788312145;-4.52705984729761;-14.607275852953;18.2758145089048
163500;5051;164059;139;143;-24.0159627964144;-16.6276349368373;-14.8351542270442;-12.7472768460531;-3.45286521396833;-19.2284710536323;-4.53298455948473;-14.6076887178251;18.2939705609262
164000;5058;164580;139;143;-24.0223041063194;-16.6235178308995;-14.8370764351583;-12.7459114297824;-3.45307241199098;-19.2348123635374;-4.5381670981035;-14.6085413821492;18.308006550412
164500;5066;165043;139;143;-24.0279226499829;-16.6206049395135;-14.8373769053349;-12.7462233125203;-3.45224771035967;-19.2404309072009;-4.54238791378241;-14.6072852968491;18.2792577371612
165000;5073;165517;139;143;-24.0336583751145;-16.6239164210336;-14.834581195417;-12.7437514692703;-3.45242015945641;-19.2461666323325;-4.54540165461591;-14.6071844439883;18.2766366016247
165500;5074;166018;139;143;-24.0397029903902;-16.6281467025791;-14.835783186217;-12.7435166290612;-3.45274030155023;-19.2522112476082;-4.54604528624379;-14.6086415887523;18.2990499682681
166000;5078;166509;139;143;-24.0456092819916;-16.6280288795771;-14.836269410349;-12.7433678119859;-3.45238129463237;-19.2581175392096;-4.54790224292006;-14.6092470385673;18.3166098408536
166500;5082;167028;139;143;-24.0518334840308;-16.6270717222076;-14.8317408206119;-12.7452559104574;-3.45150899272567;-19.2643417412488;-4.54913168116791;-14.6087215410853;18.3085831038845
167000;5083;167485;139;143;-24.0572981479968;-16.628964953806;-14.8328576516419;-12.7465378279556;-3.45196140474775;-19.2698064052148;-4.54962004831114;-14.60924052383;18.3165522234067
167500;5090;168007;139;143;-24.0635218483681;-16.6334077098063;-14.8341634705561;-12.7466842626886;-3.45218779397177;-19.276030105586;-4.55316452723445;-14.609327244323;18.3169469023149
168000;5097;168463;139;143;-24.0689428401852;-16.6305593101409;-14.8341049966086;-12.7462098263895;-3.45161201055201;-19.2814510974032;-4.55571969545133;-14.609236612043;18.3202204076008
168500;5104;168964;139;143;-24.0748819069245;-16.6306332574277;-14.8325584890952;-12.7465044755091;-3.45172624283922;-19.2873901641424;-4.5608259203887;-14.60963734691;18.3226312031078
169500;5114;169939;139;143;-24.0863896562208;-16.6316697068568;-14.8315540443581;-12.7411730356767;-3.45297498793097;-19.2988979134388;-4.56602828780765;-14.6099300826123;18.3460642141187
