20;16;19;9;8;-5.88887795833288;-5.88887795833288;-5.19573077777294;-4.29985104315891;-1.79453339611078;-5.19573077777294;-0.93305090073162;-4.93479215437988;2.73496822960474
41;30;38;11;15;-7.27517231945277;-6.58202513889283;-6.17656003078466;-5.19573077777294;-1.95705232560856;-6.58202513889283;-0.826282925305914;-5.92443972474844;3.11246202992178
61;43;65;16;15;-8.34877453979127;-7.25016225112316;-6.6481758489602;-5.45840278189511;-2.08537627719965;-7.65562735923133;-0.843832471395103;-6.38252905739131;3.38879282198771
81;54;83;16;18;-8.8376812155932;-7.4513868544733;-6.75823967391336;-5.65962738524525;-2.18481818623985;-8.14453403503325;-0.928559032381784;-6.6047739386587;3.65775300699444
102;65;98;20;19;-9.16993495734114;-7.78364059622125;-7.09049341566131;-5.9918811269932;-2.2905791528807;-8.4767877767812;-0.908666806763496;-6.92151758748093;3.67892209166767
124;77;116;26;20;-9.50718038221273;-8.12088602109284;-7.42773884053289;-6.46265794448931;-2.34478288485701;-8.81403320165278;-0.863002179042003;-7.28320861069434;3.6718044214016
144;86;133;26;24;-9.78069825644351;-8.6820859677754;-7.70125671476367;-6.60264442609556;-2.43468804653022;-9.08755107588356;-0.848485744114294;-7.59630976807598;4.12904781504626
164;98;159;26;26;-10.1378084044405;-8.75151404332057;-7.94058382710424;-6.67207250164074;-2.44341560181104;-9.44466122388052;-0.910217679057753;-7.77370640134751;4.48880535987689
184;101;170;26;26;-10.2715968741005;-8.88530251298063;-8.02169203893539;-6.68807793564441;-2.38852752279477;-9.17298458543241;-0.950072973163726;-7.82083508812878;4.6250316618407
204;111;187;26;31;-10.4622172337092;-9.07592287258928;-8.26499265637295;-6.87869829525306;-2.37396250658674;-9.07592287258928;-0.987054083427292;-8.11660210603855;4.96269876344068
225;121;206;28;31;-10.6557523375792;-9.26945797645927;-8.35316724458512;-6.96687288346523;-2.42012661761485;-9.04631442514506;-0.978977197171797;-8.19108240675552;4.99126977377791
247;130;230;32;31;-10.8761586178464;-9.4898642567265;-8.57357352485234;-7.18727916373245;-2.43995858563969;-9.26672070541229;-0.965099799813945;-8.37951429724727;5.053497209469
268;141;248;36;33;-11.02685749233;-9.64056313121007;-8.72427239933592;-7.56112158953024;-2.47777811205141;-9.92824520366185;-0.939424701883784;-8.57914983733883;4.99407710612318
288;154;274;41;33;-11.2262562127761;-9.83996185165625;-8.74134956298814;-7.72974865130966;-2.51877329491677;-10.5331090322162;-0.926176130635446;-8.72234772762551;4.96674899843979
308;159;295;41;33;-11.3739507126796;-9.98765635155975;-8.8090013552181;-7.6850712585657;-2.5248671941473;-10.6808035321197;-0.960097642209978;-8.77845264278633;5.16922469762061
328;169;320;43;33;-11.5366419915875;-10.1503476304677;-8.89758466197229;-7.75245235766928;-2.50998410204466;-10.4380297029194;-0.992011331738267;-8.86244307711712;5.2749577356354
348;177;338;43;33;-11.646091790966;-10.2597974298461;-8.93804158986383;-7.83942930119572;-2.51956790508297;-10.5474795022979;-1.04002666414088;-8.88601704755923;5.42038829274196
368;187;361;48;35;-11.7777559166658;-10.3914615555459;-9.21280655920422;-8.08887646255183;-2.59273335267387;-10.3914615555459;-1.02448074861376;-9.16471572191589;5.69954835300394
390;195;373;49;38;-11.8431568392876;-10.7445445506195;-9.35825018949963;-8.23223892664341;-2.64226092613945;-10.4568624781677;-1.0202634119772;-9.3379995766306;5.86907158062499
411;202;390;49;38;-11.9322934782474;-10.8336811895793;-9.44738682845938;-8.24341402413345;-2.62773443103222;-10.5459991171275;-1.03820581339596;-9.33935098058457;5.88148608454557
431;210;405;50;38;-12.0077741342131;-10.909161845545;-9.44282477675154;-8.27010451592971;-2.64248340223907;-10.398336221779;-1.05770470110322;-9.35036838752518;5.85742134603542
451;223;430;50;38;-12.1275704173752;-10.7412760562553;-9.35498169513544;-8.19593705537043;-2.6622003052225;-10.3358109481472;-1.07639473852439;-9.3382527360886;5.9121847433868
471;231;458;50;39;-12.2537383682284;-10.8674440071085;-9.48114964598859;-8.2464051829959;-2.68000566456593;-10.4619788990003;-1.09907482005816;-9.4190941217606;6.10011664742066
491;235;473;50;40;-12.3181907769839;-10.931896415864;-9.54560205474409;-8.30184833900006;-2.66624625028365;-10.5264313077558;-1.11713079338865;-9.49229919576903;6.24067288496072
500;239;481;50;40;-12.3517345402115;-10.9654401790916;-9.57914581797174;-8.25738997798942;-2.67301686073419;-10.5599750709835;-1.1214372733904;-9.48865945731905;6.26607458639688
520;251;502;50;41;-12.4372002393835;-11.0509058782636;-9.66461151714368;-8.31006585433837;-2.68878879475109;-10.6454407701554;-1.15511033351281;-9.51610041303846;6.25947824453226
541;259;518;53;46;-12.499950484519;-11.4013381958509;-9.86089315490371;-8.60813018640834;-2.69319412094261;-10.7081910152909;-1.14143573318186;-9.81092474990613;6.45122496941642
561;263;539;53;46;-12.579431141818;-11.1931367806981;-9.94037381220274;-8.62818742323657;-2.68085563364289;-10.7876716725899;-1.16560803789098;-9.84268020371546;6.59336142630425
581;270;562;53;46;-12.6630036997874;-11.2767093386675;-9.95495349868517;-8.67401965322311;-2.68561533941172;-10.5835621581075;-1.22277796823543;-9.88493544706986;6.77244109602548
601;276;580;53;46;-12.7260562070809;-11.339761845961;-9.95346748484115;-8.63171164485883;-2.71322109770952;-10.6466146654011;-1.2515909445256;-9.88622343473074;6.77890205058631
624;280;594;53;46;-12.7737586387253;-11.3874642776054;-10.0011699164855;-8.6466242536802;-2.71849465122337;-10.6943170970455;-1.26628802443803;-9.89946524516388;6.8671875507237
644;285;614;53;46;-12.8399898562943;-11.4536954951744;-9.94961809839812;-8.62048215111818;-2.72441969980337;-10.7605483146144;-1.2931655063186;-9.91305752391942;6.93865059105079
664;295;634;53;47;-12.9040979088745;-11.5178035477546;-10.0137261509783;-8.65560266682509;-2.73590268594642;-10.8246563671946;-1.30515989891457;-9.94372280909103;6.99614223371989
684;301;646;54;50;-12.9415990075652;-11.5553046464453;-10.1690102853254;-8.79846428117367;-2.74693549332304;-10.8621574658854;-1.29429126207825;-10.0817965760593;7.10333755727835
704;306;662;54;50;-12.990531111874;-11.6042367507541;-10.1001593539779;-8.80087636984759;-2.77117498504148;-10.7933065345378;-1.28879684452992;-10.0682075423428;7.0996434731518
724;316;687;54;52;-13.0646685844447;-11.6783742233248;-10.1742968265485;-8.87501384241827;-2.79764964717335;-10.7620834914507;-1.29826436836419;-10.1156606811858;7.06128044967029
745;320;701;54;53;-13.1050157740692;-11.7187214129493;-10.214644016173;-8.91536103204275;-2.78915370512395;-10.8024306810751;-1.31462525305777;-10.163994086925;7.15972708203417
766;327;722;54;53;-13.1640502777857;-11.7777559166658;-10.2736785198895;-8.91555503573629;-2.79934760203687;-10.8614651847916;-1.33792851417067;-10.172144286961;7.22285927559787
788;337;744;54;53;-13.2240820696662;-11.8377877085463;-10.2283497961122;-8.8420554349923;-2.81981922921757;-10.9214969766721;-1.36299580342255;-10.1624363161494;7.2175827547552
808;343;758;54;53;-13.2613667712847;-11.8750724101649;-10.2168443335613;-8.83054997244143;-2.82584019858343;-10.9587816782907;-1.38226464698697;-10.1528702524979;7.18073850382097
828;349;784;54;53;-13.3288180407008;-11.7193801282667;-10.2377755873425;-8.82900837037055;-2.87801865582829;-11.0262329477068;-1.39041571186833;-10.1592383812833;7.25592045489331
848;357;802;55;54;-13.374217215733;-11.9879228546131;-10.2831747623747;-8.90830909707845;-2.89704192267428;-11.071632122739;-1.40221004921762;-10.2173058242023;7.28620612132687
868;365;825;55;56;-13.4307667726694;-12.0444724115495;-10.4350344991154;-9.01199874961558;-2.90187569165981;-11.1281816796753;-1.44047112823297;-10.3004815501521;7.41569372625833
888;372;840;57;56;-13.4668037836747;-12.0805094225548;-10.5223648045083;-9.07243084270565;-2.9015049308885;-11.2695792063385;-1.4478200406944;-10.3636524518666;7.49982962088266
909;376;858;57;56;-13.5092081989759;-12.122913837856;-10.5134759254219;-9.07839140013261;-2.90104023006618;-11.3119836216397;-1.45838099897703;-10.3632916874114;7.48928357690204
929;384;881;57;58;-13.5621152518724;-12.1758208907525;-10.6176762727059;-9.16766609719992;-2.88851947764016;-11.2595301588783;-1.47253147978786;-10.4399400739851;7.60991962705005
950;388;896;59;58;-13.5958808259499;-12.20958646483;-10.7055090680537;-9.18916157868561;-2.87534845619755;-11.2932957329558;-1.48641269751724;-10.5119262296454;7.70031017542047
970;393;917;59;60;-13.6422149445129;-12.255920583393;-10.7518431866168;-9.23549569724868;-2.86919289411109;-11.3396298515189;-1.48466050013748;-10.5662453823844;7.70355241860065
990;399;931;59;60;-13.6725185545541;-12.2862241934342;-10.782146796658;-9.24170175571082;-2.8770329627129;-11.3699334615601;-1.4941717421802;-10.5696503054028;7.77066750487419
1010;404;949;61;60;-13.7108175972199;-12.3245232361;-10.8204458393237;-9.28000079837654;-2.8647479788555;-11.3129223244215;-1.49831069598044;-10.6260498191362;7.84552630843649
1031;408;967;62;60;-13.7483969909066;-12.3621026297867;-10.8580252330104;-9.282488872252;-2.87413052121224;-11.3505017181082;-1.50418113559838;-10.6593239909584;7.9104536076122
1051;415;987;63;60;-13.789340078867;-12.4030457177471;-10.8989683209708;-9.32921237141292;-2.86948119304664;-11.3914448060686;-1.51286022915668;-10.6958206758827;7.99249676813326
1071;422;1005;66;60;-13.8254856409864;-12.4391912798665;-10.9351138830902;-9.37113834473285;-2.8786871155672;-11.427590368188;-1.49980052312889;-10.7482339975089;7.94156646599924
1091;427;1033;67;60;-13.8804449382393;-12.4941505771194;-10.9900731803431;-9.42609764198577;-2.89244402141454;-11.4825496654409;-1.51255535955311;-10.7881639315485;8.04096540468518
1111;433;1057;68;61;-13.9263799717405;-12.5400856106206;-11.0360082138443;-9.44904315726227;-2.88392224369729;-11.5284846989421;-1.51231802266777;-10.8344974110988;8.02124264669877
1131;437;1072;68;61;-13.9545626832615;-12.5682683221416;-10.9588304097075;-9.45475301293123;-2.89230891923751;-11.5566674104631;-1.52372380367915;-10.8378136600875;8.02702053336055
1152;441;1093;69;61;-13.9933629763531;-12.383925063919;-10.9976307027991;-9.47157439930404;-2.88127335110735;-11.5954677035547;-1.52524919547908;-10.8649440049982;8.02861548003395
1174;445;1115;69;61;-14.0332193677884;-12.4237814553543;-11.0374870942344;-9.4793424761879;-2.85669014232728;-11.6353240949901;-1.54183996864395;-10.8683192115828;8.04261275203319
1194;456;1132;72;62;-14.0634825175263;-12.6771881564064;-11.0677502439723;-9.55262301100941;-2.87374195805046;-13.3703353369663;-1.51514728897689;-10.930146677104;7.98616355226235
1215;461;1152;72;62;-14.0985096825117;-12.4890717700776;-11.1027774089577;-9.55521490024167;-2.87747513476728;-13.4053625019517;-1.5243104145287;-10.9308843327628;7.99408485958086
1236;465;1177;73;64;-14.1414482145206;-12.7551538534007;-11.2510764566244;-9.64163854419029;-2.87179248049813;-13.4483010339606;-1.52342487119326;-11.0214379260765;8.07910291983951
1256;468;1200;73;64;-14.1801536715522;-12.7938593104323;-11.1844213979982;-9.61580548008435;-2.86306062540386;-13.4870064909922;-1.53251223714967;-11.0322048582992;8.11802824345598
1276;471;1222;73;64;-14.2164882794631;-12.8301939183432;-11.2207560059091;-9.63152080079251;-2.87259704016003;-13.5233410989031;-1.54095902927785;-11.0490106180854;8.20640443225688
1296;475;1242;73;65;-14.2489565249868;-12.862662163867;-11.2532242514329;-9.68460833351901;-2.85945371849285;-13.5558093444269;-1.55274066988589;-11.0841286461405;8.23725075770012
1318;479;1257;73;65;-14.2729664171805;-12.8866720560606;-11.2772341436265;-9.64799360389622;-2.85281435236262;-13.5798192366205;-1.55712871008165;-11.0793363455528;8.22522208884163
1338;485;1283;73;65;-14.3139127292313;-12.7044748167972;-11.3181804556773;-9.65995237907375;-2.863575688075;-13.6207655486713;-1.56534720243674;-11.0796398169462;8.26330717792843
1358;490;1298;74;67;-14.3371597945281;-12.9508654334082;-11.3414275209741;-9.77281160306023;-2.86156243482384;-13.6440126139681;-1.56994110393195;-11.1673382570844;8.3492765552344
1379;490;1316;74;67;-14.3647042237705;-12.9784098626506;-11.3689719502165;-9.76958437363593;-2.8305653624011;-13.6715570432106;-1.58087560853164;-11.1838861538288;8.40174912474575
1399;494;1335;74;68;-14.3933731416687;-13.0070787805488;-11.5030013837725;-9.82902495020086;-2.83511108831018;-13.7002259611088;-1.58391665757089;-11.2176188428006;8.46064272198191
1419;500;1353;74;68;-14.4201592563416;-13.0338648952217;-11.5297874984454;-9.82503940620699;-2.84010799511844;-13.7270120757816;-1.59167041853148;-11.2220175002704;8.52015497937459
1439;506;1373;76;68;-14.4495068115359;-13.0632124504161;-11.5591350536398;-9.86453933286537;-2.8436740513777;-13.756359630976;-1.60250175689456;-11.2768359625896;8.60118239781193
1459;509;1392;77;68;-14.4769936817887;-13.0906993206688;-11.5866219238926;-9.89202620311816;-2.84788646252909;-13.7838465012288;-1.61272250711607;-11.3131530527745;8.67380038636982
1480;512;1410;77;68;-14.5026899667444;-13.1163956056245;-11.6123182088483;-9.89751978075634;-2.84207752387543;-13.8095427861845;-1.61865738523418;-11.3214302449532;8.73645055665602
1500;518;1430;77;68;-14.5308594465079;-13.144565085388;-11.6404876886117;-9.89617759029508;-2.85165712191258;-13.837712265948;-1.631889651673;-11.3315375428452;8.80900001665507
1521;523;1455;77;68;-14.5655223592112;-13.1792279980913;-11.5697900856572;-9.91156200905366;-2.85976410782136;-13.8723751786512;-1.64491048335176;-11.3448757763647;8.91880207245332
1542;529;1472;77;70;-14.5887545985776;-13.2024602374578;-11.6983828406815;-9.96378178529337;-2.87298625359271;-13.8956074180177;-1.65234978386222;-11.4048334351497;8.98979335641432
1563;537;1489;80;70;-14.611720065368;-13.2254257042481;-11.7213483074719;-10.0065498793799;-2.87801383827277;-13.9185728848081;-1.6463497368306;-11.4536946643086;8.98407061045505
1584;545;1512;80;71;-14.642377113479;-13.2560827523591;-11.7520053555828;-10.0372069274909;-2.87869293016155;-13.949229932919;-1.64743355674481;-11.4645145334153;8.96466430964333
1605;549;1527;81;71;-14.6621206104373;-13.2758262493174;-11.6663883368833;-10.037147797153;-2.87481110115925;-13.9689734298773;-1.64084466909092;-11.4626979057714;8.85458758277706
1626;554;1545;82;72;-14.6855583786637;-13.2992640175438;-11.7951866207675;-10.0803881926756;-2.88271334630149;-13.9924111981037;-1.64120411142801;-11.512153154694;8.8986301355166
1647;560;1567;84;73;-14.713836484712;-13.3275421235922;-11.8234647268159;-10.1494882932442;-2.88988846793213;-14.0206893041521;-1.64175007622374;-11.5805035846938;8.9401374404486
1668;566;1589;86;73;-14.7417203330734;-13.3554259719535;-11.8513485751773;-10.1773721416056;-2.89306576467994;-14.0485731525135;-1.64395297292495;-11.6204467512306;8.96254610378538
1691;570;1605;86;73;-14.7617580711282;-13.3754637100083;-11.8713863132321;-10.1666382209936;-2.89433803751082;-14.0686108905683;-1.6474087204245;-11.6111704158515;8.9124728695781
1711;575;1623;86;75;-14.7840631350292;-13.3977687739093;-11.893691377133;-10.2093521565258;-2.89259849989005;-14.0909159544692;-1.65097744759658;-11.6609623757437;8.9371007469281
1731;579;1641;86;75;-14.8061221821802;-13.4198278210603;-11.915750424284;-10.2314112036768;-2.89826691101717;-14.1129750016202;-1.65243650985828;-11.6664429763601;8.99382134527084
1752;586;1660;87;76;-14.8291457627012;-13.4428514015813;-11.938774004805;-10.2544347841978;-2.90310453069226;-14.1359985821412;-1.66005530019323;-11.7166611159617;9.0643476278446
1772;586;1667;87;76;-14.8375617655016;-13.4512674043817;-11.9471900076054;-10.252594286831;-2.89508364089414;-14.1444145849416;-1.66250727111907;-11.7220126477522;9.08645651902064
1792;589;1689;88;76;-14.8637838336156;-13.4774894724957;-11.9734120757194;-10.278816354945;-2.88527700321022;-13.7651715449475;-1.66695140639679;-11.7410469197812;9.06333740932132
1814;594;1707;90;76;-14.8849854455889;-13.498691084469;-11.9946136876927;-10.2898655954543;-2.88705690758276;-13.7863731569208;-1.66554073053399;-11.7782583013834;9.07754675009958
1834;599;1721;92;76;-14.9013215924231;-13.5150272313032;-12.0109498345269;-10.3062017422885;-2.89104487668888;-13.802709303755;-1.65542109921301;-11.8034224352901;9.07682249843965
1854;604;1743;92;76;-14.92672609104;-13.5404317299202;-12.0363543331439;-10.3215559050519;-2.89734289245219;-13.8281138023719;-1.6598330246143;-11.8048558154348;9.1437469664529
1874;607;1763;94;76;-14.9495443647957;-13.5632500036758;-12.1163310207395;-10.3544245146612;-2.88755573837257;-13.8509320761276;-1.66800524010477;-11.8503400500492;9.18870328429724
1894;611;1783;94;76;-14.9721052357263;-13.5858108746064;-12.0817334778301;-10.3373762474966;-2.896608354995;-13.8734929470582;-1.6640626115501;-11.834194466844;9.10241348966828
1915;614;1805;94;76;-14.996631741534;-13.6103373804141;-12.1062599836378;-10.3619027533043;-2.90773918846696;-13.8980194528659;-1.6636331164933;-11.8437228624433;9.18014272537988
1936;617;1813;94;76;-15.0054764215097;-13.6191820603898;-12.1151046636135;-10.3707474332801;-2.90823698111633;-13.9068641328416;-1.66241407835714;-11.8397162297926;9.17332456448628
1959;620;1831;94;76;-15.025235089349;-13.6389407282291;-12.1348633314529;-10.3571893007081;-2.90316924815182;-13.9266228006809;-1.66498300670228;-11.8313182217725;9.15652339079108
1980;622;1855;94;76;-15.0512799500831;-13.6649855889632;-12.1068409709166;-10.3507995842907;-2.9015025616081;-13.952667661415;-1.66870539366787;-11.8368979500888;9.19223365820915
2000;624;1867;94;76;-15.0641762870834;-13.6778819259636;-12.119737307917;-10.363695921291;-2.89497511632918;-13.9655639984153;-1.681290340091;-11.8447321503813;9.22668165689065
2020;627;1880;94;76;-15.078054111648;-13.6917597505281;-12.082321838094;-10.3685644931042;-2.88637455140545;-13.9794418229799;-1.68262546872811;-11.8461905535937;9.24944645409915
2040;633;1902;94;77;-15.1013224862107;-13.7150281250908;-12.1568835070442;-10.3828236149156;-2.88763887767916;-14.0027101975426;-1.68512450206941;-11.8753529905129;9.31092355898577
2061;635;1921;94;77;-15.1212023255371;-13.7349079644172;-12.1254700519831;-10.3762701971739;-2.88246889776739;-14.022590036869;-1.68856549352013;-11.8667640259404;9.2445124105386
2081;642;1942;94;79;-15.1429472977025;-13.7566529365827;-12.1985083185361;-10.4334170963902;-2.88865607990189;-14.0443350090344;-1.69120679455292;-11.9208573754214;9.32399329980121
2101;646;1961;95;79;-15.1624196523927;-13.7761252912728;-12.2179806732263;-10.4528894510804;-2.88831459647069;-14.0638073637246;-1.69806358983577;-11.9409123913248;9.36463992816486
2121;648;1978;95;79;-15.1796830243653;-13.7933886632454;-12.1839507508113;-10.4611841530702;-2.87511437008633;-14.0810707356972;-1.70494594009407;-11.9483917885697;9.40539762684579
2143;652;1997;95;79;-15.1988026668316;-13.8125083057117;-12.2030703932776;-10.4626042184371;-2.87478699844371;-14.1001903781635;-1.71527862140913;-11.9561740791643;9.44599757601462
2165;658;2019;95;81;-15.2207152366257;-13.8344208755058;-12.2762762574592;-10.4845167882312;-2.87310830720238;-14.1221029479576;-1.72309719229193;-12.0106511606856;9.50364946882738
2185;660;2043;95;81;-15.2443491896352;-13.8580548285154;-12.2999102104688;-10.5081507412407;-2.87033285525707;-14.1457369009671;-1.73304853940837;-12.0259907296162;9.56907992534434
2205;666;2067;95;81;-15.2677071193635;-13.8814127582436;-12.3232681401971;-10.488583626252;-2.87362910057111;-14.1690948306954;-1.74471028751322;-12.0323919611164;9.63309718104523
2225;671;2092;97;81;-15.2917516503696;-13.9054572892497;-12.3473126712032;-10.5381614592633;-2.8749157744142;-14.1931393617015;-1.74647756152681;-12.0752816574632;9.70127544283624
2246;679;2116;97;83;-15.3145655859564;-13.9282712248365;-12.3701266067899;-10.5438809614907;-2.87234629693734;-14.2159532972883;-1.74549151565066;-12.1052170873715;9.66357302961677
2267;687;2145;97;83;-15.3417896627242;-13.9554953016043;-12.3973506835578;-10.5542979199422;-2.87165419609099;-14.2431773740561;-1.7510740188234;-12.1087073839278;9.70045858561523
2287;691;2167;97;83;-15.3621980030727;-13.9759036419528;-12.3664657295187;-10.5747062602907;-2.86572323777586;-14.2635857144046;-1.76060369917252;-12.1185739019314;9.74464417972631
2309;694;2183;97;83;-15.3769107130999;-13.99061635198;-12.3811784395459;-10.5728896683666;-2.86662710300287;-14.2782984244318;-1.76606425809049;-12.1199899195545;9.75577443129859
2329;697;2204;97;83;-15.3960583405456;-14.0097639794257;-12.4003260669916;-10.5757767749406;-2.86702214841907;-14.2974460518775;-1.77123140419098;-12.1291817827175;9.81465453215098
2350;700;2224;97;83;-15.4141253107409;-14.0278309496211;-12.418393037187;-10.5858115734386;-2.87161614351304;-14.3155130220728;-1.77190798779564;-12.130891486811;9.84437001828167
2371;708;2241;98;83;-15.4293549476019;-14.043060586482;-12.4336226740479;-10.5930730406504;-2.88163064469484;-14.3307426589337;-1.77738266201824;-12.147678111092;9.86228383467113
2391;711;2262;98;83;-15.4480093133521;-14.0617149522322;-12.4522770397981;-10.6038222268935;-2.87777978353547;-14.349397024684;-1.78468769402159;-12.1507618168956;9.86786205388446
2411;719;2284;98;84;-15.4673671415518;-14.0810727804319;-12.4716348679978;-10.6192584663627;-2.88293683052696;-14.3687548528837;-1.79803909376561;-12.1662804516234;9.87244693583971
2431;722;2304;98;84;-15.4848040436316;-14.0985096825117;-12.4890717700776;-10.617269593176;-2.8874024023529;-14.3861917549635;-1.80357144261591;-12.1747316281026;9.92717998429856
2451;726;2326;98;84;-15.5038106661572;-14.1175163050373;-12.5080783926032;-10.6210087435708;-2.88820453294293;-14.4051983774891;-1.8093621388825;-12.1755048522319;9.93502150128103
2471;730;2344;98;84;-15.5192283013938;-14.1329339402739;-12.4747058636704;-10.6288791731721;-2.89225036326759;-14.4206160127257;-1.81429741075129;-12.1732260625901;9.92318873640105
2491;734;2361;100;86;-15.533681074171;-14.1473867130511;-12.537948800617;-10.6816508102514;-2.88752935601664;-14.4350687855029;-1.81237131160558;-12.2573464546023;9.96673662432981
2500;735;2371;100;86;-15.5421341721308;-14.1558398110109;-12.5464018985768;-10.6823217677691;-2.88985122692149;-14.4435218834627;-1.81450882738531;-12.2606724837454;9.98896172148145
2522;738;2389;100;86;-15.5572602946516;-14.1709659335317;-12.5615280210976;-10.6974478902899;-2.89263053195;-14.4586480059835;-1.81829066608277;-12.2631136465893;9.99673159348215
2543;739;2404;100;86;-15.5697785913102;-14.1834842301903;-12.5740463177562;-10.7099661869485;-2.89771033793183;-14.4711663026421;-1.81873402378058;-12.2672403424439;10.0268292242495
2563;743;2424;100;86;-15.5863486943784;-14.2000543332585;-12.5906164208244;-10.7188142439228;-2.90208725960854;-14.4877364057103;-1.83176292827709;-12.26750702652;10.0249831959795
2583;750;2452;100;87;-15.6093185941122;-14.2230242329923;-12.6135863205582;-10.7265166715258;-2.89517611852984;-14.9161714135523;-1.83308227073346;-12.2849677056363;10.0357924958405
2603;756;2474;102;87;-15.6271831059049;-14.240888744785;-12.6314508323509;-10.7596486554493;-2.89369324151578;-14.9340359253449;-1.83614865896912;-12.3193613946358;10.0481374536305
2624;760;2495;102;87;-15.6440880163712;-14.2577936552513;-12.6483557428172;-10.7765535659157;-2.89954150665907;-14.9509408358113;-1.8392906401569;-12.3228467147926;10.1022862175648
2644;761;2513;103;87;-15.6584650750872;-14.2721707139673;-12.6627328015332;-10.783267751886;-2.90331194353697;-14.9653178945272;-1.84028707790425;-12.3470281151019;10.1444751082877
2665;766;2535;106;87;-15.6758978320506;-14.2896034709307;-12.7855260741544;-10.7930959094642;-2.9100008489044;-14.9827506514906;-1.83760282234083;-12.4017326794065;10.2080285197873
2685;767;2547;106;87;-15.6853429499589;-14.299048588839;-12.6896106764049;-10.8025410273725;-2.90762149032705;-14.992195769399;-1.83991346043269;-12.4011590919594;10.195772677345
2705;771;2561;106;87;-15.696306172399;-14.3100118112792;-12.7005738988451;-10.7984663724481;-2.90909390468855;-15.0031589918391;-1.84073486959155;-12.4023339705443;10.2356611925315
2727;776;2577;106;89;-15.7087624213047;-14.3224680601848;-12.8183906634086;-10.8259604987184;-2.91118779897681;-15.0156152407448;-1.84444836592658;-12.4479120686142;10.2606041651675
2747;779;2596;106;90;-15.723454155648;-14.3371597945281;-12.8902408115917;-10.8636417512863;-2.90469087284953;-15.030306975088;-1.84783958194732;-12.4752497009832;10.2997251979758
2767;784;2620;106;90;-15.7418591935103;-14.3555648323904;-12.8514874356141;-10.8552836681062;-2.89882883907154;-15.0487120129503;-1.85095641696129;-12.4763118744707;10.3172492456094
2787;790;2643;106;90;-15.7593398292086;-14.3730454680887;-12.8689680713124;-10.8615000292577;-2.89104839281688;-15.0661926486486;-1.85089737185362;-12.4665758460975;10.2717808049307
2807;799;2667;106;90;-15.777419048364;-14.3911246872441;-12.78168677481;-10.864764162628;-2.89897352149039;-15.0842718678041;-1.85181001661304;-12.4599491945102;10.3008100817874
2827;806;2689;107;90;-15.7938493125377;-14.4075549514178;-12.7981170389837;-10.8738683867096;-2.89866009846176;-15.1007021319778;-1.86129198989804;-12.4660918904883;10.2291449389986
2848;810;2710;109;90;-15.8094078277475;-14.4231134666276;-12.8649688485811;-10.9041330493091;-2.90227935758933;-15.1162606471875;-1.86040100277559;-12.5042559342452;10.2818777081037
2868;814;2736;109;90;-15.8285045574849;-14.442210196365;-12.8327722839309;-10.9012508723277;-2.90173279593285;-15.1353573769249;-1.86430420321304;-12.5070080080889;10.3036330376254
2889;818;2761;109;90;-15.8466964238603;-14.4604020627404;-12.8509641503063;-10.905054001251;-2.90383059451883;-15.1535492433004;-1.87613530536861;-12.5066450739898;10.3026598545868
2910;825;2790;109;94;-15.8675937496308;-14.4812993885109;-12.9772219917347;-10.9923964264297;-2.89508628777088;-15.1744465690709;-1.8744375499442;-12.5923711733099;10.3605637467086
2930;826;2811;109;94;-15.8825911418131;-14.4962967806932;-12.9922193839169;-10.9997892192267;-2.88718878925091;-15.1894439612531;-1.87981792111611;-12.6023697871189;10.4045385256017
2950;829;2821;109;94;-15.889693422004;-14.5033990608841;-12.9993216641078;-11.0068914994176;-2.89104463720948;-15.196546241444;-1.87800853482584;-12.5989840074758;10.4128807681132
2971;834;2839;110;97;-15.9024143129459;-14.5161199518261;-13.0692009688897;-11.0503840490263;-2.89425264182055;-15.209267132386;-1.86942904120794;-12.6681934728353;10.4255306495597
2991;834;2857;110;97;-15.9150548044615;-14.5287604433417;-13.0818414604053;-11.0630245405419;-2.89161934298451;-15.2219076239016;-1.87476443458787;-12.6781396511956;10.4576470368235
3000;835;2865;110;97;-15.9206472582977;-14.5343528971778;-13.0874339142415;-11.0686169943781;-2.89201231232147;-15.2275000777377;-1.87652651830962;-12.6805978137493;10.4713222269237
3020;838;2882;110;97;-15.9324795531189;-14.546185191999;-13.0421077952228;-11.0496776305326;-2.88910094320426;-15.239332372559;-1.87582758140798;-12.6750799359112;10.4551800518813
3041;850;2910;111;102;-15.9518167203311;-14.5655223592112;-13.1792279980913;-11.1896427855333;-2.89086077105611;-15.2586695397711;-1.87313991188378;-12.7747341175312;10.4491781103926
3063;852;2925;111;102;-15.9620995193319;-14.575805158212;-13.1288861752757;-11.1829760262204;-2.8885903081451;-15.268952338772;-1.87588113984218;-12.7792227355913;10.4831825527208
3084;857;2942;111;102;-15.9736898023228;-14.5873954412029;-13.1404764582665;-11.1861980595407;-2.88985106039001;-15.2805426217628;-1.88640782775889;-12.7830287576371;10.520103499295
3104;862;2963;111;102;-15.9879150951471;-14.6016207340272;-13.1547017510909;-11.2004233523651;-2.8920599776236;-15.2947679145872;-1.89207417243197;-12.7842813341586;10.5591192293514
3124;867;2981;111;103;-16.0000281873561;-14.6137338262363;-13.10965642946;-11.2125364445741;-2.89395680672879;-14.901415898688;-1.89129816662361;-12.7984124050846;10.5482928592557
3144;870;3000;111;103;-16.0127351353005;-14.6264407741806;-13.1223633774043;-11.2005507799281;-2.89458863644421;-14.9141228466324;-1.89605906637751;-12.8016289016101;10.5800975906761
3164;871;3019;111;103;-16.0253618594137;-14.6390674982938;-13.1349901015175;-11.1970481221114;-2.88933229124553;-14.9267495707456;-1.89922448450252;-12.8024891861582;10.5755180832337
3184;875;3040;111;103;-16.0392255888005;-14.6529312276806;-13.1488538309044;-11.2029436818491;-2.89525728764382;-14.9406133001324;-1.90036132422953;-12.8046700861251;10.6144165931981
3204;876;3054;111;103;-16.0484149715572;-14.6621206104373;-13.158043213661;-11.1963847076375;-2.89053774293087;-14.949802682889;-1.90776544220936;-12.8119542491852;10.6368838418239
3224;877;3075;111;103;-16.0621203604812;-14.6758259993613;-13.1717486025851;-11.2100900965616;-2.8850415508881;-14.9635080718131;-1.9174679389804;-12.8202359176444;10.6731264122376
3244;881;3095;112;103;-16.0750863702374;-14.6887920091175;-13.1847146123412;-11.2230561063178;-2.88727238777052;-14.9764740815693;-1.9171257641368;-12.8370514660632;10.7044019266681
3265;887;3122;112;103;-16.0924582021508;-14.7061638410309;-13.2020864442546;-11.2096562795644;-2.88225612341731;-14.9938459134826;-1.92976723099357;-12.8373422322506;10.7088030081985
3286;887;3141;112;103;-16.1045929990773;-14.7182986379574;-13.2142212411811;-11.2217910764909;-2.87622771175242;-15.0059807104092;-1.93255830854575;-12.8443163470787;10.7447324998592
3306;890;3162;113;103;-16.1179200355388;-14.7316256744189;-13.2275482776427;-11.2351181129525;-2.87836757661174;-15.0193077468707;-1.93488856438254;-12.8660348355034;10.7807025396329
3326;898;3180;115;104;-16.1292729515484;-14.7429785904286;-13.2389011936523;-11.3334824059517;-2.87344218356768;-15.0306606628803;-1.93761556331253;-12.9143656938624;10.8050528396529
3346;901;3199;117;104;-16.141187079899;-14.7548927187791;-13.3079737358428;-11.353695337117;-2.87132135967903;-15.0425747912309;-1.93751560481568;-12.9495443853327;10.8389011847607
3367;904;3219;117;104;-16.1536520625976;-14.7673577014777;-13.3204387185414;-11.3661603198156;-2.87073568687248;-15.0550397739295;-1.93769965867419;-12.9488556084356;10.8383335148673
3391;904;3234;117;104;-16.1629500802741;-14.7766557191542;-13.2725783223779;-11.3754583374921;-2.86634100152291;-15.064337791606;-1.94087435282445;-12.9525895884655;10.8461321418609
3413;908;3256;117;104;-16.1765094542449;-14.790215093125;-13.2861376963487;-11.3481957169426;-2.87345084179116;-15.0778971655768;-1.94967564730188;-12.956859079741;10.8991958890332
3433;909;3274;117;104;-16.1875355158622;-14.8012411547423;-13.297163757966;-11.3512536089107;-2.87338716801552;-15.0889232271941;-1.94868391397343;-12.960721527723;10.942844219978
3453;911;3294;117;104;-16.1997158214752;-14.8134214603553;-13.309344063579;-11.3555287350166;-2.8756989589774;-15.1011035328071;-1.9535039507479;-12.9641525773913;10.9712626435012
3473;916;3313;117;104;-16.2112188045998;-14.8249244434799;-13.3208470467036;-11.3670317181412;-2.87824772230101;-15.1126065159317;-1.95307131779314;-12.965660896386;11.0085958233407
3493;919;3329;117;104;-16.22085447515;-14.8345601140302;-13.3304827172539;-11.3766673886915;-2.87897009996266;-15.1222421864819;-1.96317986265053;-12.9639482349792;11.0004075533782
3500;920;3334;117;104;-16.2238561266215;-14.8375617655016;-13.3334843687253;-11.3796690401629;-2.88025501281503;-15.1252438379534;-1.96375398260499;-12.9644262807934;11.0066007978507
3520;924;3361;117;106;-16.2399876554502;-14.8536932943303;-13.349615897554;-11.4037057484987;-2.88752259080439;-15.1413753667821;-1.95865532502736;-13.0022725629181;11.0534118842752
3540;926;3377;117;106;-16.2494860407711;-14.8631916796512;-13.359114282875;-11.3974557768515;-2.88889347463456;-15.150873752103;-1.96032912137357;-13.0016545514157;11.0504504216809
3560;927;3395;118;106;-16.2601180799856;-14.8738237188657;-13.3697463220894;-11.4318043426833;-2.89243017800858;-15.1615057913175;-1.96318310891508;-13.0234382153197;11.0755993869545
3580;932;3407;118;111;-16.2671748353219;-15.1685625466538;-13.4339614912657;-11.4964902108563;-2.88973522521474;-15.1685625466538;-1.95555805440252;-13.101308282973;11.0355795830764
3601;937;3426;119;111;-16.2782973577681;-15.1796850691;-13.4450840137119;-11.5076127333025;-2.88947350146482;-15.1796850691;-1.95937257271388;-13.1147981710898;11.0320837808166
3622;944;3447;119;111;-16.2905191330337;-14.9042247719138;-13.4573057889775;-11.5198345085681;-2.89484698596623;-15.1919068443656;-1.9615492226137;-13.1138934722974;11.0509334817922
3642;946;3460;119;111;-16.2980477361035;-14.9117533749836;-13.4648343920473;-11.5273631116379;-2.89011601860653;-15.1994354474354;-1.97239979115388;-13.117110701085;11.0774310653155
3662;948;3475;119;111;-16.3066995159978;-14.9204051548779;-13.4734861719416;-11.5275760228863;-2.88852965869826;-15.2080872273297;-1.97487979638004;-13.1177446536612;11.0897636987134
3682;951;3494;119;111;-16.317604981388;-14.9313106202681;-13.4272332234918;-11.530113238606;-2.88649005996306;-15.2189926927199;-1.97798442893701;-13.1141035040966;11.0857459651834
3702;957;3515;119;112;-16.3295896084895;-14.9432952473696;-13.4392178505934;-11.5420978657075;-2.88932538004942;-15.2309773198214;-1.98258117769373;-13.1274882416311;11.0818404733624
3722;959;3526;119;112;-16.3358387259156;-14.9495443647957;-13.4454669680195;-11.5483469831336;-2.88794273192847;-15.2372264372475;-1.9865495902655;-13.1312284614829;11.1011595713469
3742;963;3552;120;112;-16.3505322082241;-14.9642378471042;-13.460160450328;-11.5630404654421;-2.89003369187307;-15.251919919556;-1.98704302650989;-13.1449080899976;11.0991286538134
3763;963;3569;120;112;-16.3600814469803;-14.9737870858604;-13.4697096890842;-11.5725897041983;-2.88706119796282;-15.2614691583122;-1.99033124094337;-13.1520131612091;11.1266330630892
3783;965;3592;121;112;-16.3729288588442;-14.9866344977243;-13.482557100948;-11.5854371160621;-2.88921946397124;-15.2743165701761;-1.98964615238755;-13.1713775879184;11.1681211434993
3803;966;3610;121;112;-16.3829261026539;-14.996631741534;-13.4925543447577;-11.5954343598718;-2.89095971011243;-15.2843138139857;-1.99071903777461;-13.1717212860381;11.1596052460986
3823;968;3636;121;112;-16.3972789105947;-15.0109845494748;-13.5069071526986;-11.5769973449897;-2.89238065824263;-15.2986666219266;-1.99395613249933;-13.1777337087664;11.1951648811881
3843;970;3651;122;112;-16.4055127633113;-15.0192184021914;-13.5151410054151;-11.5933284079389;-2.89418635789829;-15.3069004746432;-1.99547056126902;-13.1964307463414;11.2176557173107
3863;973;3672;125;112;-16.4169835034808;-15.3183712148127;-13.5837701594245;-11.6129624587475;-2.89155790258458;-15.3183712148127;-1.99334458295645;-13.2433680567558;11.2413304513322
3884;978;3697;125;112;-16.4305539178733;-15.3319416292052;-13.597340573817;-11.6102723522682;-2.88634564978375;-15.3319416292052;-1.9973452041582;-13.2460400550023;11.278700710904
3906;980;3725;125;112;-16.4456442616273;-15.0593499005074;-13.6124309175711;-11.6253626960223;-2.88773930853236;-15.3470319729592;-1.99567604967461;-13.2481972481734;11.318143888602
3927;984;3740;125;112;-16.4536817808172;-15.0673874196973;-13.563310022921;-11.6173998738657;-2.88782303404789;-15.355069492149;-1.99645050344152;-13.2468540272058;11.3491349984325
3947;987;3758;125;112;-16.4632843599468;-15.0769899988269;-13.5729126020507;-11.6112540960272;-2.88950402017254;-15.3646720712787;-1.99390969652035;-13.243198180077;11.363720567669
3967;991;3777;125;112;-16.4733706454249;-15.087076284305;-13.5829988875287;-11.6135582410632;-2.89396223993924;-15.3747583567568;-1.99256829078343;-13.2444722853879;11.4067659767347
3989;994;3798;125;112;-16.4844597827445;-15.0981654216246;-13.5940880248483;-11.6246473783828;-2.89626396341321;-15.3858474940764;-1.99930816097527;-13.2518623059713;11.4424658306763
4010;996;3823;125;112;-16.4975814673928;-15.1112871062729;-13.6072097094967;-11.6300470169372;-2.89374795313401;-15.3989691787247;-2.00184636765572;-13.250196839875;11.4414301635665
4030;999;3841;125;112;-16.5069760566918;-15.1206816955719;-13.6166042987956;-11.6317787334907;-2.89429797359637;-15.4083637680237;-2.00461812031612;-13.2530204342567;11.4817203124664
4050;1003;3862;125;112;-16.5178809259769;-15.131586564857;-13.6275091680808;-11.6350790033905;-2.89492409537285;-15.4192686373088;-2.00890773721236;-13.2574869502688;11.5278314050489
4071;1008;3878;125;113;-16.5261496716052;-15.1398553104853;-13.635777913709;-11.650952348404;-2.90171245583069;-15.4275373829371;-2.01468437795482;-13.2764085068432;11.5522075989129
4091;1011;3902;125;113;-16.5384890423661;-15.1521946812462;-13.6481172844699;-11.6556871197797;-2.90341461972044;-15.439876753698;-2.02449805095164;-13.2781304243836;11.5525165641306
4111;1012;3923;125;113;-16.5492238924191;-15.1629295312992;-13.6588521345229;-11.6439491139807;-2.90341091006341;-15.450611603751;-2.02768941608121;-13.2795132866242;11.5518950245462
4131;1017;3953;125;115;-16.5644601265934;-15.1781657654735;-13.6740883686972;-11.6892628033922;-2.90579170049948;-15.4658478379253;-2.03098246650974;-13.3178683115337;11.583361136896
4151;1019;3971;125;115;-16.5735464622625;-15.1872521011426;-13.6831747043663;-11.6907445396761;-2.90659623926227;-15.4749341735944;-2.03135288892886;-13.3167084875785;11.5755368057905
4172;1022;3996;126;115;-16.5860982795369;-15.199803918417;-13.6957265216407;-11.7032963569505;-2.90769693554502;-15.4874859908688;-2.03025595080184;-13.3316758990237;11.5847703424468
4192;1027;4017;127;118;-16.5965812687186;-15.4979689800505;-13.7633679246623;-11.7602993617671;-2.90663393372964;-15.4979689800505;-2.02445120223878;-13.390521943822;11.5756817785754
4212;1032;4033;127;118;-16.6045315897467;-15.2182372286268;-13.7141598318506;-11.7525013258271;-2.9076930875001;-15.5059193010786;-2.01951808582139;-13.3818712595142;11.5606590557962
4233;1037;4053;127;119;-16.6144252532566;-15.5158129645885;-13.7240534953605;-11.762394989337;-2.90702008578577;-15.5158129645885;-2.024380173023;-13.3964348052194;11.5688115385064
4253;1038;4070;127;119;-16.6227965568733;-15.5241842682052;-13.7324247989771;-11.7552621064177;-2.90488228987527;-15.5241842682052;-2.0246971884843;-13.4002606227196;11.5936557249532
4273;1042;4095;127;119;-16.6350439925743;-15.2487496314544;-13.7446722346782;-11.7675095421188;-2.90541817376723;-15.5364317039062;-2.02954996661339;-13.3934721974422;11.5523092872495
4293;1047;4116;128;119;-16.6452741939079;-15.5466619052398;-13.7549024360117;-11.7777397434523;-2.90022472759562;-15.5466619052398;-2.0372381978034;-13.4080646532903;11.5438968275056
4313;1052;4142;128;120;-16.6578680839111;-15.2715737227912;-13.7674963260149;-11.7826707607099;-2.89751300582238;-15.5592557952429;-2.04058152645548;-13.4214275000318;11.5304866107656
4334;1057;4170;128;120;-16.6713426295857;-15.2850482684658;-13.7809708716895;-11.7961453063845;-2.89883769853248;-15.5727303409176;-2.04320329876951;-13.4219625822223;11.55793169941
4354;1057;4187;128;120;-16.6794795320383;-15.2931851709184;-13.7891077741421;-11.8042822088371;-2.89406948301214;-15.5808672433702;-2.04505780169413;-13.4215897283054;11.5429221979003
4376;1062;4206;130;120;-16.6885347125253;-15.3022403514054;-13.7981629546291;-11.8057327899389;-2.89617815142786;-15.5899224238572;-2.04175332942492;-13.4423133048794;11.5184587831817
4398;1068;4229;130;122;-16.699441674945;-15.3131473138251;-13.8090699170488;-11.8319072244894;-2.89850682843309;-15.6008293862769;-2.03911662331197;-13.4721176243582;11.541784602731
4418;1071;4247;130;122;-16.7079362606265;-15.3216418995067;-13.8175645027304;-11.840401810171;-2.89928618202691;-15.6093239719584;-2.03954644727917;-13.4719693989442;11.5551587090576
4438;1075;4272;130;122;-16.7196747612801;-15.3333804001602;-13.8293030033839;-11.8368728386937;-2.90433121726184;-15.621062472612;-2.04631393027959;-13.4755281134509;11.5992404383074
4458;1077;4294;130;122;-16.7299479568775;-15.3436535957576;-13.8395761989813;-11.8471460342911;-2.90065185763303;-15.6313356682093;-2.04834372041312;-13.4720791032427;11.5623807659784
4479;1084;4321;130;123;-16.7424842718639;-15.356189910744;-13.8521125139677;-11.8596823492775;-2.90196407839556;-15.6438719831958;-2.05637180034341;-13.4929632103605;11.6010491829072
4501;1086;4340;131;123;-16.7512592541889;-15.6526469655208;-13.8608874962927;-11.8684573316025;-2.90417735738731;-15.6526469655208;-2.05591657562169;-13.5099849726169;11.6312211437251
4522;1089;4361;131;123;-16.7609133356855;-15.6623010470174;-13.8705415777894;-11.8705642074638;-2.90253487749408;-15.6623010470174;-2.06147822508638;-13.5160445301683;11.6681915795245
4543;1094;4381;131;123;-16.7700645756278;-15.6714522869597;-13.8796928177316;-11.8722247756769;-2.90468158221813;-15.6714522869597;-2.06560735037393;-13.5197531737103;11.706013537779
4563;1097;4404;131;123;-16.7805369956851;-15.3942426345653;-13.890165237789;-11.8752622172467;-2.90542351413095;-15.681924707017;-2.06669562397475;-13.5208594039684;11.72245995794
4584;1101;4426;131;123;-16.790503041222;-15.4042086801021;-13.9001312833258;-11.8632493560648;-2.90073137997202;-15.6918907525539;-2.06809896723304;-13.5181902701781;11.7120021881529
4604;1104;4450;131;123;-16.8013187503206;-15.4150243892007;-13.9109469924244;-11.8596763277113;-2.90050978165607;-15.7027064616525;-2.06947186152179;-13.5205621872472;11.7401531625074
4624;1111;4472;131;124;-16.8111820296699;-15.42488766855;-13.9208102717737;-11.8695396070606;-2.90190794189343;-15.7125697410018;-2.06463519175811;-13.5249800452953;11.7057828173623
4644;1114;4487;131;124;-16.817879211952;-15.4315848508321;-13.9275074540558;-11.8550345816921;-2.90272605449955;-15.4315848508321;-2.06797988405937;-13.5240620526543;11.694326657692
4665;1116;4509;131;124;-16.8276613568422;-15.4413669957223;-13.937289598946;-11.8578480572662;-2.90175498165553;-15.4413669957223;-2.07000364409851;-13.5282526373707;11.7239375626003
4686;1120;4522;131;124;-16.8334193056758;-15.4471249445559;-13.9430475477797;-11.8636060060998;-2.90215799797218;-15.4471249445559;-2.07215436375356;-13.5283596000685;11.7491708414644
4707;1125;4543;131;124;-16.8426857315188;-15.4563913703989;-13.9523139736226;-11.8590791098105;-2.89809969378061;-15.4563913703989;-2.08190872201981;-13.5311718673992;11.7692316888115
4727;1126;4564;131;124;-16.8519094219639;-15.465615060844;-13.9615376640678;-11.8683028002556;-2.89812498476322;-15.465615060844;-2.08613964935642;-13.5378632413533;11.7975222239332
4747;1133;4592;131;128;-16.8641418759988;-15.4778475148789;-13.9737701181026;-11.9296679428681;-2.90058207129382;-15.4778475148789;-2.08515704525253;-13.5890060044303;11.7476644348492
4767;1136;4612;134;128;-16.8728337627779;-15.7742214741098;-13.9824620048817;-11.9675589843395;-2.90324852787451;-15.486539401658;-2.08131141215256;-13.6314176230464;11.7694679933837
4787;1141;4629;134;128;-16.8801922820625;-15.7815799933944;-13.9898205241664;-11.9749175036241;-2.90551962244809;-15.4938979209427;-2.08592298812832;-13.628719614539;11.7544509129123
4809;1145;4651;135;128;-16.8896750584482;-15.7910627697801;-13.999303300552;-11.9844002800098;-2.90318704539062;-15.5033806973283;-2.08890681745874;-13.6414544292253;11.7400365660938
4832;1148;4673;135;128;-16.8991130854009;-15.512818724281;-14.0087413275047;-11.9791587999542;-2.90636051638592;-15.2896751729668;-2.08979683379458;-13.6411755906717;11.7389677719048
4852;1150;4689;135;129;-16.9059492381792;-15.8073369495111;-14.015577480283;-11.9932943524431;-2.90528114860174;-15.2965113257451;-2.08990827564372;-13.6580597856577;11.7533942155726
4872;1152;4708;135;129;-16.9140369367603;-15.8154246480922;-14.0236651788642;-12.0013820510243;-2.90775479095356;-15.3045990243262;-2.09207360515992;-13.6602248648314;11.7714484203171
4893;1154;4728;135;129;-16.9225151181719;-15.8239028295038;-14.0321433602757;-12.0025341923437;-2.90716320855597;-15.3130772057378;-2.09236209692217;-13.65900689644;11.7720422827338
4913;1157;4757;135;129;-16.9347449928646;-15.5484506317447;-14.0443732349684;-11.9931025702553;-2.91231783125095;-15.3253070804305;-2.09002724553048;-13.6598405469802;11.8131271422913
4933;1161;4784;135;129;-16.9460645912609;-15.559770230141;-14.0556928333648;-12.0044221686516;-2.91195840813848;-15.3366266788268;-2.09406788899931;-13.6647214547579;11.8582739308118
4953;1164;4806;135;129;-16.9552408325928;-15.5689464714729;-14.0648690746967;-12.0064809422147;-2.91100234502044;-15.3458029201587;-2.09110897082654;-13.6596775878308;11.8445231209003
4974;1166;4833;135;129;-16.9664453436902;-15.5801509825703;-14.076073585794;-12.0106182860889;-2.91181710293253;-15.3570074312561;-2.09609188643756;-13.6672402514938;11.8824826781184
4994;1166;4860;135;129;-16.9775874337891;-15.5912930726692;-14.0872156758929;-12.0147428035292;-2.914108037795;-15.368149521355;-2.09928936635974;-13.6745338590715;11.9136650533607
5000;1168;4863;135;131;-16.9788216208076;-15.5925272596877;-14.0884498629114;-12.0371791981983;-2.91475242827619;-15.3693837083735;-2.09644196712858;-13.7001751245595;11.8947597147216
5021;1168;4879;135;131;-16.9853911196317;-15.5990967585118;-14.0950193617355;-12.0437486970224;-2.91002405438073;-15.3759532071976;-2.09942155012087;-13.7054565094331;11.9125860754112
5041;1169;4901;135;131;-16.9943890898191;-15.6080947286992;-14.1040173319229;-12.0456291994409;-2.91157265115587;-15.384951177385;-2.09945042176173;-13.7058590186715;11.9124462546511
5061;1171;4918;135;131;-17.0013144455523;-15.6150200844324;-14.1109426876561;-12.0525545551741;-2.91194060634289;-15.3918765331182;-2.10613761321377;-13.7110213464893;11.9341837429752
5081;1179;4942;135;131;-17.0110507730971;-15.6247564119772;-14.1206790152009;-12.0482061428372;-2.9148585887258;-15.401612860663;-2.11067904115448;-13.7073221020855;11.9415733943285
5101;1182;4960;136;132;-17.0183220394379;-15.6320276783181;-14.1279502815418;-12.055477409178;-2.91533518019133;-15.4088841270038;-2.1127456096074;-13.7373501861759;11.9492574876951
5121;1182;4976;136;132;-17.024763268838;-15.6384689077181;-14.1343915109419;-12.054949969262;-2.91629806291012;-15.4153253564039;-2.1149460112991;-13.7415343438868;11.9680530873876
5141;1182;4994;136;132;-17.0319849416794;-15.6456905805595;-14.1416131837833;-12.0621716421034;-2.91605428548645;-15.4225470292453;-2.11835121464654;-13.7474613710015;11.9884504373862
5161;1184;5018;136;132;-17.0415734538527;-15.6552790927328;-14.1512016959566;-12.0648397114322;-2.91106969094437;-15.4321355414186;-2.11864614714787;-13.7460429668263;11.9897850438262
5181;1187;5045;136;132;-17.0523058655754;-15.6660115044555;-14.1619341076793;-12.0686992438671;-2.91469006954789;-15.4428679531413;-2.12181700901177;-13.7474933969103;11.9966624547961
5204;1189;5066;136;132;-17.0606136611232;-15.6743193000034;-14.1702419032271;-12.0701810743445;-2.91324147909544;-15.4511757486891;-2.12316629178037;-13.7486140402856;12.0158435374419
5224;1191;5087;136;132;-17.0688870896455;-15.6825927285256;-14.1785153317494;-12.0716748158814;-2.91207170514116;-15.4594491772114;-2.12274826792019;-13.7489054229464;12.037102540909
5244;1194;5115;136;132;-17.0798653567715;-15.6935709956516;-14.1894935988753;-12.075919050826;-2.91533588763741;-15.4704274443374;-2.12685262093277;-13.7477951990844;12.0376480893956
5265;1198;5134;136;132;-17.0872807228622;-15.7009863617423;-14.196908964966;-12.0833344169167;-2.91562626193647;-15.4778428104281;-2.12801403436051;-13.7433212055886;12.008110996389
5285;1202;5156;136;132;-17.0958327281182;-15.7095383669983;-14.205460970222;-12.0719522072719;-2.91832630744466;-15.4863948156841;-2.1290519686137;-13.7428475588648;12.0135096920508
5305;1204;5180;136;132;-17.1051206705071;-15.7188263093872;-14.2147489126109;-12.0812401496608;-2.91929215913796;-15.495682758073;-2.13286949166876;-13.7471519538497;12.0430474842193
5325;1205;5199;136;132;-17.1124431567674;-15.7261487956475;-14.2220713988713;-12.0885626359212;-2.91927729000093;-15.5030052443333;-2.13413435114021;-13.7509096827147;12.0705023277308
5347;1207;5209;136;134;-17.1162863554904;-15.7299919943705;-14.2259145975942;-12.1123400495449;-2.91912194052148;-15.5068484430563;-2.13412300183727;-13.7785101839111;12.0570409129577
5368;1208;5222;136;134;-17.1212714985181;-15.7349771373983;-14.230899740622;-12.1106362044219;-2.92066726147893;-15.511833586084;-2.13695148363313;-13.7801222227961;12.0779853544046
5388;1209;5241;136;135;-17.1285351976043;-15.7422408364844;-14.2381634397082;-12.1178999035081;-2.92340101452925;-15.5190972851702;-2.13801226961348;-13.7974055585743;12.0886417086537
5408;1211;5257;136;135;-17.1346316016389;-15.748337240519;-14.2442598437427;-12.1239963075426;-2.92251371680271;-15.5251936892048;-2.13980718750571;-13.7992115246097;12.0948788605791
5429;1215;5282;136;135;-17.1441201857142;-15.7578258245943;-14.253748427818;-12.1202396648679;-2.9198738740389;-15.5346822732801;-2.14277798372114;-13.802420971747;12.1257166088604
5450;1219;5306;136;135;-17.1531870693954;-15.7668927082755;-14.2628153114992;-12.1162344669817;-2.92270275415518;-15.5437491569613;-2.14494566174531;-13.7985036362411;12.1183007318837
5472;1223;5324;138;135;-17.15996035903;-15.7736659979101;-14.2695886011338;-12.1426805222151;-2.92190341222713;-15.5505224465959;-2.15147020119665;-13.8288761149764;12.1407675060203
5494;1224;5345;138;135;-17.1678336469183;-15.7815392857984;-14.2774618890221;-12.143953126072;-2.92143392850569;-15.5583957344842;-2.15361904017608;-13.8300788690806;12.1293709287694
5500;1225;5349;138;135;-17.1693298130625;-15.7830354519426;-14.2789580551663;-12.1454492922162;-2.9229300946499;-15.5598919006284;-2.15198513613031;-13.8275845329795;12.125798439817
5520;1227;5373;138;135;-17.1782833814576;-15.7919890203378;-14.2879116235615;-12.141330779044;-2.92116609675618;-15.5688454690235;-2.15335079320429;-13.8313784970109;12.1607926142253
5541;1229;5389;138;135;-17.184230235867;-15.7979358747471;-14.2938584779708;-12.1472776334534;-2.91977626638863;-15.5747923234329;-2.15645464929612;-13.83455578964;12.1833698767085
5561;1230;5403;138;135;-17.1894192676881;-15.8031249065682;-14.299047509792;-12.1395632604386;-2.92178395936541;-15.579981355254;-2.15717566465566;-13.8369290119692;12.2014588054608
5581;1233;5424;138;135;-17.1971776592405;-15.8108832981206;-14.3068059013443;-12.1409318538922;-2.92052007622075;-15.5877397468064;-2.1615238462637;-13.8418451406082;12.2281916894414
5601;1235;5450;138;135;-17.2067417753146;-15.8204474141947;-14.3163700174184;-12.1315679600808;-2.92043789999032;-15.5973038628805;-2.16291991190455;-13.8412238096594;12.2146651057585
5622;1237;5468;138;135;-17.2133363956877;-15.8270420345678;-14.3229646377915;-12.1319320307032;-2.92203461396008;-15.6038984832536;-2.16419413907793;-13.8432211594477;12.2410803704987
5642;1241;5484;138;135;-17.2191800813644;-15.8328857202445;-14.3288083234682;-12.1377757163799;-2.92355468515371;-15.6097421689303;-2.16765401398385;-13.8417614986068;12.2643791381829
5664;1245;5507;138;137;-17.227550578525;-15.8412562174051;-14.3371788206288;-12.1523767632911;-2.92434997219686;-15.6181126660909;-2.16515601363033;-13.8671435093844;12.2646724890792
5684;1249;5531;139;137;-17.2362478199894;-15.8499534588695;-14.3458760620932;-12.1610740047555;-2.92587761890555;-15.6268099075553;-2.16611003234496;-13.8845168079808;12.2988784393115
5705;1250;5554;139;137;-17.2445473357335;-15.8582529746136;-14.3541755778373;-12.1693735204997;-2.9265175568468;-15.6351094232994;-2.16760973669657;-13.8892047910768;12.3308180653151
5725;1252;5571;139;137;-17.2506597000416;-15.8643653389217;-14.3602879421455;-12.1754858848078;-2.928368889804;-15.6412217876075;-2.16892207980766;-13.8889873255077;12.3485963354677
5745;1255;5587;140;137;-17.2563954989183;-15.8701011377984;-14.3660237410221;-12.1626452981115;-2.93087965357194;-15.6469575864842;-2.16881890969997;-13.8998849402153;12.3376548171318
5765;1257;5607;140;137;-17.2635421922473;-15.8772478311275;-14.3731704343512;-12.1697919914406;-2.93312634368614;-15.6541042798132;-2.1688799314498;-13.901993265301;12.3662320295296
5786;1264;5628;143;137;-17.2710188364686;-15.8847244753487;-14.3806470785724;-12.2084238034416;-2.93637109167443;-15.6615809240345;-2.16499243184027;-13.9401857394939;12.3911690178833
5806;1265;5644;143;137;-17.2766966259454;-15.8904022648255;-14.3863248680492;-12.2015228107116;-2.93782770806839;-15.6672587135113;-2.16649725728674;-13.9427771533714;12.4028140118224
5827;1272;5671;143;137;-17.2862414960281;-15.8999471349082;-14.3958697381319;-12.1986451607957;-2.93620148307356;-15.676803583594;-2.1667551641343;-13.9416402437243;12.4297433831397
5847;1276;5693;143;138;-17.2939852579022;-15.9076908967823;-14.403613500006;-12.2188114426683;-2.9382386344498;-15.6845473454681;-2.16911133040562;-13.9565639433656;12.4437322722515
5868;1281;5717;144;138;-17.3023989425279;-15.9161045814081;-14.4120271846318;-12.2335145183975;-2.93866351319835;-15.6929610300938;-2.16869354408745;-13.966917568235;12.4575594549424
5889;1287;5741;144;141;-17.3107773803353;-15.9244830192154;-14.4204056224391;-12.2738247779216;-2.93693986462051;-15.7013394679012;-2.16548514244479;-13.9974505534519;12.3854341751598
5909;1291;5762;144;141;-17.3180798312889;-15.9317854701691;-14.4277080733928;-12.2746755264574;-2.93767487039488;-15.7086419188548;-2.16522752706861;-13.9964086394158;12.3980011932641
5929;1294;5779;145;142;-17.3239718726356;-16.2253595839674;-14.4336001147394;-12.3000913517893;-2.93979461013544;-15.7145339602015;-2.16415942447864;-14.0230058516989;12.401567359475
5949;1299;5801;145;144;-17.3315711909321;-16.232958902264;-14.441199433036;-12.3011332695397;-2.93951693401178;-15.722133278498;-2.16270018838529;-14.0449843046773;12.3692915488604
5970;1301;5821;145;144;-17.3384546945435;-16.2398424058754;-14.4480829366473;-12.308016773151;-2.93890671353103;-15.7290167821094;-2.16502147258902;-14.0470958499902;12.3791765654276
5990;1304;5837;145;144;-17.3439444904076;-16.2453322017395;-14.4535727325114;-12.306991887994;-2.9396744075896;-15.7345065779735;-2.16865296553104;-14.0477544308594;12.3909513447399
6000;1305;5847;145;144;-17.3473679763513;-16.2487556876832;-14.4569962184552;-12.3104153739377;-2.93937070492678;-15.7379300639172;-2.1710172848126;-14.0497332444997;12.4015551859388
6025;1307;5869;145;145;-17.3548790811167;-16.2562667924486;-14.4645073232205;-12.317926478703;-2.93539141151822;-15.7454411686826;-2.17308326564345;-14.0654648122512;12.4148804511303
6045;1310;5891;146;146;-17.3623620830434;-16.2637497943753;-14.5291487389872;-12.3517267889471;-2.93980268390905;-15.7529241706093;-2.1716729662104;-14.0910852397878;12.4292404967731
6065;1313;5922;146;146;-17.3728590173231;-16.274246728655;-14.5396456732669;-12.3424210959306;-2.94208606645746;-15.763421104889;-2.17708851878663;-14.0909300918559;12.4295122006655
6085;1316;5943;147;146;-17.3799386707333;-16.2813263820652;-14.5467253266771;-12.3693033766371;-2.93939543957079;-15.7705007582992;-2.17765461645276;-14.0986353754154;12.3830687175948
6105;1319;5964;147;146;-17.3869933517693;-16.2883810631011;-14.553780007713;-12.3565554303768;-2.94244755871228;-15.7775554393352;-2.17763180604146;-14.0972686696088;12.3954906799336
6125;1321;5982;147;146;-17.3930204783798;-16.2944081897117;-14.5026487204836;-12.3625825569874;-2.94131358700368;-15.7835825659457;-2.1783533828737;-14.0966631217931;12.3866536619181
6146;1323;5999;147;146;-17.3986961353062;-16.3000838466381;-14.50832437741;-12.3617435328926;-2.9401912890437;-15.7892582228721;-2.18018873254632;-14.0992047128293;12.4143352539515
6166;1326;6018;148;146;-17.40502051438;-16.3064082257119;-14.5146487564838;-12.3745825929875;-2.9417922434972;-15.7955826019459;-2.17823741372805;-14.1085316951977;12.3994258043925
6186;1331;6040;148;146;-17.4123185818577;-16.0260242207378;-14.5219468239616;-12.3753659794441;-2.94042856752572;-15.8028806694236;-2.18136999523219;-14.1051725621994;12.3882240876233
6210;1334;6064;148;146;-17.4202498546444;-16.0339554935245;-14.5298780967483;-12.3832972522308;-2.94068421728363;-15.8108119422103;-2.18259166472809;-14.1081515222462;12.4222361927279
6230;1337;6088;148;146;-17.428149799083;-16.0418554379632;-14.5377780411869;-12.3911971966694;-2.94141154682081;-15.8187118866489;-2.1860096439263;-14.1127580737133;12.450761777219
6250;1338;6104;148;146;-17.4333991459286;-16.0471047848087;-14.5430273880324;-12.396446543515;-2.93904319211523;-15.8239612334945;-2.18830272407126;-14.1162239415382;12.4661334731768
6270;1342;6123;148;147;-17.4396149029559;-16.053320541836;-14.5492431450597;-12.4026623005423;-2.9407550069118;-15.8301769905218;-2.19031089087137;-14.1300004273974;12.4801725328306
6290;1346;6141;148;148;-17.4454857486588;-16.3468734599907;-14.5551139907626;-12.4150478272664;-2.94153155447663;-15.8360478362247;-2.19468378204513;-14.1433751937067;12.4864162695767
6311;1350;6163;148;148;-17.4526379019245;-16.3540256132564;-14.5622661440283;-12.4221999805321;-2.93972871363382;-15.8431999894904;-2.2010188193277;-14.1457334592426;12.5019980257812
6331;1353;6186;148;148;-17.46008790649;-16.0737935453701;-14.5697161485939;-12.4231353040764;-2.93356569218224;-15.8506499940559;-2.20479103683521;-14.1446435642424;12.4919330120695
6351;1354;6204;148;148;-17.4658990485929;-16.079604687473;-14.5755272906967;-12.4289464461792;-2.93283898350962;-15.8564611361588;-2.20554294990631;-14.1468929839812;12.5149168010821
6371;1357;6223;148;149;-17.4720147691384;-16.0857204080185;-14.5816430112423;-12.4383195072354;-2.93558623366886;-15.8625768567043;-2.21013997031407;-14.1623664512994;12.5232922394516
6391;1360;6239;148;149;-17.4771503842216;-16.0908560231017;-14.5867786263254;-12.4369615245551;-2.93828405461431;-15.8677124717875;-2.20966587651503;-14.1624585906506;12.5392495596528
6411;1364;6261;148;150;-17.4841903914906;-16.0978960303707;-14.5938186335945;-12.447237789077;-2.9395358811316;-15.8747524790565;-2.21010364879032;-14.175877406268;12.560187995637
6431;1369;6288;148;150;-17.4927966682181;-16.1065023070982;-14.6024249103219;-12.4429406609685;-2.93812022151074;-15.883358755784;-2.21311793026172;-14.1748319793912;12.5650968731231
6451;1372;6313;148;151;-17.5007325567353;-16.1144381956154;-14.6103607988391;-12.4702946353428;-2.94122962420546;-15.8912946443012;-2.2167540480737;-14.1903350221899;12.5821751928944
6471;1376;6338;148;151;-17.5086370805017;-16.1223427193818;-14.6182653226056;-12.4587810732522;-2.94340999048962;-15.8991991680676;-2.21762008274922;-14.1857043857825;12.5698239715971
6491;1377;6357;148;151;-17.5146236938728;-16.1283293327529;-14.6242519359767;-12.4647676866233;-2.94278460475047;-15.9051857814387;-2.21936896075576;-14.1898489960783;12.5914043924325
6511;1380;6372;148;151;-17.5193373420599;-16.13304298094;-14.6289655841637;-12.4694813348103;-2.94361739457878;-15.9098994296258;-2.22190456636328;-14.1917315428245;12.6146297230642
6532;1381;6384;148;151;-17.5231002782593;-16.1368059171394;-14.6327285203631;-12.4541960760391;-2.94499157318968;-15.9136623658252;-2.2226781536133;-14.1940120422566;12.6288581452014
6553;1383;6407;148;151;-17.530292843278;-16.1439984821582;-14.6399210853819;-12.4551190280442;-2.94413717073344;-15.9208549308439;-2.22618407538595;-14.1952768557383;12.6454113678117
6574;1386;6429;148;151;-17.5371485682834;-16.1508542071635;-14.6467768103872;-12.4619747530495;-2.94445487495106;-15.9277106558493;-2.22720945873625;-14.1967159082091;12.6674881712512
6594;1388;6451;148;151;-17.5439808730645;-16.1576865119446;-14.6536091151683;-12.4688070578307;-2.94316701446606;-15.9345429606304;-2.22884302761088;-14.1990964770603;12.6773630072234
6614;1390;6473;148;151;-17.550789917091;-16.1644955559711;-14.555057643537;-12.4756161018572;-2.94171777477823;-15.9413520046569;-2.23067299116929;-14.1976510588934;12.6662768442229
6634;1392;6493;148;151;-17.556959905017;-16.1706655438971;-14.561227631463;-12.4693635697846;-2.94217479494408;-15.9475219925829;-2.23477975735784;-14.2012077347702;12.6879125090248
6654;1393;6508;148;151;-17.5615749366779;-16.175280575558;-14.5658426631239;-12.4739786014455;-2.94356784848235;-15.7698154674498;-2.23480395288186;-14.2031878870897;12.7061920595523
6674;1395;6532;149;151;-17.5689369081807;-16.1826425470608;-14.6785651502845;-12.4875325431962;-2.94538028917997;-15.7771774389527;-2.23565974631665;-14.2187136774342;12.7255059363938
6694;1397;6551;149;151;-17.5747459774638;-16.1884516163439;-14.6843742195676;-12.4871496422314;-2.94551709367552;-15.7829865082357;-2.23628153222034;-14.2190526914553;12.7356140721844
6714;1397;6571;149;151;-17.5808426137957;-16.1945482526758;-14.6364036346293;-12.4932462785634;-2.94710761835855;-15.7890831445677;-2.23763991713165;-14.2230721193289;12.758898448096
6734;1399;6586;149;151;-17.5854029258726;-16.1991085647527;-14.6409639467062;-12.4978065906402;-2.94920986024934;-15.7936434566446;-2.23923341201773;-14.2258230212708;12.7799619448067
6755;1405;6606;149;151;-17.5914672119015;-16.2051728507816;-14.5957349383475;-12.4916007840773;-2.94993554683619;-15.7997077426734;-2.24248616444132;-14.2240417969314;12.7965475616457
6775;1409;6625;149;151;-17.5972113017088;-16.210916940589;-14.6014790281549;-12.4912658278083;-2.95005850993123;-15.8054518324808;-2.24528480875459;-14.2250646596817;12.8215843382226
6795;1409;6645;149;151;-17.6032399422947;-16.2169455811748;-14.6075076687407;-12.4972944683941;-2.94818450074803;-15.8114804730666;-2.24669087666234;-14.2292054388292;12.8433055973159
6815;1411;6664;149;151;-17.6089503676934;-16.2226560065735;-14.6132180941394;-12.4939956410414;-2.94844617345698;-15.8171908984653;-2.24794731435356;-14.231574318249;12.8588422615416
6835;1412;6685;149;151;-17.6152429790721;-16.2289486179522;-14.6195107055181;-12.4912789996688;-2.94788208185266;-15.823483509844;-2.25215863585964;-14.2322904841145;12.8801723893584
6855;1412;6698;149;151;-17.6191285067083;-16.2328341455884;-14.6233962331543;-12.495164527305;-2.94678172353813;-15.8273690374802;-2.25382516298838;-14.2353963869299;12.8916236876819
6875;1414;6715;149;152;-17.6241982179147;-16.2379038567948;-14.6797592387482;-12.5182527440141;-2.94901384149519;-15.8324387486866;-2.25492082093677;-14.2499295121298;12.8969169007766
6896;1420;6740;149;152;-17.6316304078127;-16.2453360466928;-14.6358981342587;-12.5076664284094;-2.95076458165403;-15.8398709385847;-2.25545441174023;-14.2513269688835;12.9309523814504
6916;1421;6761;149;152;-17.6378521741814;-16.2515578130615;-14.6421199006274;-12.5138881947781;-2.95387231788343;-15.8460927049533;-2.25462380981801;-14.2521132599003;12.9457303882498
6936;1422;6783;149;152;-17.6443495218922;-16.2580551607723;-14.6486172483382;-12.5203855424889;-2.95106704759478;-15.8525900526641;-2.25650206080745;-14.2552940917373;12.9610350135618
6956;1427;6801;153;152;-17.6496498783513;-16.2633555172314;-14.7592781204551;-12.580745676131;-2.94948787345845;-15.8578904091232;-2.25237172450658;-14.3038519068998;12.9626397399139
6976;1430;6820;153;152;-17.655229501675;-16.2689351405551;-14.7648577437789;-12.5800556864412;-2.94876653285178;-15.863470032447;-2.25479342010829;-14.3063896807107;12.9867415862757
6996;1431;6830;153;152;-17.6581599051297;-16.2718655440098;-14.7677881472335;-12.5829860898958;-2.94904112948371;-15.8664004359016;-2.25510700270062;-14.3074422031337;13.0007705492016
7000;1432;6840;153;152;-17.6610860212332;-16.2747916601133;-14.770714263337;-12.5859122059994;-2.94931520864677;-15.8693265520051;-2.25542027330494;-14.3092932984285;13.0133777935063
7020;1439;6867;153;152;-17.6689652172414;-16.2826708561215;-14.7245262380749;-12.5937914020075;-2.94940818329147;-15.723055068186;-2.26330497446536;-14.308891433097;13.0149740109
7040;1441;6894;153;152;-17.6768134941536;-16.2905191330337;-14.7323745149872;-12.5892171589212;-2.95087012849936;-15.7309033450983;-2.26420545462321;-14.3086116067911;13.0167075527122
7062;1446;6921;153;152;-17.6846310936837;-16.2983367325638;-14.7401921145173;-12.5606671142805;-2.95384832235923;-15.7387209446284;-2.26223347394032;-14.3020400910173;12.9848358469718
7084;1449;6943;153;152;-17.6909784735065;-16.3046841123867;-14.7465394943401;-12.5670144941033;-2.95426845123258;-15.7450683244512;-2.26373902939365;-14.3047822740789;13.0116633964501
7106;1453;6968;153;152;-17.6981670370647;-16.3118726759448;-14.7024347635107;-12.5623686000144;-2.95760424155768;-15.7522568880094;-2.26385632949841;-14.3051939517787;13.0413969675267
7126;1455;6985;153;152;-17.7030405433821;-16.3167461822622;-14.7073082698281;-12.5672421063319;-2.95753755204676;-15.7571303943268;-2.26554946143104;-14.3073223392745;13.0562120364897
7147;1459;7007;153;152;-17.7093298567411;-16.3230354956212;-14.7135975831871;-12.5676663002384;-2.95657836303029;-15.7634197076858;-2.26448582218881;-14.3062614767264;13.0769609654568
7167;1461;7023;153;152;-17.713891512318;-16.3275971511982;-14.7181592387641;-12.5722279558154;-2.95582148677044;-15.7679813632627;-2.26502673057315;-14.3070705551951;13.0928197163458
7187;1465;7041;153;152;-17.7190109690383;-16.3327166079184;-14.7232786954843;-12.5542249951148;-2.95468827949588;-15.2341043192503;-2.26559885897682;-14.2999118428774;13.0494040766448
7207;1469;7068;153;152;-17.7266656668792;-16.3403713057593;-14.7309333933252;-12.556181671841;-2.95193324830861;-15.2417590170912;-2.2683489603259;-14.2999073593617;13.0519870949234
7227;1472;7094;153;152;-17.7340092706671;-16.3477149095472;-14.7382769971131;-12.563525275629;-2.95630197183914;-15.2491026208791;-2.26967529300247;-14.3032353729089;13.0865819072134
7251;1474;7116;153;152;-17.7402020975715;-16.3539077364516;-14.7444698240175;-12.5472452466812;-2.95737010782038;-15.2552954477835;-2.271607719651;-14.3029762457592;13.0765824289252
8000;1553;7883;154;152;-17.9449276421198;-16.5586332809999;-14.7668738117719;-12.5883413674478;-2.96923191752565;-15.2368774410176;-2.32799032742764;-14.3421685016463;13.3942352066641
9000;1647;8886;154;152;-18.1844645669917;-16.3927050977637;-14.7504773625066;-12.6161200632306;-2.97247172152005;-15.4118758447519;-2.3907575740408;-14.3909391529079;14.0063769165961
10000;1730;9919;154;152;-18.404414777492;-16.6126553082639;-14.7408531313623;-12.6775670299048;-2.97215907009803;-15.5140430195958;-2.43356423810974;-14.4165842037087;14.3995702103898
10500;1774;10403;154;152;-18.4996990101418;-16.5537888610865;-14.7620293918584;-12.6561545931104;-2.97513690582246;-15.6093272522456;-2.46796734577549;-14.4298357019371;14.554656313573
11000;1815;10899;154;152;-18.5928526417786;-16.5134111000988;-14.7216516308707;-12.6659266158082;-2.97795378822182;-15.5483302040552;-2.48880348249734;-14.4312632833956;14.7046101853336
13000;1977;12911;154;152;-18.9316698803494;-16.4467632305614;-14.7727867969898;-12.6644693318081;-2.98646642269501;-15.7536160500015;-2.58251917670001;-14.449558133274;15.1159540350506
13500;2017;13444;154;152;-19.01257637769;-16.527669727902;-14.7640811356406;-12.683747533064;-2.98100465890547;-15.7937005528218;-2.60615770972874;-14.4530223194285;15.1977412109291
14000;2047;13934;154;152;-19.0841743511801;-16.5992677013921;-14.8075082321641;-12.6789458931493;-2.97667251706769;-15.8652985263119;-2.61932507015724;-14.4631572774947;15.3213041659732
14500;2084;14411;154;152;-19.1514941656767;-16.5124368360615;-14.7694675310028;-12.6869058619868;-2.97183315906025;-15.9326183408085;-2.64772803393842;-14.4712604786869;15.4270639096841
16000;2167;15974;154;152;-19.3574353589547;-16.5848466367149;-14.7724678802841;-12.6879372690968;-2.97340152988092;-16.3617030854007;-2.68717613323854;-14.5043624797449;15.851882034834
17000;2238;16999;154;152;-19.4818195955575;-16.5914478376614;-14.7813392297651;-12.6996275395507;-2.97712991381467;-16.3037657652096;-2.72271878691603;-14.5112454250305;15.9978786286835
17500;2274;17475;154;152;-19.537053134204;-16.5926141550376;-14.7921210058408;-12.7148557435835;-2.97770929464787;-16.3589993038561;-2.74281171106167;-14.5141142965101;16.0848726165639
18000;2310;17963;154;152;-19.5921387315377;-16.5964064579837;-14.8046469887556;-12.7056070890072;-2.98343567445525;-16.4140849011897;-2.75976342207259;-14.5158151985911;16.1129335442718
19000;2377;18949;154;152;-19.6990128773392;-16.6544904396158;-14.7937380989008;-12.7217315357085;-2.97893923636837;-16.5209590469913;-2.80065998620062;-14.5338683335355;16.3708769848866
21000;2484;20820;154;152;-19.8873386843379;-16.6292421463164;-14.8121648691041;-12.7241665934888;-2.97694781973193;-16.70928485399;-2.85338655578019;-14.5440527477068;16.57827789989
22000;2545;21796;154;152;-19.978963491406;-16.6467589812308;-14.8372999349033;-12.7269095395532;-2.97884272651326;-16.800909661058;-2.89004953012596;-14.5533823301456;16.7167221505701
23500;2628;23268;154;152;-20.1096686100613;-16.6439327072616;-14.8214015793668;-12.7139470014593;-2.988357543997;-17.3370798878215;-2.94307329366795;-14.5618972654816;16.8425454672455
26000;2760;25719;154;152;-20.3099705946937;-16.6723844349673;-14.8251822699444;-12.7010999655025;-2.98680726899889;-17.4195988367976;-3.00318148638;-14.5749781899916;17.1570935986571
26500;2780;26273;154;152;-20.3525941497303;-16.6637146956164;-14.8231650622189;-12.7086322007278;-2.98864298907851;-17.4622223918341;-3.01323463025038;-14.5748804267696;17.1259699634851
28000;2858;27762;154;152;-20.4628469162701;-16.7251772979867;-14.842446050553;-12.7274135637704;-2.98757101157486;-17.5724751583739;-3.07335419511768;-14.5992325143599;17.4099045602325
28500;2890;28268;154;152;-20.4989714036215;-16.7147817697032;-14.8360109234855;-12.720759929109;-2.98887913038081;-17.6085996457253;-3.08345716908438;-14.5963884754099;17.4254701917027
29000;2913;28781;154;152;-20.5349414523787;-16.7282789626084;-14.85136168504;-12.7219569000663;-2.98781628503989;-17.6445696944825;-3.09618626883013;-14.6014875129522;17.5029783308116
30000;2951;29790;154;152;-20.6038560914147;-16.7326550805068;-14.851283452589;-12.7277872147043;-2.98507122152197;-17.7134843335185;-3.11963253731098;-14.6113392203385;17.6110047325771
30500;2979;30318;154;152;-20.6389937490399;-16.7269707436118;-14.8308512590595;-12.725472731756;-2.98121244539675;-17.7486219911438;-3.13403782212173;-14.6062267224691;17.6270319395337
31000;2990;30812;154;152;-20.6713190069457;-16.7200752883643;-14.8306773495723;-12.7359106722963;-2.9805703480985;-17.7809472490495;-3.13916943164537;-14.608845528377;17.6698602869961
31500;3008;31341;154;152;-20.7053648470112;-16.716380800447;-14.8276290652316;-12.7256835446235;-2.97746135205194;-17.8149930891151;-3.14718992719367;-14.601281147449;17.5143046708302
32500;3044;32316;154;152;-20.7666354851992;-16.6722909229771;-14.8317412895796;-12.7102087176762;-2.97454878202606;-17.876263727303;-3.16141566814979;-14.5943947337023;17.4376855851843
33000;3062;32839;154;152;-20.7987442248656;-16.7043996626435;-14.8274823850752;-12.7185068086489;-2.9706775268928;-17.9083724669695;-3.17129757372038;-14.5982663290382;17.5220887583299
33500;3087;33322;154;152;-20.827946236978;-16.6848115105865;-14.8240591698715;-12.7088453993405;-2.97453745480602;-17.9375744790819;-3.17928617671192;-14.5932816471987;17.4829187416801
34000;3113;33861;154;152;-20.8600383772475;-16.6856511073518;-14.8221703053464;-12.7191399166396;-2.97168502207453;-17.9696666193513;-3.19176610542864;-14.5894978595155;17.4195463838739
35000;3145;34874;154;152;-20.9189936897549;-16.7143010703639;-14.829948814308;-12.7358756103601;-2.97298698445099;-18.0286219318587;-3.20498223944196;-14.5997279128333;17.5749156250596
36000;3190;35857;154;152;-20.9745881699739;-16.6979220509578;-14.8477189858597;-12.7252744237132;-2.97308447457357;-18.0842164120777;-3.22551901115407;-14.6052863654938;17.673163742408
37500;3263;37391;154;152;-21.0583706254651;-16.7145652036114;-14.8298596218739;-12.7304028839612;-2.97423099250569;-18.1679988675689;-3.25154838014354;-14.6063210428713;17.7759437917752
38000;3281;37891;154;152;-21.0849377917046;-16.728228965015;-14.8311089801291;-12.7330910528763;-2.97521921087334;-18.1945660338084;-3.25792040664431;-14.6102543350297;17.8407974495361
38500;3301;38398;154;152;-21.1115213077722;-16.7048020605079;-14.8199521682139;-12.724664618084;-2.97463500292043;-18.1157890342182;-3.26346015844945;-14.5989662197216;17.7222203147326
39000;3320;38895;154;152;-21.1372419732817;-16.7064251744384;-14.8110925001266;-12.7254092975233;-2.97429740295014;-18.1415096997278;-3.27192633921077;-14.5984656733985;17.7334977166232
39500;3342;39398;154;152;-21.1629406651526;-16.7144413887807;-14.8225813614248;-12.721333460693;-2.97505492328672;-18.1672083915986;-3.28104788939163;-14.5984757109225;17.7421821314011
40500;3391;40446;154;152;-21.215446060163;-16.7156363898327;-14.826886066949;-12.7135695728586;-2.97627467492675;-18.1244036068047;-3.30865802200103;-14.6036742129979;17.8600532750825
41000;3412;40936;154;152;-21.2395303009699;-16.728670794453;-14.8293554190037;-12.7155601252746;-2.97455373623364;-18.1484878476115;-3.31932212575405;-14.6021581763265;17.8203898736456
42000;3445;41892;154;152;-21.2857003137861;-16.7213521223182;-14.830501750446;-12.712126806801;-2.97188848922732;-18.1946578604278;-3.33320124384834;-14.6032859420385;17.8507762001027
42500;3464;42335;154;152;-21.3067388921528;-16.7217714134822;-14.8390401660484;-12.7161107813797;-2.97074700251683;-18.1286850618048;-3.34012087151673;-14.6055077723759;17.8813344552197
43000;3490;42830;154;152;-21.3299881412188;-16.7348682910842;-14.8354807286157;-12.7171211997343;-2.97101707003784;-18.1519343108709;-3.34759596426331;-14.6072797531986;17.9455067495152
43500;3504;43312;154;152;-21.3523700237082;-16.7471998377201;-14.8310130608437;-12.7200640251914;-2.97144567556142;-18.1743161933602;-3.35531065485532;-14.6122537319003;18.0166456546162
45500;3571;45327;154;152;-21.4433163208159;-16.7428359550235;-14.8393724962154;-12.7279282234494;-2.97450483006195;-18.1111118106407;-3.39130850967692;-14.622730185094;18.127927875999
46000;3590;45849;154;152;-21.4662173343919;-16.7477184630968;-14.8381759582124;-12.7226857007649;-2.974549934529;-18.1340128242167;-3.39615116414727;-14.6232855771324;18.140348904415
46500;3612;46385;154;152;-21.4894628201747;-16.7532643717802;-14.8340224698071;-12.7177052963859;-2.97418001980552;-18.1572583099995;-3.4046727739701;-14.6241065034563;18.1752404662829
47000;3631;46878;154;152;-21.5106075224496;-16.7484335876518;-14.8284989249998;-12.7220146606524;-2.97430871581562;-18.1784030122744;-3.41043974839333;-14.6244725259867;18.2092095458738
47500;3643;47422;154;152;-21.5336830700538;-16.7545595769423;-14.8366488223874;-12.7253139616182;-2.97233209200034;-18.2014785598786;-3.42006945384476;-14.6318087092547;18.2931295028619
48000;3659;47910;154;152;-21.5541590597543;-16.7666673169723;-14.8375642862334;-12.7093902737737;-2.97402035027813;-17.816489441471;-3.42409614671198;-14.6297669285278;18.2612885102867
50000;3721;49931;154;152;-21.6367946626667;-16.7539927400803;-14.8332894050584;-12.7302657450722;-2.97777981822783;-17.8991250443833;-3.45087248895637;-14.6332517349247;18.3296467309949
50500;3740;50433;154;152;-21.6568020034023;-16.7515272249639;-14.8346046127818;-12.7280291380015;-2.9777035415937;-17.919132385119;-3.45704713412781;-14.6328052444028;18.3637204159716
51000;3757;50938;154;152;-21.6767289717719;-16.7640740860359;-14.8415443856246;-12.736689276563;-2.9766863977873;-17.9390593534886;-3.4728005218004;-14.637500842582;18.4140376486918
51500;3769;51449;154;152;-21.6966926094547;-16.7622445555714;-14.8476268890937;-12.7382811402245;-2.9744356749024;-17.7077085628904;-3.48036869753706;-14.6403124773694;18.4365858411835
52500;3810;52393;154;152;-21.7330565471985;-16.7632432476225;-14.8506190762006;-12.7279589600028;-2.9748691018681;-17.7077048564633;-3.49926123469057;-14.6447758871713;18.533122186715
53500;3835;53385;154;152;-21.7705701732248;-16.7599348791286;-14.8430122669465;-12.7314927306858;-2.97451503984829;-17.7452184824897;-3.50787490922246;-14.636579584961;18.3418330955408
54000;3851;53918;154;152;-21.7904393058203;-16.779804011724;-14.8531252245966;-12.7302243924217;-2.97492979292948;-17.7650876150851;-3.51911350630577;-14.6411351433613;18.4080950017982
54500;3862;54394;154;152;-21.8080182652871;-16.7710656628735;-14.8562461008882;-12.7285841631587;-2.97257754466662;-17.7826665745519;-3.52306050230699;-14.6419110100177;18.4097991238315
55000;3874;54895;154;152;-21.8263550973377;-16.7764990900881;-14.8542176693239;-12.7343491540029;-2.97095806316135;-17.8010034066025;-3.52642533027523;-14.6423758559038;18.4155276743812
55500;3887;55421;154;152;-21.8454277245632;-16.7702539093294;-14.8533312971473;-12.7336377900173;-2.97032621726574;-17.8200760338281;-3.53104462412474;-14.6443874813848;18.4591446447908
57000;3934;56977;154;152;-21.9008059132264;-16.7650074761761;-14.8437689315285;-12.73003831637;-2.97158741468593;-17.7419228298667;-3.54241481835433;-14.6451956476298;18.5786317091848
58500;3973;58525;154;152;-21.9544185847182;-16.7839345896801;-14.844539121646;-12.7364077507527;-2.97269769627945;-17.7349108795421;-3.55775275429612;-14.6497629317103;18.6748350128611
59000;3987;59032;154;152;-21.9716698974764;-16.7787130465862;-14.847191634983;-12.7330336988695;-2.97220093682583;-17.7521621923003;-3.56482255534845;-14.652443100403;18.6975898639938
59500;4007;59540;154;152;-21.9888072691395;-16.7958504182493;-14.849940269194;-12.7323469615498;-2.97233928375357;-17.7692995639634;-3.57415643862912;-14.655601709092;18.771026697086
60000;4015;60025;154;152;-22.0050328421789;-16.7900970845699;-14.8543313845864;-12.7392577633146;-2.97227071017966;-17.7855251370028;-3.58038083414455;-14.6610091274642;18.8391536986038
61500;4046;61469;154;152;-22.0525765233409;-16.7950811513132;-14.8551411692443;-12.7407631987606;-2.97345282428487;-17.8330688181648;-3.5985041086801;-14.66699052493;18.9297510564967
62000;4062;61972;154;152;-22.0688758982324;-16.7958763396686;-14.8488684953316;-12.7402192994381;-2.97101212539877;-17.8493681930563;-3.60343395263386;-14.6677760558378;18.9672629774112
62500;4073;62480;154;152;-22.0852035690271;-16.7868862024791;-14.8531955900766;-12.7392839028091;-2.9709433429706;-17.865695863851;-3.60927366993202;-14.6683947686715;18.995179314316
63000;4083;62980;154;152;-22.10114498931;-16.802827622762;-14.8526409169394;-12.739243488864;-2.9716876922517;-17.8816372841339;-3.61937340753092;-14.6719857448477;19.0444725755462
63500;4094;63483;154;152;-22.1170548650058;-16.7989348711615;-14.8530247221062;-12.7427690823419;-2.97309201783338;-17.8975471598297;-3.62589570420222;-14.6757911932606;19.1045832889022
64000;4103;64014;154;152;-22.133714176839;-16.7913799248742;-14.8571577741203;-12.7406356681837;-2.97047903571617;-17.9142064716629;-3.62992081452234;-14.6788167823947;19.1468466130561
64500;4118;64458;154;152;-22.1475382557892;-16.8004307250717;-14.8545205760164;-12.7352789914453;-2.97112712051331;-17.8708721367731;-3.63186766515186;-14.675585757197;19.1516234926404
66000;4168;65948;154;152;-22.1932436633621;-16.7771432611577;-14.8537059679545;-12.7330788614904;-2.97242612988538;-17.8625103230758;-3.64863095168811;-14.6687476939011;19.0546065843057
66500;4174;66494;154;152;-22.2097339940189;-16.7803883650645;-14.8572928937753;-12.7371832155646;-2.9724754780241;-17.8790006537326;-3.65022972177725;-14.6692542711055;19.0808808486285
67500;4204;67486;154;152;-22.2393508958826;-16.7712907547475;-14.8414830816354;-12.735669493603;-2.97289060931866;-17.9086175555963;-3.65760880869543;-14.6659773844999;19.0742439245996
68000;4224;68019;154;152;-22.2550847137895;-16.7744457904475;-14.8465541468949;-12.7369655676624;-2.97276499092752;-17.9243513735032;-3.66394087246632;-14.6660886640456;19.1035555086015
68500;4239;68520;154;152;-22.2697619048761;-16.7808241787194;-14.8441064877659;-12.739296495681;-2.97317635616106;-17.9390285645898;-3.67004094016259;-14.6675067774478;19.1419441755156
69500;4261;69500;154;152;-22.2981640631058;-16.7687349755943;-14.8388251678855;-12.7292056661504;-2.97461587788169;-17.9161374284319;-3.6777836158607;-14.6618768382519;19.06822112427
71500;4319;71521;154;152;-22.3554927837051;-16.7663749642496;-14.8336335315035;-12.7249957548778;-2.97614336479437;-17.9734661490312;-3.69985503091792;-14.6570131503495;19.0375612050576
72000;4332;72031;154;152;-22.3697037217826;-16.7712817627842;-14.836544914327;-12.7294007700979;-2.97673456417169;-17.9876770871087;-3.70574175731344;-14.660350196152;19.0891408665063
73000;4351;73004;154;152;-22.3965390262998;-16.7761381605827;-14.8395884542869;-12.7246683222825;-2.97677858030992;-18.0145123916259;-3.71243149025473;-14.6637387862749;19.1532820332165
73500;4366;73521;154;152;-22.4106527173562;-16.7758631141869;-14.8404672637062;-12.7203275528576;-2.97579985737885;-18.0286260826823;-3.72005490331662;-14.6639393849436;19.159769820603
74000;4370;74058;154;152;-22.425207697944;-16.7833006270059;-14.8389115194967;-12.7249997967933;-2.97499733369921;-18.0431810632701;-3.72334544197443;-14.6676600931012;19.2229962382765
74500;4379;74534;154;152;-22.4380213521976;-16.7820295413777;-14.8461601464309;-12.7252409113276;-2.9743319955897;-18.0559947175237;-3.72836639596579;-14.6720100500021;19.2760784679776
76500;4425;76472;154;152;-22.4893598794872;-16.7956277406845;-14.8526078834028;-12.7251920009852;-2.97194160312455;-18.1073332448133;-3.75220345401258;-14.6790791096199;19.4058812483108
77000;4435;76976;154;152;-22.5024979278785;-16.7987154532223;-14.8471072830523;-12.7229592594153;-2.97253848421779;-18.1204712932046;-3.7544021401246;-14.6773457791627;19.4105086911248
77500;4445;77479;154;152;-22.5155244217622;-16.7919393198098;-14.8460291707545;-12.7241143380226;-2.97242607740345;-18.1334977870883;-3.75813614030264;-14.6781673093332;19.4308286236671
78500;4474;78499;154;152;-22.5416823296717;-16.7986791418622;-14.8418399222747;-12.7203814481235;-2.97404723326379;-18.1596556949978;-3.76867257066407;-14.6749679323847;19.4353728995199
79000;4486;79010;154;152;-22.5546594114336;-16.8084562208934;-14.8440060879324;-12.7220235998694;-2.97439300526858;-18.1238426125902;-3.77857863990305;-14.678737226421;19.4943146475448
79500;4498;79538;154;152;-22.5679803477284;-16.793428802184;-14.8413266828808;-12.721804616093;-2.97291539427545;-18.1371635488851;-3.78006989387009;-14.6765478865822;19.4821269950348
80000;4510;80024;154;152;-22.58016373733;-16.797879388269;-14.8456048929753;-12.7200013095323;-2.9743247215544;-18.1493469384867;-3.78638129635223;-14.6764856874426;19.4753281977432
82000;4562;82006;154;152;-22.6290953886025;-16.7942846515399;-14.8421283859876;-12.718557798527;-2.97677609091295;-18.1517585741243;-3.80419835599248;-14.6769567575851;19.5344425992481
82500;4577;82510;154;152;-22.6413495541968;-16.7891470744223;-14.8399582339053;-12.7182554768295;-2.97687279930084;-18.1640127397186;-3.81021070127029;-14.6756008831156;19.527678775472
83000;4586;83007;154;152;-22.6533604411439;-16.7954272866604;-14.8391627867402;-12.7140236126925;-2.97686523780522;-18.1760236266657;-3.81416234805913;-14.6764383471023;19.5486173706957
83500;4596;83494;154;152;-22.6650601039395;-16.7873243221598;-14.8318561552984;-12.7125681247589;-2.97681631493688;-18.1877232894613;-3.81597014589748;-14.6714811129198;19.4607369942327
85500;4631;85514;154;152;-22.7128707684211;-16.7872798567286;-14.8373750126566;-12.7208230430939;-2.97807603989385;-18.2355339539429;-3.8290998003319;-14.6765609822186;19.5574704884051
86000;4640;85997;154;152;-22.7241353818125;-16.7892411861929;-14.8399354481365;-12.7194459651027;-2.97881208843564;-18.2467985673343;-3.83431180399248;-14.6790715004976;19.5979766469217
86500;4649;86498;154;152;-22.7357531425308;-16.7955818898103;-14.8392004408877;-12.7174425579549;-2.97907280422495;-18.2584163280526;-3.83993411799604;-14.6801707560674;19.6131988075233
87500;4667;87412;154;152;-22.7567757039801;-16.7906289648564;-14.8458189262559;-12.7185169564584;-2.97841491132035;-18.2794388895019;-3.84657161727665;-14.6827796591126;19.6616537931727
88000;4682;87948;154;152;-22.7690020194277;-16.7977401796372;-14.8460160607165;-12.7152857573473;-2.97887242408673;-18.2916652049495;-3.8530723144654;-14.6806497815794;19.6551400913335
88500;4698;88460;154;152;-22.7806115028446;-16.7891469557367;-14.841274463535;-12.7137304358558;-2.97859502145154;-18.3032746883664;-3.85927359916876;-14.6789076701657;19.6289916394615
89000;4711;88970;154;152;-22.7921090264776;-16.7906941485165;-14.8416068401602;-12.7160346570872;-2.97865651268592;-18.3147722119994;-3.86365263320628;-14.6796728631888;19.6606661473916
90500;4731;90455;154;152;-22.8252155369107;-16.789734104386;-14.8446787439203;-12.7208505676024;-2.97863105384054;-18.3478787224325;-3.86961188889906;-14.6828534554902;19.7200948469153
91000;4747;90988;154;152;-22.8369658173435;-16.7967111060661;-14.8499509926461;-12.7197995337232;-2.9783985274309;-18.3596290028653;-3.87704403672647;-14.6854178912632;19.7593534889062
92000;4777;92045;154;152;-22.8600657337613;-16.7916401455172;-14.8478821239962;-12.7205381499301;-2.97716870595322;-18.3827289192831;-3.88627970930867;-14.6850988394808;19.7787493052678
92500;4786;92514;154;152;-22.8702305267988;-16.8018049385547;-14.8549037088974;-12.7209772449122;-2.97713458490014;-18.3928937123206;-3.89238324902947;-14.6883509169639;19.8233577444556
93000;4801;93040;154;152;-22.8815695743851;-16.8062235432964;-14.8492094792019;-12.7187994425243;-2.97787092060325;-18.4042327599069;-3.89496777965488;-14.687202114974;19.8345066111394
93500;4818;93558;154;152;-22.8926736876259;-16.7968491251937;-14.8470854068224;-12.7165289762448;-2.97798938022097;-18.4153368731477;-3.89964793991837;-14.6833330370844;19.7522937983081
94500;4833;94559;154;152;-22.9139585145758;-16.8091652821608;-14.8512106134894;-12.7207908869252;-2.97906338274833;-18.4366217000976;-3.90669885141929;-14.6859279630931;19.7753533132392
95000;4842;95040;154;152;-22.9241062691929;-16.8016134596786;-14.8544509623068;-12.7118664991118;-2.97953403936017;-18.4467694547147;-3.90874132534248;-14.6854977898767;19.8011106878027
95500;4853;95551;154;152;-22.9348308306768;-16.8057806206163;-14.8515022218904;-12.7114360583942;-2.97940449683581;-18.4574940161986;-3.91375943680806;-14.6873911146163;19.8277271319969
96000;4869;96051;154;152;-22.9452691587733;-16.7904133186285;-14.8460187815248;-12.7121182115453;-2.97970728929122;-18.8509245965512;-3.91664401683485;-14.6800922355177;19.6767458629797
96500;4878;96518;154;152;-22.9549695968604;-16.7874531059721;-14.8496620813553;-12.7121567387207;-2.98014545856496;-18.8606250346383;-3.91865470360275;-14.6796124984517;19.683061737728
97500;4898;97494;154;152;-22.9750922332617;-16.7950755796091;-14.8476878450126;-12.7147872911795;-2.97843561411702;-18.8807476710396;-3.92763505138006;-14.6790233239692;19.6171462740252
98000;4903;97970;154;152;-22.9848331766774;-16.7986245527769;-14.8486076217689;-12.7172582591102;-2.97830427145657;-18.8904886144553;-3.93228165978523;-14.6826364869102;19.6687882078055
98500;4907;98477;154;152;-22.9951565947123;-16.8007512036076;-14.8507677291647;-12.7205538621114;-2.97772697066064;-18.9008120324902;-3.93494192730536;-14.6839527645982;19.6797548540629
99000;4915;98987;154;152;-23.0054876147262;-16.8009298521575;-14.8507000419577;-12.7180651428123;-2.97818321464677;-18.9111430525041;-3.93780719428742;-14.6830344057088;19.6615932240884
99500;4922;99491;154;152;-23.0156449335886;-16.7930686655173;-14.8482935907292;-12.718781723559;-2.97707934916023;-18.9213003713665;-3.94112303346852;-14.6813638470497;19.619636089618
101500;4965;101485;154;152;-23.0553325665835;-16.801503755008;-14.8555936059527;-12.7195432519856;-2.97877028747996;-18.9281981815384;-3.96097118674941;-14.6830841055;19.6677342782627
102500;4983;102483;154;152;-23.0749044202936;-16.8058081365874;-14.858411445455;-12.7213289972071;-2.97805492889676;-18.9477700352486;-3.96997906632709;-14.6867778361663;19.7252325777728
103000;4992;102967;154;152;-23.0843276550539;-16.8152313713476;-14.8564178174564;-12.7200352619427;-2.978196092054;-18.9571932700088;-3.97394232949121;-14.6883286930967;19.7562718371403
104500;5022;104508;154;152;-23.1140378049615;-16.8059410223742;-14.8545796096291;-12.718540542917;-2.9780430938303;-18.9551547216018;-3.98352558559195;-14.6891103198148;19.7795466281612
105000;5033;104998;154;152;-23.1233931626784;-16.8080351611561;-14.852100509699;-12.7173441171122;-2.97838233315499;-18.933738420652;-3.98490504561345;-14.6833095588655;19.6745172695038
107500;5079;107463;154;152;-23.1698037625155;-16.7930768146168;-14.8461953201719;-12.7152079920196;-2.97951482053735;-18.9213085204661;-4.00200698736058;-14.68615681646;19.7615141965045
108000;5090;107954;154;152;-23.1789209788964;-16.7954143440124;-14.8484189421609;-12.7135772977092;-2.97942874011656;-18.9304257368471;-4.00727957070484;-14.6862322024282;19.7593677446231
