21;18;21;11;6;-6.08904487544685;-5.3958976948869;-4.70275051432696;-3.89182029811063;-2.28238238567653;-5.3958976948869;-0.78573996738777;-4.69459511119859;2.70512359430866
43;26;38;12;8;-7.27517231945277;-6.58202513889283;-5.48341285022472;-4.44195897539656;-2.13937388240251;-6.58202513889283;-1.10556158696132;-5.39058825589187;3.49119745869907
63;37;54;17;13;-7.97796809312855;-7.2848209125686;-6.59167373200866;-5.58007282033018;-2.24786831015497;-7.2848209125686;-0.887891257352457;-6.42347965072781;3.65477037741367
83;43;67;19;14;-8.40938523878193;-7.31077295011382;-6.79994732634783;-5.77032790916667;-2.24396738455051;-7.71623805822199;-0.867171775588529;-6.63619208862992;3.73885647641238
103;50;86;21;17;-8.90869459250702;-8.21554741194707;-7.29925668007292;-6.13610587026723;-2.18006597942231;-8.21554741194707;-0.901327524523685;-7.09105203552932;4.01498169058073
123;59;101;23;19;-9.23024103368252;-8.53709385312257;-7.43848156445446;-6.3970276896263;-2.16548200589072;-8.53709385312257;-0.936191393580491;-7.30651787886201;4.02742312978288
143;63;118;23;19;-9.54136924893133;-8.44275696026322;-7.59545909987602;-6.49684681120791;-2.1328386820367;-8.84822206837138;-1.0197857092138;-7.38392869004374;4.27244911516758
163;73;139;25;21;-9.86894786626138;-8.77033557759327;-7.78950632458155;-6.69089403591344;-2.24432888010198;-9.17580068570144;-1.01886025957182;-7.66521185470377;4.61983096279459
183;84;156;28;24;-10.0997120144991;-9.00109972583097;-8.02027047281924;-6.92165818415113;-2.37129623465803;-9.40656483393913;-0.999744700004262;-7.97075683891527;4.69771286741011
204;93;173;30;26;-10.3065831889956;-9.61343600843561;-8.22714164731572;-7.21554073563724;-2.34103761586557;-9.61343600843561;-1.02020813074338;-8.19467329928659;4.82625978370034
225;98;191;30;27;-10.5045468560933;-9.81139967553331;-8.42510531441342;-7.24645031807178;-2.36715102603661;-9.81139967553331;-1.10731206547799;-8.32070402340269;5.03911600697259
245;111;212;31;30;-10.713172549344;-10.0200253687841;-8.51594797200781;-7.45507601132254;-2.40448063250513;-10.0200253687841;-1.11750175168006;-8.4685659753928;4.97206675072228
265;122;236;31;30;-10.9276636100512;-9.82905132138311;-8.52976833725285;-7.43115604858474;-2.40767433133298;-9.82905132138311;-1.18987651329281;-8.47885234068398;5.08664425200981
287;130;254;35;31;-11.0746685340371;-10.3815213534771;-8.77208344104303;-7.60893263123735;-2.45383630786135;-9.97605624536896;-1.18959956702496;-8.75041462178098;5.33420297837267
308;131;270;35;31;-11.1968439179968;-10.0982316293286;-8.8942588250027;-7.70033635653027;-2.40520588091075;-10.0982316293286;-1.23787435600162;-8.80280201336375;5.44982101967459
329;137;284;35;34;-11.2979484763224;-10.6048012957625;-8.99536338332837;-7.96574396614721;-2.40368965131971;-10.1993361876543;-1.24268448882049;-8.92617130355296;5.44132643921527
349;147;308;35;34;-11.4601995659471;-10.361587277279;-8.97529291615915;-7.87668062749104;-2.44441528843326;-10.0739052048273;-1.27360288092938;-8.91723962301734;5.4739123100608
369;152;324;37;34;-11.5614870315847;-10.4628747429165;-9.07658038179666;-7.97796809312855;-2.37810684119126;-10.1751926704648;-1.28937126099234;-9.00573807807824;5.5054167134675
389;159;347;38;34;-11.6986495598937;-10.3123551987738;-9.21374291010572;-8.03508791376407;-2.38503083846403;-10.3123551987738;-1.30254108824645;-9.06074412844234;5.62451578712076
409;165;363;38;36;-11.7888056685297;-10.4025113074098;-9.22385631106816;-8.00461603461144;-2.41024266413907;-10.6901933798616;-1.2796369612149;-9.09581940817014;5.53857777026395
429;172;381;39;36;-11.8855987502534;-10.4993043891335;-9.32064939279186;-8.01439773934551;-2.45853539476593;-10.4993043891335;-1.27970699589465;-9.16099297217341;5.74435266790247
449;176;397;40;36;-11.9678725613744;-10.5815782002545;-9.40292320391284;-8.09667155046649;-2.43566610516635;-10.5815782002545;-1.29342067223167;-9.22243632756115;5.83399872336673
472;185;417;40;38;-12.0661724435976;-10.6798780824777;-9.42711511398234;-8.11492872501618;-2.45223537457328;-10.6798780824777;-1.32111770538326;-9.31316720944536;5.99425089598878
494;192;436;40;39;-12.1552844866981;-10.7689901255782;-9.51622715708281;-8.16630044013379;-2.42811653876026;-10.7689901255782;-1.34547573332528;-9.35493495945233;6.05600666490875
500;193;440;40;39;-12.1735494538246;-10.7872550927047;-9.53449212420936;-8.18456540726034;-2.43199276843471;-10.7872550927047;-1.35369117261416;-9.36331489392369;6.08966599878183
523;199;462;40;39;-12.2711297821635;-10.8848354210436;-9.4985410599237;-8.21068677161706;-2.47533880508272;-10.8848354210436;-1.40003120373014;-9.39002703183483;6.24066275715287
543;205;481;41;41;-12.3517345402115;-10.9654401790916;-9.57914581797174;-8.32638284947637;-2.44505209677888;-10.9654401790916;-1.40278937381181;-9.51925264319009;6.33318157271719
563;210;501;45;41;-12.4332122021697;-11.3345999135016;-9.72516200106752;-8.52118919674158;-2.44588914372137;-11.0469178410498;-1.39640502291176;-9.69847754567366;6.55823871294206
583;219;517;47;48;-12.4960857490169;-11.8029385684569;-10.0981904762185;-8.85849958929047;-2.44745943081449;-11.109791387897;-1.36047534873845;-9.96233462936589;6.44881335638409
604;223;536;47;52;-12.5682683221416;-11.8751211415817;-10.3710437448054;-9.01292026065219;-2.44991135474351;-11.1819739610217;-1.35230788322207;-10.090573950461;6.50684764943584
624;233;559;50;52;-12.6522989463102;-11.9591517657503;-10.455074368974;-9.06878000785409;-2.44922545431947;-11.2660045851903;-1.36156748361859;-10.1908339844525;6.58641497860585
644;240;582;50;52;-12.7329408954629;-12.0397937149029;-10.5357163181267;-9.09535473573649;-2.48055858630698;-11.346646534343;-1.39082747654677;-10.1971665782868;6.68130399254493
665;249;606;53;53;-12.8137599721386;-12.1206127915787;-10.6165353948024;-9.17617381241224;-2.46944016765705;-11.2043220597045;-1.38572812818703;-10.3254662210812;6.74870616293837
686;252;623;53;53;-12.8690930375749;-12.175945857015;-10.6718684602387;-9.18021358346097;-2.45773422109922;-11.2596551251408;-1.4110567982947;-10.3319719570624;6.7718484046531
706;256;642;53;53;-12.9291766073799;-11.8305643187118;-10.7319520300437;-9.19150698909655;-2.44294284951952;-11.3197386949458;-1.4170014238004;-10.3362089108883;6.80497446369862
729;261;658;53;54;-12.9784098626506;-11.8797975739825;-10.7811852853144;-9.19422022873237;-2.4557715694667;-11.3689719502165;-1.43188522504999;-10.375862199822;6.86598079773931
749;267;674;54;57;-13.0264602218246;-12.3333130412647;-10.8292356444884;-9.24227058790635;-2.46353740321408;-11.4170223093905;-1.43152168393371;-10.4906828668377;6.90946952881648
769;276;699;54;61;-13.0993014844676;-12.0006891957995;-10.7967163914736;-9.33810136877406;-2.49827640307025;-12.0006891957995;-1.40960316163385;-10.5679301368762;6.96172536015988
789;281;722;56;62;-13.1640502777857;-12.4709030972257;-10.8614651847916;-9.33540888129656;-2.51774481595;-12.0654379891175;-1.41659038457454;-10.6794101782058;7.08997586330619
810;287;744;56;64;-13.2240820696662;-12.5309348891062;-10.9214969766721;-9.39544067317709;-2.52288463908458;-12.1254697809981;-1.41503772242396;-10.7191162224279;7.05980937755048
830;292;767;57;65;-13.2849736027345;-12.5918264221746;-10.9823885097405;-9.45633220624542;-2.50136150130829;-12.1863613140664;-1.4308300377322;-10.7861083690658;7.10281937017744
850;302;790;57;68;-13.3440658909221;-12.245453602254;-11.1468413135859;-9.47286488001424;-2.50920196909381;-12.6509187103622;-1.43817984120448;-10.8383879413427;7.07461477933746
871;305;806;58;68;-13.3841674850133;-12.2855551963451;-11.0815823920192;-9.64649786672989;-2.50781984911508;-12.6910203044533;-1.44726924037912;-10.8855343125323;7.14540789400019
891;314;827;59;68;-13.4356093900474;-12.3369971013793;-11.037714117249;-9.59667763970828;-2.51975758089104;-12.3369971013793;-1.44049237124945;-10.8971123929542;7.18039047963249
911;316;847;59;68;-13.4834013893041;-12.384789100636;-11.0855061165057;-9.61220037839622;-2.50661935608416;-12.384789100636;-1.45215247961056;-10.911601200975;7.23286800463145
932;321;861;59;70;-13.5161890088555;-12.4175767201874;-11.1182937360571;-9.64498799794757;-2.5108942767547;-12.4175767201874;-1.44929222747784;-10.9455095052942;7.21955664055828
953;327;885;59;71;-13.5711752900159;-12.4725630013477;-11.1732800172175;-9.61993157143443;-2.49242309729054;-12.4725630013477;-1.46875905739617;-10.9715182813052;7.22033655611329
974;330;902;59;71;-13.6092290401252;-12.5106167514571;-11.2113337673269;-9.65798532154382;-2.47522412804107;-12.5106167514571;-1.49427437396386;-10.9871161810213;7.2742041579929
995;335;914;60;72;-13.6356611429083;-12.5370488542402;-11.2377658701099;-9.68441742432687;-2.47998221377576;-12.5370488542402;-1.49739100619934;-11.0310753449187;7.30130685182646
1016;339;936;60;73;-13.6832309529552;-12.5846186642871;-11.2853356801568;-9.73198723437376;-2.46622136536384;-12.5846186642871;-1.50361522548737;-11.067529292958;7.38060110301206
1036;342;964;60;73;-13.7421825892211;-12.643570300553;-11.2572759394331;-9.71683089848594;-2.44450691344597;-12.643570300553;-1.52446303304152;-11.0879103853321;7.42938325285941
1057;346;980;60;73;-13.7751051433292;-12.6764928546611;-11.2901984935412;-9.71466213278282;-2.44875024944238;-12.6764928546611;-1.52568090541096;-11.0729250076123;7.34654505179951
1077;350;996;61;73;-13.8074945151692;-12.7088822265011;-11.3225878653812;-9.78214282443405;-2.45288505964612;-12.7088822265011;-1.54717992679135;-11.1203076701756;7.42365217091256
1098;355;1013;61;73;-13.8413430084974;-12.7427307198293;-11.3564363587094;-9.74699844627527;-2.44598560229271;-12.4550486473775;-1.54134295693583;-11.1062668696086;7.41140564457869
1119;367;1038;65;73;-13.8901021274517;-12.7914898387836;-11.5875170344576;-9.86475043671652;-2.45394972128735;-12.5038077663318;-1.54189210226322;-11.2111884044215;7.48252348446185
1139;371;1058;65;73;-13.9282712248365;-12.8296589361684;-11.4433645750485;-9.83392666261439;-2.43554846718378;-12.5419768637166;-1.55300447841986;-11.2189197825338;7.51621764553783
1159;379;1080;66;73;-13.9694326402365;-12.8708203515684;-11.4845259904485;-9.87508807801443;-2.43670454797012;-12.5831382791166;-1.54672558194504;-11.226487094152;7.47138363450324
1181;381;1090;66;73;-13.9878659504464;-12.8892536617783;-11.5029593006584;-9.86073156540129;-2.43737498759001;-12.6015715893265;-1.54903215136418;-11.232026736518;7.51330909569216
1202;385;1114;66;73;-14.0314248409745;-12.9328125523063;-11.5465181911865;-9.88829011458293;-2.42668621273178;-12.6451304798546;-1.56079418515155;-11.2516460637647;7.60114238058739
1223;387;1133;66;73;-14.065248522056;-12.9666362333879;-11.580341872268;-9.90636543869634;-2.42925622750914;-12.6789541609361;-1.57086275322853;-11.2725856642528;7.68183169791236
1244;393;1148;66;73;-14.091553153759;-12.9929408650909;-11.5266037962975;-9.9018984117326;-2.43586156782817;-12.7052587926391;-1.56754327410829;-11.2625345693173;7.68320301222707
1268;395;1178;66;73;-14.1431467284231;-13.044534439755;-11.5781973709615;-9.9384541090321;-2.42695394214342;-12.7568523673032;-1.58945350630253;-11.2848587475379;7.72335272458325
1288;401;1200;66;73;-14.1801536715522;-13.0815413828841;-11.5410963419369;-9.94604716695492;-2.41573823815357;-12.7938593104323;-1.60418782938126;-11.2888810191033;7.75425484706311
1308;405;1210;66;73;-14.1967512771816;-12.8104569160617;-11.4887010760794;-9.96264477258431;-2.42707728652949;-12.8104569160617;-1.6020003030834;-11.2793688585722;7.73440680913119
1330;409;1226;66;73;-14.2230242329923;-12.8367298718724;-11.5149740318901;-9.94635811397626;-2.42019416721721;-12.8367298718724;-1.60965815176395;-11.2773698798996;7.7476490255646
1350;415;1247;66;75;-14.2569918913601;-12.8706975302402;-11.5489416902579;-9.99431201431876;-2.42413742038827;-12.8706975302402;-1.61050857565905;-11.3302555451783;7.8167886268127
1370;422;1271;68;75;-14.2951185423789;-12.908824181259;-11.6560612127636;-10.0184524233629;-2.42093067198025;-12.908824181259;-1.61774935377641;-11.3833421224249;7.84333458351501
1390;426;1297;68;75;-14.3356183686329;-12.949324007513;-11.6275681675307;-10.0315532754287;-2.43173248175738;-12.949324007513;-1.63280583921896;-11.4019447968387;7.94549934104796
1410;431;1319;68;75;-14.3692583054346;-12.9829639443147;-11.6612081043324;-10.0517701918983;-2.42637026075585;-12.9829639443147;-1.62898438792609;-11.3767945952691;7.83664339396232
1430;432;1338;68;75;-14.3978624813763;-13.0115681202565;-11.6252737591366;-10.06712914109;-2.4214042782907;-13.0115681202565;-1.63216547651891;-11.3800139281448;7.85496827173352
1450;433;1352;68;75;-14.4186805132058;-13.0323861520859;-11.646091790966;-10.0366538785319;-2.42520720511418;-13.0323861520859;-1.63700625097074;-11.3869553921607;7.88624264322856
1470;435;1371;70;75;-14.4465913591246;-13.0602969980047;-11.7062718974536;-10.089882532435;-2.42889858497237;-13.0602969980047;-1.63712393593296;-11.4504309115789;7.97205274227535
1490;442;1387;71;76;-14.4697968406297;-13.0835024795098;-11.7617466395275;-10.1130880139401;-2.43607957958159;-13.0835024795098;-1.6380852743223;-11.482094901832;7.93585284724116
1510;446;1408;73;76;-14.499851073436;-13.1135567123161;-11.7918008723338;-10.1560456515823;-2.43944024033715;-13.1135567123161;-1.63790226239632;-11.538673516036;7.99613737441063
1530;450;1431;73;76;-14.5322575591129;-13.145963197993;-11.8242073580107;-10.1755487324233;-2.43873789982206;-13.145963197993;-1.64173040506044;-11.5433577820624;8.05201049785255
1550;452;1450;74;76;-14.5586376708292;-13.1723433097093;-11.850587469727;-10.2019288441396;-2.43112674684081;-13.1723433097093;-1.64534237063458;-11.5821952742152;8.11672376576478
1570;459;1468;75;76;-14.5833124183489;-13.197018057229;-11.8752622172467;-10.2266035916593;-2.43550468095072;-13.197018057229;-1.65503391505894;-11.6066876240002;8.16454201316018
1590;462;1487;75;76;-14.6090318929203;-13.2227375318004;-11.9009816918181;-10.2523230662307;-2.43879370039935;-13.2227375318004;-1.65836115986416;-11.6103249084251;8.17504779034959
1610;469;1510;75;77;-14.6397298596179;-13.253435498498;-11.9316796585157;-10.2702820071509;-2.44593730672958;-13.253435498498;-1.67992305947888;-11.631121643289;8.19233733205932
1630;471;1531;75;77;-14.6673527913154;-13.2810584301955;-11.9593025902132;-10.2853261566415;-2.44165400465002;-13.2810584301955;-1.69655676673603;-11.646755511902;8.25389657635818
1650;477;1558;75;78;-14.7023164528614;-13.3160220917415;-11.9942662517592;-10.3078672981889;-2.45103146450967;-13.3160220917415;-1.706339766641;-11.677668277264;8.33620918629795
1671;482;1578;75;81;-14.7278270028116;-13.3415326416917;-12.0887696731964;-10.3333778481392;-2.45878894783552;-13.3415326416917;-1.70304999376442;-11.7449074207223;8.39379334824765
1691;488;1599;75;82;-14.7542674256679;-13.367973064548;-12.0462172245657;-10.3234506268246;-2.47248452090326;-13.367973064548;-1.69949789883682;-11.7556826712945;8.42883158123015
1711;494;1621;75;86;-14.7815970434714;-13.3953026823515;-12.1425397138561;-10.3627564356748;-2.46925179835838;-13.3953026823515;-1.70211193994801;-11.8354257667285;8.46060652837052
1731;498;1640;75;86;-14.8049030416365;-13.4186086805166;-12.1658457120212;-10.3740862427932;-2.45904671483701;-13.1954651292024;-1.70891854777858;-11.8417777868574;8.49995073210029
1752;500;1658;75;86;-14.8267346713905;-13.4404403102706;-12.1186844702883;-10.3959178725472;-2.45717931095293;-13.2172967589564;-1.71184112382724;-11.8493629828553;8.55135024309681
1773;506;1683;77;86;-14.8566663883816;-13.4703720272617;-12.1486161872794;-10.4258495895383;-2.45499406511164;-13.2472284759475;-1.71460627163998;-11.8899893536856;8.54691830862928
1793;512;1704;79;88;-14.8814674147785;-13.7828551261104;-12.2424100851633;-10.4747481675143;-2.45757737676955;-13.4951730536586;-1.71578787587599;-11.9733941123683;8.58746088299534
1817;515;1728;79;88;-14.909439898728;-13.8108276100599;-12.2703825691127;-10.4786230998847;-2.45587846669496;-13.5231455376081;-1.72665897977041;-11.9896884557631;8.6634111536297
1838;517;1745;79;89;-14.9290196692731;-13.8304073806049;-12.2899623396578;-10.4982028704297;-2.45940268660435;-13.5427253081532;-1.73102947374573;-12.0150821389643;8.71083176205162
1858;526;1771;79;89;-14.9585992755657;-13.5723049144458;-12.2505490744635;-10.5042519793122;-2.46750559500536;-13.5723049144458;-1.73816408064575;-11.9973030374908;8.67192657353687
1878;527;1784;79;89;-14.9732266262799;-13.58693226516;-12.2651764251777;-10.4958898118017;-2.46241569600805;-13.58693226516;-1.74023284351102;-12.0031571813675;8.71293881619153
1899;530;1805;79;89;-14.996631741534;-13.6103373804141;-12.2885815404318;-10.5192949270558;-2.46789605465676;-13.6103373804141;-1.752994539484;-12.0099682023088;8.74173019670788
1919;536;1823;82;89;-15.0164775493573;-13.6301831882374;-12.3774202197421;-10.573826292867;-2.47310087038771;-13.6301831882374;-1.75060621119574;-12.0676888042394;8.70008603437665
1940;539;1840;82;89;-15.0350417012061;-13.6487473400862;-12.3269915001039;-10.5691335825515;-2.47437627794148;-13.6487473400862;-1.74791840719234;-12.0708775110902;8.74993634232305
1960;542;1858;82;89;-15.0545118387476;-13.6682174776277;-12.3464616376454;-10.588603720093;-2.47027676763724;-13.6682174776277;-1.75980653583171;-12.0797600925317;8.79915056330657
1981;545;1875;82;89;-15.072727876809;-13.6864335156891;-12.3646776757068;-10.5953910623308;-2.46630987342091;-13.6864335156891;-1.76316154271926;-12.0720929756948;8.75645195731767
2001;553;1898;82;90;-15.0971119583397;-13.7108175972199;-12.3245232361;-10.6085387159355;-2.47173704791339;-13.7108175972199;-1.77444631697218;-12.0788307740931;8.73507123358692
2022;558;1914;82;90;-15.1139011440258;-13.7276067829059;-12.341312421786;-10.5392433089566;-2.4700704651912;-13.7276067829059;-1.77159774112106;-12.0693782046554;8.70496827103294
2042;565;1938;82;91;-15.1388235849014;-13.7525292237815;-12.3662348626616;-10.5744753934336;-2.47454791417889;-13.7525292237815;-1.77880959430282;-12.0850875801173;8.73543492573737
2062;568;1957;83;91;-15.1583359347922;-13.7720415736723;-12.3857472125524;-10.6044590431916;-2.46558692572899;-13.7720415736723;-1.78505976530749;-12.1092724268653;8.7575679464008
2082;571;1972;84;91;-15.1736070703252;-13.7873127092053;-12.4010183480854;-10.6518184932761;-2.46090961209361;-13.7873127092053;-1.79154451510553;-12.1320630507517;8.77372153581366
2102;572;1996;84;91;-15.1978009137428;-13.8115065526229;-12.425212191503;-10.633452722275;-2.46115884241006;-13.8115065526229;-1.79745434635567;-12.1464438525978;8.83566781742709
2122;582;2020;86;94;-15.2217055807905;-13.8354112196706;-12.5136553796883;-10.7908887819472;-2.46381317179191;-13.8354112196706;-1.78904088579777;-12.2247601416059;8.82448820334665
2143;588;2040;88;96;-15.2414101736765;-13.8551158125566;-12.7565035238885;-10.8225695658799;-2.45397143104715;-13.8551158125566;-1.78494594058208;-12.2953408817168;8.8137031548804
2164;591;2063;88;96;-15.2638330261425;-13.8775386650226;-12.6247756965272;-10.8449924183459;-2.45062870944643;-13.8775386650226;-1.7969300410392;-12.2957817839975;8.81897007366548
2187;599;2087;88;101;-15.2869658141544;-13.9006714530345;-12.8020591643664;-10.8681252063578;-2.45033441187824;-13.9006714530345;-1.78722683749051;-12.3593612736751;8.75458040147939
2207;604;2111;88;101;-15.3098340956966;-13.9235397345768;-12.7849060920719;-10.8790172968533;-2.44905628602282;-13.9235397345768;-1.796001767701;-12.3697940998524;8.8223752598942
2228;609;2143;88;101;-15.3399239909472;-13.9536296298273;-12.7749746334856;-10.8855766946936;-2.45038083315921;-13.9536296298273;-1.80229436062667;-12.3777851525408;8.8634883225508
2249;613;2159;88;104;-15.3548008610296;-14.2561885723615;-12.7898515035681;-10.9121496045393;-2.4495194435609;-13.9685064999097;-1.79432191724363;-12.4178970745387;8.87083187817614
2269;616;2174;91;104;-15.3686481353623;-14.2700358466942;-12.8837414855743;-10.9866215006884;-2.45401274204742;-13.9823537742424;-1.79257185495824;-12.4785049947281;8.88121598258008
2290;619;2198;91;104;-15.3906062699271;-14.291993981259;-12.9056996201391;-11.0085796352533;-2.46510485044313;-14.0043119088072;-1.79556409473339;-12.4857871642519;8.92947136146805
2310;622;2219;91;104;-15.4096238458652;-14.3110115571971;-12.9247171960772;-10.9788070470219;-2.45795863929364;-14.0233294847453;-1.80263057640298;-12.4810313411531;8.90895994554172
2331;627;2237;91;104;-15.4257819229803;-14.3271696343121;-12.8608325655187;-10.9717051163195;-2.46249634373974;-14.0394875618604;-1.81608593420842;-12.4894292447154;8.95973357224117
2351;631;2252;91;104;-15.4391479785192;-14.3405356898511;-12.8741986210576;-10.961811164041;-2.46318935821015;-14.0528536173993;-1.81766158654538;-12.4907272269028;8.99292514900738
2371;638;2271;93;104;-15.4559510842111;-14.357338795543;-12.9710444344231;-11.0251342853678;-2.46796059624761;-14.0696567230912;-1.81020683111077;-12.518774940435;8.996378964347
2391;641;2292;93;104;-15.4743601556693;-14.0880657945494;-12.9094107982077;-10.9970233411911;-2.46732682496025;-14.0880657945494;-1.80908893680813;-12.5133979283367;8.98922636559579
2411;647;2315;94;106;-15.4943299330407;-14.3957176443726;-12.9293805755791;-11.1123032983668;-2.46513063995186;-14.1080355719208;-1.80424655288453;-12.5614135935379;9.00704420102236
2432;650;2328;94;106;-15.5055296177027;-14.4069173290345;-12.9405802602411;-11.0747128188593;-2.46461927534949;-14.1192352565828;-1.80647310389531;-12.5596590636022;9.00146774267151
2454;653;2348;94;106;-15.522638361896;-14.1363440007761;-12.8835810322807;-11.0918215630527;-2.46643188115939;-14.1363440007761;-1.81448698225242;-12.5609018107112;9.0118173724965
2474;655;2368;94;107;-15.5396019920078;-14.1533076308879;-12.9746526345463;-11.1087851931645;-2.46126365005345;-14.8464548114478;-1.81724015149154;-12.5772770473826;9.00836969386574
2495;659;2388;94;107;-15.556422949025;-14.1701285879051;-12.9173656194097;-11.0790861345468;-2.46306828518872;-14.863275768465;-1.82577988599048;-12.5845941341496;9.05800515673637
2517;660;2409;94;107;-15.5739340052297;-14.1876396441099;-12.9348766756145;-11.0965971907515;-2.4597560370694;-14.8807868246698;-1.82361925103262;-12.5896375147999;9.10743629726021
2537;665;2429;94;107;-15.5904698580043;-14.2041754968845;-12.9514125283891;-11.0906601876741;-2.45929342986816;-14.8973226774444;-1.8273416082406;-12.5900691403644;9.11464961653217
2557;670;2453;94;107;-15.610134088517;-14.2238397273971;-12.9710767589017;-11.0992745820001;-2.45860033381287;-14.916986907957;-1.83472391049939;-12.591351971643;9.13882344731529
2577;672;2471;94;107;-15.6247564119772;-14.2384620508573;-12.985699082362;-11.0708795203767;-2.46008478507694;-14.9316092314173;-1.83988652125945;-12.5905799557982;9.12549555693005
2597;677;2495;94;107;-15.6440880163712;-14.2577936552513;-12.936037815269;-11.0797398249034;-2.46197757856547;-14.9509408358113;-1.84427299137349;-12.5891393170846;9.13688511816565
2617;680;2515;94;107;-15.6600561650677;-14.2737618039478;-12.9520059639655;-11.0957079735998;-2.46236270544758;-14.2737618039478;-1.84777782509657;-12.5887089234635;9.148337236458
2637;683;2531;94;107;-15.6727395210902;-14.2864451599704;-12.964689319988;-11.1083913296224;-2.45439709671403;-14.2864451599704;-1.85186537292712;-12.5931744415533;9.17127564029201
2657;687;2553;96;107;-15.690048834483;-14.3037544733631;-12.9819986333808;-11.1361719428824;-2.4534553924218;-14.3037544733631;-1.85506021169114;-12.6342973462576;9.17274741969763
2678;690;2574;96;107;-15.7064327763121;-14.3201384151923;-12.9983825752099;-11.1420845848443;-2.44924833826271;-14.3201384151923;-1.87127548555555;-12.6422199895218;9.21968784357303
2698;692;2590;96;107;-15.7188263093872;-14.3325319482673;-13.010776108285;-11.1237064592526;-2.44664734941181;-14.3325319482673;-1.87750279104678;-12.6440477166629;9.21889678266699
2718;698;2610;96;107;-15.7342110006335;-14.3479166395136;-13.0261607995313;-11.1290408146454;-2.45540471542209;-14.3479166395136;-1.88567871125522;-12.645661534571;9.25989650817695
2738;702;2633;97;107;-15.7517583189926;-14.3654639578727;-13.0437081178904;-11.1465881330045;-2.46099484013538;-14.3654639578727;-1.89448412998695;-12.6658431432973;9.28866699777801
2758;704;2654;98;107;-15.7676464297843;-14.3813520686644;-13.0595962286821;-11.1624762437962;-2.45278346788547;-14.3813520686644;-1.89725477131302;-12.6868170841173;9.28187926288118
2780;708;2668;98;107;-15.778168814071;-14.3918744529511;-13.0701186129688;-11.1531960007868;-2.44955253258104;-14.3918744529511;-1.89968815179207;-12.6866801546403;9.30007843683447
2802;709;2681;98;107;-15.7878902764719;-14.401595915352;-13.0798400753697;-11.1434993773305;-2.44761139018245;-14.401595915352;-1.90186999801803;-12.6897554831194;9.3157954908923
2822;713;2696;98;107;-15.7990489440644;-14.4127545829445;-13.0264602218246;-11.154658044923;-2.44836026383908;-14.4127545829445;-1.89779748248679;-12.6790646456491;9.28673644908216
2842;716;2713;98;109;-15.8116206253179;-14.425326264198;-13.1035704242157;-11.1866478120336;-2.44742227469854;-14.425326264198;-1.89686762902166;-12.7089423103351;9.27668504753654
2862;725;2738;99;109;-15.8299660116968;-14.4436716505769;-13.057377289457;-11.2247958257087;-2.45665716295669;-14.4436716505769;-1.89671241887615;-12.7183980438517;9.26606177418002
2882;728;2754;101;109;-15.8416193585772;-14.4553249974573;-13.133569157475;-11.2566518799066;-2.45416313498029;-14.4553249974573;-1.89660714146904;-12.7527938148119;9.2515181205877
2906;732;2773;101;109;-15.8553700912316;-14.4690757301117;-13.0827813689918;-11.260250241097;-2.45427558178565;-14.4690757301117;-1.89056491073835;-12.7406312845929;9.22273012612843
2926;733;2790;101;109;-15.8675937496308;-14.4812993885109;-13.095005027391;-11.2426209363466;-2.45177450028133;-14.4812993885109;-1.89008084557501;-12.7406090949665;9.22576532795889
2946;738;2809;102;109;-15.8811676542085;-14.4948732930886;-13.1085789319687;-11.2860478040739;-2.45532021600993;-14.4948732930886;-1.89126270993991;-12.7607404606125;9.25492306700137
2966;741;2825;103;109;-15.8925272871611;-14.5062329260412;-13.1199385649213;-11.2974074370265;-2.46014712432754;-14.5062329260412;-1.88741589739452;-12.7716425248958;9.23367941439639
2986;745;2845;104;109;-15.9066366931209;-14.520342332001;-13.1340479708811;-11.3014665071328;-2.45826997295047;-14.520342332001;-1.88980783125624;-12.7870482015246;9.22488107728635
3006;746;2859;104;110;-15.9164543846446;-14.5301600235247;-13.1438656624048;-11.3314869059741;-2.45862499097474;-14.5301600235247;-1.88945755823333;-12.8014550921322;9.22114501023409
3026;750;2885;106;110;-15.9345603578844;-14.5482659967645;-13.1619716356446;-11.3702121664166;-2.45121890829211;-14.5482659967645;-1.88373897105548;-12.8255539970082;9.20534031369057
3047;754;2906;106;111;-15.9490656882605;-14.5627713271406;-13.1764769660207;-11.3847174967926;-2.4530925734185;-14.5627713271406;-1.88762204438903;-12.8415552023076;9.22547131301754
3067;756;2934;106;111;-15.9682439174059;-14.581949556286;-13.1956551951661;-11.403895725938;-2.44502604445104;-14.581949556286;-1.89635079588247;-12.849000214918;9.23563798387269
3089;761;2953;106;111;-15.9811537634878;-14.594859402368;-13.2085650412481;-11.3561809502036;-2.44661716111862;-14.594859402368;-1.90221642879912;-12.8477171819435;9.22913510145943
3109;763;2971;106;111;-15.9933077509252;-14.6070133898053;-13.2207190286854;-11.3683349376409;-2.45183280337887;-14.6070133898053;-1.90266099186518;-12.8491949049128;9.25624562011169
3130;765;2991;106;111;-16.0067261172599;-14.62043175614;-13.2341373950201;-11.3623352181185;-2.45119945908037;-14.62043175614;-1.90568780572326;-12.8557428875652;9.29057744951617
3150;772;3017;106;111;-16.0240364783181;-14.6377421171982;-13.2514477560783;-11.3700761281606;-2.45528872301677;-14.6377421171982;-1.90809767658055;-12.8471331434385;9.27155280671547
3170;777;3035;107;111;-16.0359334069872;-14.6496390458673;-13.2633446847474;-11.3819730568297;-2.45931983668325;-14.6496390458673;-1.91960961882674;-12.8601430739843;9.26154045049479
3190;782;3058;107;111;-16.051032772978;-14.6647384118581;-13.2784440507382;-11.3970724228205;-2.45990653576408;-14.6647384118581;-1.92737229539712;-12.8639706180514;9.29049488410659
3210;785;3090;107;111;-16.0718527397836;-14.6855583786637;-13.2992640175438;-11.3533538684885;-2.46235333439322;-14.6855583786637;-1.93040957822712;-12.8673954368462;9.30202645284342
3231;786;3104;107;112;-16.0808937626062;-14.6945994014863;-13.3083050403664;-11.398762535482;-2.45883204062112;-14.6945994014863;-1.92884668437268;-12.8849147999488;9.33548412896236
3251;789;3113;107;112;-16.0866843408832;-14.7003899797633;-13.253470996827;-11.404553113759;-2.45907568089495;-14.7003899797633;-1.93269071223748;-12.886452750908;9.35480706378754
3271;790;3134;107;112;-16.1001308458319;-14.713836484712;-13.2669175017757;-11.3816319745368;-2.45827867848325;-14.713836484712;-1.93606421293268;-12.8884610896362;9.34496543394994
3291;795;3158;107;112;-16.1153883896312;-14.7290940285113;-13.282175045575;-11.3968895183361;-2.45948336217712;-14.7290940285113;-1.93936336812626;-12.8875775947842;9.35049770174075
3316;801;3182;107;112;-16.1305304177955;-14.7442360566756;-13.2401586598993;-11.4075870727917;-2.45959255534537;-14.7442360566756;-1.95855803860149;-12.8890807090338;9.3601855054417
3336;803;3199;107;112;-16.141187079899;-14.7548927187791;-13.2508153220029;-11.4137992611867;-2.45738101293219;-14.7548927187791;-1.96410339371106;-12.8945738438161;9.38180816426265
3356;807;3220;107;113;-16.1542732770769;-14.767978915957;-13.2639015191807;-11.4268854583646;-2.45573708183313;-14.767978915957;-1.96287679345369;-12.9108511872558;9.42325726284361
3376;810;3249;107;113;-16.1722050713382;-14.7859107102183;-13.281833313442;-11.4360066229437;-2.4524127764329;-14.7859107102183;-1.96477000007708;-12.9165304591027;9.46471339822902
3396;814;3271;107;115;-16.1857020550768;-14.7994076939569;-13.2953302971806;-11.4495036066823;-2.45592369260374;-14.7994076939569;-1.96142451286868;-12.9496904308777;9.5162808810051
3416;818;3291;107;115;-16.1978934978867;-14.8115991367668;-13.3075217399905;-11.4357195630889;-2.45428718821408;-14.8115991367668;-1.9623734493326;-12.9412786650115;9.47290321787326
3436;823;3313;107;117;-16.2112188045998;-14.8249244434799;-13.3208470467036;-11.4927199333047;-2.45813273724444;-14.8249244434799;-1.96556548539847;-12.9757067690472;9.52981571241373
3457;829;3332;108;118;-16.2226560065735;-14.8363616454536;-13.3322842486773;-11.5405247794492;-2.45881565612484;-14.8363616454536;-1.96891503410759;-13.0032694817133;9.53545964048759
3479;834;3353;108;118;-16.2352214929325;-14.8489271318126;-13.3448497350363;-11.499023044538;-2.46199649998543;-14.8489271318126;-1.96616639138888;-13.0018206171664;9.5800178384099
3499;842;3371;109;120;-16.2459294304681;-14.8596350693482;-13.355557672572;-11.5637982033439;-2.46347526418649;-14.8596350693482;-1.96112486998361;-13.0382833250657;9.59079450364344
3521;843;3390;109;120;-16.257170400749;-14.8708760396291;-13.3667986428528;-11.5566900349566;-2.46346383146921;-14.8708760396291;-1.96325473004572;-13.0455550720725;9.62362935368336
3541;844;3413;109;120;-16.2706938978134;-14.8843995366935;-13.3803221399172;-11.5521950265183;-2.46332640479161;-14.8843995366935;-1.96649044796574;-13.0531872005291;9.66197382328181
3561;845;3439;109;120;-16.2858720208645;-14.8995776597446;-13.3955002629684;-11.54967357247;-2.45928107772975;-14.8995776597446;-1.96737528746839;-13.0531717879773;9.66289100505836
3581;848;3460;109;120;-16.2980477361035;-14.9117533749836;-13.4076759782074;-11.561849287709;-2.45458160212593;-14.9117533749836;-1.97438311982844;-13.0604666517164;9.69607523364439
3602;852;3478;111;120;-16.3084253898285;-14.9221310287086;-13.4180536319323;-11.5899265185334;-2.4561943570882;-14.9221310287086;-1.9711421464235;-13.0886808110832;9.66617942226393
3622;856;3497;111;120;-16.3193214741268;-14.9330271130069;-13.4289497162306;-11.5831230257323;-2.45533699246798;-14.9330271130069;-1.97231480650443;-13.0856517944265;9.66710945063679
3642;865;3521;111;123;-16.3330006383101;-14.9467062771902;-13.4426288804139;-11.6325202725177;-2.45558157717554;-14.9467062771902;-1.96824906761305;-13.1158431392311;9.64922054658989
3662;869;3543;111;123;-16.3454582097309;-14.9591638486111;-13.4550864518348;-11.6449778439385;-2.45221098557951;-14.9591638486111;-1.97263050368075;-13.1166828848437;9.65534627364864
3682;874;3566;111;123;-16.3583995968462;-14.9721052357263;-13.46802783895;-11.6399007255511;-2.45130762045758;-14.9721052357263;-1.97755193464863;-13.1199374961677;9.69376984756279
3702;877;3587;111;123;-16.3701429550646;-14.9838485939447;-13.4797711971684;-11.6516440837695;-2.45369806254574;-14.9838485939447;-1.98305077191325;-13.1274705861822;9.72456516148686
3723;882;3612;111;123;-16.3840338290738;-14.9977394679539;-13.4936620711776;-11.6304436379674;-2.45413800132735;-14.9977394679539;-1.98751843983147;-13.1256426671762;9.73179299548208
3744;882;3636;111;123;-16.3972789105947;-15.0109845494748;-13.5069071526986;-11.6265942861291;-2.4509155442117;-15.0109845494748;-1.99331246726188;-13.1364859088564;9.76199753669155
3765;887;3650;115;123;-16.4049648931531;-15.0186705320332;-13.5717515490969;-11.7228336660289;-2.45290450264101;-15.0186705320332;-1.98781024062024;-13.1970489948717;9.76213936904165
3785;891;3669;117;125;-16.4153488487106;-15.0290544875907;-13.6427601264708;-11.7903760354263;-2.45474623089312;-15.0290544875907;-1.98427002216535;-13.2549756538594;9.76860239786763
3805;896;3695;117;127;-16.4294716667646;-15.0431773056447;-13.6568829445248;-11.8044988534803;-2.45391242785577;-15.0431773056447;-1.98352425487771;-13.2808433372399;9.76622391207242
3825;899;3716;117;127;-16.4408061998675;-15.0545118387476;-13.6682174776277;-11.8158333865832;-2.45642920055101;-15.0545118387476;-1.98856221133767;-13.2857567584412;9.80191194772362
3846;900;3730;117;127;-16.4483270252757;-15.0620326641558;-13.6757383030359;-11.8039361261343;-2.45532321470747;-15.0620326641558;-1.98956145790765;-13.2882234601521;9.81952336282854
3866;903;3754;117;127;-16.4611544342929;-15.074860073173;-13.6885657120531;-11.8167635351515;-2.45800647371244;-15.074860073173;-1.99306507661828;-13.2905401969473;9.83065364364457
3886;907;3774;117;127;-16.471781451857;-15.0854870907371;-13.6991927296172;-11.8178211016995;-2.45891048958544;-15.0854870907371;-1.99523221830549;-13.2922714919779;9.86392512368892
3907;909;3789;117;127;-16.4797148220372;-15.0934204609173;-13.7071260997974;-11.8257544718797;-2.45972990263784;-15.0934204609173;-1.99870221299483;-13.2928667110894;9.85629859675523
3931;913;3802;117;129;-16.4865650460968;-15.1002706849769;-13.713976323857;-11.8421741469554;-2.45731501689356;-15.1002706849769;-1.99588799560848;-13.3148405430429;9.86447934712356
3952;920;3821;117;129;-16.4965348948938;-15.1102405337739;-13.723946172654;-11.8425745447363;-2.46436174171501;-15.1102405337739;-1.9993972586695;-13.3164749736959;9.90042826670407
3973;924;3839;117;132;-16.5059343900016;-15.1196400288817;-13.7333456677618;-11.8809615767173;-2.46476265261009;-15.1196400288817;-1.9972931516135;-13.3578465062242;9.92959192632076
3993;927;3862;117;134;-16.5178809259769;-15.131586564857;-13.7452922037371;-11.9227610758423;-2.4638693486174;-15.131586564857;-1.9951945505433;-13.3841368343999;9.95560798354138
4000;929;3866;119;134;-16.5199513195366;-15.1336569584167;-13.7473625972968;-11.9556031280687;-2.46536087095971;-15.1336569584167;-1.99280897879246;-13.4136434506446;9.94602792730365
4020;931;3879;119;134;-16.5266653348799;-15.14037097376;-13.7540766126402;-11.9416978562094;-2.47034028049089;-15.14037097376;-1.99088914799778;-13.4064608001395;9.91696267756371
4040;932;3894;119;134;-16.5343843718643;-15.1480900107444;-13.7617956496245;-11.9494168931937;-2.46958153990676;-15.1480900107444;-1.99850599937795;-13.4126605041933;9.93533136454718
4060;937;3914;120;134;-16.544630295912;-15.1583359347922;-13.7720415736723;-11.9802821044442;-2.47175255349835;-15.1583359347922;-1.99731738874008;-13.4285298216633;9.96381627947521
4080;941;3934;121;134;-16.554823997898;-15.1685296367781;-13.7822352756582;-11.9904758064302;-2.47525061883066;-15.1685296367781;-1.99384044821519;-13.4392366372046;9.95849343234054
4100;943;3946;121;134;-16.5609153731651;-15.1746210120452;-13.7883266509253;-11.9965671816973;-2.475030410048;-15.1746210120452;-1.99344736364629;-13.4365580477062;9.96194263876233
4120;946;3964;121;134;-16.5700177908998;-15.1837234297799;-13.79742906866;-11.9850503122292;-2.47578291160715;-15.1837234297799;-1.99266222440965;-13.4363122272308;9.98839934801765
4140;950;3985;121;134;-16.5805851824486;-15.1942908213287;-13.8079964602088;-11.985465332314;-2.47327553857489;-15.1942908213287;-1.99293883007416;-13.4365830551371;10.0006746234206
4161;951;4004;121;134;-16.5900982808702;-15.2038039197503;-13.8175095586304;-11.9949784307356;-2.47620683740746;-15.2038039197503;-1.99782484080876;-13.4438312634739;10.0254618577053
4181;954;4027;121;134;-16.6015539217029;-15.215259560583;-13.8289651994631;-11.9864334048616;-2.48374857891901;-15.215259560583;-2.00256611082213;-13.4451551313998;10.0281677196134
4201;958;4049;121;134;-16.6124504320643;-15.2261560709444;-13.8398617098245;-11.9874776187801;-2.48379621650041;-15.2261560709444;-2.01185774889335;-13.4467416665011;10.0431667348618
4221;961;4083;121;134;-16.6291745826392;-15.2428802215193;-13.8565858603994;-11.9847836834978;-2.48380647407519;-15.2428802215193;-2.01440790859313;-13.4539546873155;10.0870295900423
4242;966;4110;123;135;-16.6423566149806;-15.2560622538607;-13.8697678927408;-11.9979657158392;-2.48410210024084;-15.9492094344206;-2.01071339700893;-13.491794029984;10.0801995933896
4262;969;4131;123;135;-16.6525495747935;-15.2662552136736;-13.8799608525537;-12.0081586756522;-2.48550084353568;-15.9594023942336;-2.01779633397974;-13.495246479633;10.1029888968416
4282;971;4154;124;135;-16.6636540088721;-15.2773596477522;-13.8910652866323;-12.0386811955878;-2.49205698008545;-15.9705068283122;-2.01425741400427;-13.5119535127879;10.1356995084719
4302;977;4182;124;138;-16.6770897599772;-15.2907953988573;-13.9045010377374;-12.0719195739891;-2.49826196701365;-15.9839425794172;-2.01482506084276;-13.548755278752;10.1451981532452
4324;977;4194;124;138;-16.6828204229237;-15.2965260618038;-13.9102317006839;-12.0776502369356;-2.50023221725609;-15.9896732423638;-2.01560757546892;-13.5526097251177;10.1643107217103
4344;983;4219;124;141;-16.6947068242487;-15.3084124631288;-13.9221181020089;-12.0895366382606;-2.50278928577625;-16.0015596436887;-2.01308492310537;-13.5909040903211;10.1988439735661
4365;986;4236;127;141;-16.7027494134426;-15.3164550523227;-13.9946992123404;-12.1594546311726;-2.50602545717245;-16.0096022328826;-2.01128107106077;-13.6348268433093;10.1918015794342
4385;988;4257;127;141;-16.7126399316563;-15.3263455705364;-13.9400512094165;-12.1482917401885;-2.50686589372857;-16.0194927510964;-2.0097901205177;-13.6348377568908;10.2103680138271
4405;994;4281;130;141;-16.7238838122899;-15.33758945117;-14.0158336111877;-12.2240741419596;-2.50519609491041;-16.0307366317299;-2.00576246767787;-13.6756940935534;10.2134282693027
4429;996;4300;130;142;-16.7327406033633;-15.3464462422434;-14.0246904022611;-12.232930933033;-2.49891979056219;-16.0395934228034;-2.00803643864351;-13.6840636878313;10.1911935621782
4449;999;4322;130;142;-16.7429470741337;-15.3566527130138;-14.0348968730315;-12.2320875676168;-2.4994104968269;-16.0497998935737;-2.00759808482958;-13.6828342372901;10.2008397271638
4470;1003;4356;130;142;-16.7586189681057;-15.3723246069858;-14.0505687670035;-12.1942707766379;-2.50209470747768;-16.0654717875458;-2.00896125732816;-13.6872609197056;10.2413758789869
4490;1008;4376;131;142;-16.7677806882036;-15.3814863270837;-14.0597304871014;-12.2459921111546;-2.5046360951319;-16.0746335076437;-2.01112094586849;-13.6975341142579;10.2346834413472
4500;1008;4390;131;142;-16.7741690121384;-15.3878746510185;-14.0661188110362;-12.2523804350894;-2.50371008880775;-16.0810218315785;-2.01280270648553;-13.7025075950598;10.2515949144823
4521;1010;4416;131;142;-16.7859791759139;-15.399684814794;-14.0779289748117;-12.2533796827606;-2.50373031408082;-16.0928319953539;-2.01618947035038;-13.7071260437494;10.2776026071562
4541;1016;4431;131;142;-16.792761142399;-15.4064667812791;-14.0847109412968;-12.2284129509311;-2.50479995154592;-16.099613961839;-2.01744720908491;-13.7039960082802;10.2954959084875
4561;1018;4456;132;142;-16.8040135632142;-15.4177192020943;-14.095963362112;-12.2396653717464;-2.50476105538445;-16.1108663826543;-2.02079736638337;-13.7223796137186;10.3153651396663
4582;1022;4477;134;142;-16.8134169164819;-15.7148046278138;-14.1053667153797;-12.2701221342119;-2.50566740162745;-16.120269735922;-2.02259643401562;-13.7523431272992;10.3143349444394
4602;1026;4496;135;142;-16.8218867831471;-15.7232744944789;-14.1138365820448;-12.2892872899938;-2.50698371104326;-16.1287396025871;-2.02034378227201;-13.7635733609751;10.3203988857524
4622;1033;4521;135;142;-16.8329769745892;-15.7343646859211;-14.124926773487;-12.2896821923192;-2.50774219918427;-16.1398297940293;-2.02445800655834;-13.7618434236744;10.3317246279699
4642;1037;4537;135;142;-16.8400425593279;-15.7414302706598;-14.1319923582257;-12.2967477770579;-2.50911891610796;-16.146895378768;-2.03019674146327;-13.7627268750017;10.3430383005233
4662;1042;4553;135;142;-16.8470832706696;-15.4607889095497;-14.0744945484298;-12.293206379069;-2.5095840283936;-16.1539360901096;-2.03187214829037;-13.7546364255608;10.3083767033021
4682;1047;4577;135;143;-16.8575980813073;-15.4713037201874;-14.0850093590675;-12.2932498898394;-2.51206239529944;-16.1644509007473;-2.03041352342645;-13.7617403426006;10.3008443849961
4706;1050;4599;135;143;-16.8671883350798;-15.48089397396;-14.0945996128401;-12.2720684849453;-2.51414050720917;-16.1740411545199;-2.03789923818932;-13.7683712553467;10.3322668567782
4729;1055;4618;135;144;-16.8754339798289;-15.489139618709;-14.1028452575891;-12.2803141296943;-2.51449986895002;-16.1822867992689;-2.03678208506727;-13.7776307368862;10.3309229021395
4749;1059;4638;136;144;-16.884077035631;-15.4977826745111;-14.1114883133912;-12.3197288441631;-2.52049131300079;-16.190929855071;-2.0359355282756;-13.7892354418414;10.341191326448
4769;1060;4654;136;144;-16.8909646877245;-15.5046703266046;-14.1183759654847;-12.3059972090539;-2.52208639172854;-16.1978175071645;-2.04155637771948;-13.7943736235813;10.3623854623113
4789;1064;4682;136;144;-16.9029612961017;-15.5166669349818;-14.1303725738619;-12.3078414459671;-2.51556764507053;-16.2098141155418;-2.0453460163326;-13.7951942075174;10.359734455656
4809;1069;4700;136;144;-16.9106355753963;-15.5243412142764;-14.1380468531565;-12.3054653894082;-2.51801065505302;-16.2174883948364;-2.05131181037124;-13.7982584807352;10.3880339508654
4829;1072;4723;136;145;-16.9203989397922;-15.5341045786723;-14.1478102175525;-12.3303552753897;-2.51649079246709;-16.2272517592323;-2.05331424300309;-13.8144183308844;10.413816320869
4849;1073;4736;136;145;-16.9258963531277;-15.5396019920078;-14.1533076308879;-12.3358526887251;-2.51746897868738;-16.2327491725677;-2.05526050732571;-13.818478066997;10.4294282477614
4870;1074;4747;136;145;-16.9305362371026;-15.5442418759827;-14.1579475148629;-12.3404925727001;-2.51875235028068;-16.2373890565427;-2.05847782316393;-13.8216503099521;10.4440874505992
4891;1082;4773;136;147;-16.9414606340118;-15.5551662728919;-14.168871911772;-12.3564931553412;-2.52193142114657;-16.2483134534518;-2.05937521554448;-13.8446511110983;10.4689690509573
4911;1085;4796;136;147;-16.9510750322948;-15.5647806711749;-14.178486310055;-12.3661075536242;-2.52154762611844;-16.2579278517349;-2.06035934147316;-13.8436722051143;10.4755192361559
4934;1089;4826;136;147;-16.96354649237;-15.5772521312501;-14.1909577701302;-12.3684266422354;-2.5249250266294;-16.27039931181;-2.06446317461863;-13.8436012520054;10.4999039128536
4954;1091;4843;136;147;-16.9705792848065;-15.5842849236866;-14.1979905625667;-12.3456064715222;-2.52478626900226;-16.2774321042465;-2.06609574739948;-13.843358092984;10.4895398989259
4975;1094;4865;137;147;-16.9796439892402;-15.5933496281203;-14.2070552670004;-12.3744738032521;-2.52717360677343;-16.2864968086803;-2.06752013927099;-13.8558165458517;10.475551119809
4996;1099;4888;137;148;-16.9890770017029;-15.602782640583;-14.2164882794631;-12.3641041884186;-2.52855124399827;-16.2959298211429;-2.06755029805488;-13.8610839911922;10.435496332671
5000;1099;4890;137;148;-16.9898951649378;-15.6036008038179;-14.2173064426981;-12.3649223516536;-2.52843700623329;-16.2967479843779;-2.06790832074867;-13.8618021729657;10.4370960383976
5020;1101;4913;137;148;-16.9992800643373;-15.6129857032174;-14.2266913420975;-12.374307251053;-2.52914748092295;-16.3061328837774;-2.072125171571;-13.8684619612544;10.4671418167575
5040;1101;4929;137;148;-17.0057828134108;-15.6194884522909;-14.233194091171;-12.3808100001265;-2.5274755253989;-16.3126356328508;-2.07541759123251;-13.8740752391781;10.4800488266266
5060;1104;4944;137;148;-17.0118599982751;-15.6255656371552;-14.1786466542188;-12.3868871849908;-2.52809451726893;-16.3187128177151;-2.07725795588494;-13.8757476532024;10.4983935148995
5081;1108;4960;137;150;-17.0183220394379;-15.6320276783181;-14.2457333171982;-12.4232021893034;-2.52689642478641;-16.325174858878;-2.07678346200108;-13.9007451403104;10.5145990971751
5102;1109;4979;137;150;-17.0259686932844;-15.6396743321645;-14.2533799710446;-12.4308488431498;-2.52626895813313;-16.3328215127244;-2.0791173160299;-13.9056457420718;10.5366495200173
5122;1110;4995;137;150;-17.0323853821653;-15.6460910210454;-14.2597966599255;-12.4372655320307;-2.5232637512558;-16.3392382016054;-2.08111223343297;-13.9097408962768;10.5535919055081
5143;1116;5013;141;150;-17.039579634527;-15.9409673458589;-14.2669909122872;-12.4857027429265;-2.52591047417987;-16.3464324539671;-2.07858878735895;-13.958455521654;10.5350682158487
5165;1120;5030;141;150;-17.0463505261876;-15.9477382375195;-14.2737618039478;-12.4820023347197;-2.52667866640025;-16.3532033456276;-2.08015212454661;-13.9521031433227;10.5250692600783
5186;1123;5055;141;150;-17.0562662629091;-15.957653974241;-14.2836775406694;-12.4712987842386;-2.52292420451186;-16.3631190823492;-2.0852899748621;-13.9564461164714;10.5560123788602
5206;1126;5072;142;150;-17.0629809922341;-15.964368703566;-14.2903922699943;-12.4780135135636;-2.52783956313093;-16.3698338116742;-2.0852769575613;-13.9692641298804;10.5593591081703
5226;1131;5098;145;150;-17.0732071698721;-15.974594881204;-14.3651569687699;-12.5406076767189;-2.53123168338578;-16.3800599893122;-2.08228996266071;-14.0001816141408;10.5201450982395
5246;1132;5120;145;150;-17.0818194360671;-15.983207147399;-14.3737692349649;-12.5492199429139;-2.52865402349165;-16.3886722555072;-2.08567860313991;-14.0046113313156;10.530736085118
5266;1136;5143;145;151;-17.0907836915498;-15.9921714028817;-14.3827334904476;-12.579924185033;-2.53066317300156;-16.3976365109899;-2.08774622468925;-14.0187301984247;10.5550203142066
5286;1142;5165;145;151;-17.0993207631075;-16.0007084744394;-14.3912705620053;-12.5667212699542;-2.52925753125577;-16.4061735825475;-2.08899207728735;-14.0140667933076;10.5465284221109
5306;1147;5183;146;151;-17.1062786363794;-16.0076663477113;-14.3982284352772;-12.5954191298626;-2.52905798545407;-16.4131314558195;-2.08820937345659;-14.0272243067406;10.560092963477
5327;1149;5202;146;151;-17.1135968920172;-16.0149846033491;-14.405546690915;-12.5597200004167;-2.52968373276738;-16.4204497114572;-2.08984415648481;-14.0293535799955;10.5863762637099
5347;1151;5224;146;151;-17.1220373419125;-16.0234250532444;-14.4139871408103;-12.5576891504447;-2.52821618281886;-16.4288901613526;-2.09332143106572;-14.0305312604111;10.589451628585
5368;1152;5241;146;152;-17.1285351976043;-16.0299229089362;-14.4204849965021;-12.6067466205553;-2.52389296122477;-16.4353880170444;-2.09527201464279;-14.0463675301968;10.60133564548
5389;1157;5268;146;152;-17.1388121257263;-16.0401998370582;-14.4307619246241;-12.5744639342585;-2.52436206478626;-16.4456649451664;-2.09860714677536;-14.0452759154592;10.5995931062525
5409;1160;5286;146;153;-17.1456341903285;-16.0470219016604;-14.4375839892263;-12.5812859988606;-2.52504606508979;-16.4524870097685;-2.0971031272606;-14.0553427742537;10.6087360759962
5429;1161;5303;146;153;-17.1520559542743;-16.0534436656061;-14.444005753172;-12.5877077628064;-2.5219950739255;-16.4589087737143;-2.09989584006946;-14.0599073198676;10.6250300603979
5449;1166;5321;146;153;-17.1588330691927;-16.0602207805246;-14.4507828680905;-12.5944848777249;-2.52516778805491;-16.4656858886328;-2.10402812394868;-14.0590467540155;10.6459006319665
5472;1168;5343;146;153;-17.1670851439155;-16.0684728552474;-14.4590349428133;-12.571965293781;-2.52708691103263;-16.4739379633556;-2.10579825296735;-14.0639938770084;10.6736159861975
5492;1171;5362;146;153;-17.1741846375918;-15.7878902764719;-14.4661344364896;-12.5790647874572;-2.53000218193505;-16.4810374570319;-2.10337775137097;-14.0551314163578;10.6285021750175
5500;1172;5372;146;153;-17.1779111152863;-15.7916167541664;-14.469860914184;-12.5827912651517;-2.53023083811323;-16.4847639347263;-2.10394922684954;-14.0574374188298;10.6421248596673
5520;1176;5390;147;153;-17.1846013278061;-15.7983069666862;-14.4765511267039;-12.5894814776715;-2.52757530963926;-16.4914541472461;-2.10285919729135;-14.0695975359958;10.6522926876374
5540;1180;5405;150;153;-17.1901594601466;-16.0915471714785;-14.5511021305314;-12.6903497898164;-2.52526621655435;-16.4970122795867;-2.10225755126243;-14.1053792680302;10.6305307922743
5560;1181;5427;151;153;-17.1982835481268;-16.0996712594587;-14.5592262185116;-12.6984738777965;-2.52295187411004;-16.5051363675669;-2.103159738523;-14.1204531124863;10.6343119560926
5580;1185;5450;151;153;-17.2067417753146;-16.1081294866465;-14.5676844456993;-12.7069321049843;-2.51919586733094;-16.5135945947546;-2.10380902238255;-14.1177858419714;10.6244962369705
5600;1188;5474;151;153;-17.2155297792012;-15.8292354180814;-14.576472449586;-12.6937412021522;-2.51840855089523;-16.5223825986413;-2.10456108798636;-14.1174585092678;10.6310238533351
5622;1188;5492;151;153;-17.2220955337757;-15.8358011726558;-14.5830382041605;-12.6577473423079;-2.52122820327409;-16.5289483532158;-2.10568021656058;-14.1177304500557;10.6256551585998
5643;1189;5511;151;153;-17.2290027477665;-15.8427083866466;-14.5899454181512;-12.6646545562986;-2.52117821680283;-16.5358555672065;-2.10623562478199;-14.119832497501;10.6389387848011
5663;1190;5529;151;153;-17.2355244926759;-15.849230131556;-14.5964671630606;-12.6505570140053;-2.52241806792879;-16.5423773121159;-2.1074193982797;-14.1240755360128;10.6635667755098
5683;1193;5556;151;153;-17.2452674077485;-15.8589730466286;-14.6062100781332;-12.6602999290779;-2.51909955596735;-16.5521202271885;-2.11019488124558;-14.1298369814363;10.6982958022728
5703;1197;5582;151;153;-17.2546048281925;-15.8683104670726;-14.5465546270903;-12.6594849780579;-2.52140771297177;-16.5614576476326;-2.11658777872197;-14.1311184644165;10.6996513917796
7000;1337;6893;153;153;-17.6765233657713;-16.2902290046514;-14.585480912413;-12.7136787355114;-2.51030935555796;-15.8847638965432;-2.22583522138662;-14.2440590540372;11.4268693717985
8000;1432;7933;153;153;-17.957573106604;-16.165813637376;-14.6994765685825;-12.7646162557138;-2.51309577186931;-16.165813637376;-2.31297646662679;-14.325770097159;12.0295276751803
8500;1487;8459;153;153;-18.085972484608;-16.29421301538;-14.6847751029459;-12.782667576549;-2.5188358002221;-16.29421301538;-2.36104120695261;-14.3535271121143;12.2694120216049
9000;1543;8967;153;153;-18.2026129019041;-16.2567027528488;-14.7061053404376;-12.7865124996997;-2.51810409437096;-16.410853432676;-2.39462218049957;-14.3530695518866;12.3743211810001
9500;1586;9483;153;153;-18.3145120017675;-16.2350704600876;-14.7309930633113;-12.7693345572879;-2.50934703705798;-16.2350704600876;-2.42416649620407;-14.3751158148665;12.5177504180404
10000;1625;9972;153;153;-18.4150728892869;-16.3356313476071;-14.7515112431572;-12.7625837090182;-2.50544734807989;-16.3356313476071;-2.46476129844992;-14.3997065860149;12.671296968129
12000;1765;11941;153;153;-18.7754662710668;-16.4728811780727;-14.7864822245025;-12.7940520598123;-2.49941296743541;-16.2905596212788;-2.5917096666338;-14.4767463415569;13.4242113404682
12500;1794;12429;153;153;-18.855575461491;-16.4576801886927;-14.8302237707559;-12.7871498732469;-2.49766999615508;-16.1475252603888;-2.61156847695488;-14.4802820119329;13.4488666627361
13000;1831;12914;153;153;-18.9321345463728;-16.4472278965848;-14.8212606821995;-12.8009080568897;-2.49713836989553;-16.2240843452706;-2.63597815301172;-14.4807964844539;13.4661567738441
13500;1860;13421;153;153;-19.0091518467956;-16.5242451970076;-14.8194971047692;-12.7865755787242;-2.49597602500999;-16.3011016456934;-2.65287224059457;-14.479251662325;13.4693261251616
14000;1888;13899;153;153;-19.0791443481695;-16.4400870185543;-14.8024782291535;-12.7894287772605;-2.49251708835607;-16.3710941470673;-2.67312315440073;-14.4811648588336;13.5046757527303
14500;1920;14443;153;153;-19.1559302942023;-16.4478800931001;-14.7992214675127;-12.7998226335064;-2.49568176245735;-16.4478800931001;-2.69412749894176;-14.4906246884359;13.5819396456573
15500;1989;15426;153;153;-19.2876193529879;-16.5150306307481;-14.7878096826576;-12.8137286566356;-2.49424481280047;-16.5795691518857;-2.72851424570852;-14.4924601724345;13.6779484948178
16000;2015;15916;153;153;-19.3501603430936;-16.4597885851975;-14.7962834514931;-12.8222024254711;-2.49344455755458;-16.6421101419914;-2.75390032745699;-14.5042947316304;13.7905919261567
17000;2070;16855;153;153;-19.4648052553363;-16.4690729817823;-14.8204143561949;-12.8249294215098;-2.48977349860634;-16.7567550542341;-2.79560882358013;-14.5155574298417;13.9011209709573
17500;2097;17348;153;153;-19.5224650099105;-16.4779425721871;-14.8219846441181;-12.8366040628422;-2.49237154849348;-16.8144148088083;-2.81507638465946;-14.5178254494439;13.889434894523
19000;2190;18849;153;153;-19.6884302821421;-16.4303337441206;-14.8208958316865;-12.8277666106938;-2.49719653879636;-16.5103764517942;-2.85073852759145;-14.5104698227788;13.9710550264809
19500;2212;19329;153;153;-19.7387236756135;-16.480627137592;-14.8260687898775;-12.8170654914624;-2.49412259202906;-16.1833756141241;-2.86115687095115;-14.5159204099799;14.0612180888763
20000;2238;19796;153;153;-19.7864703521436;-16.4542658419684;-14.8166570525676;-12.815740274;-2.49534132272318;-16.2311222906541;-2.87608093651243;-14.5186155092041;14.1525242706201
20500;2267;20279;153;153;-19.8346822936493;-16.4334849119872;-14.8374700198852;-12.8189698731621;-2.49264790087532;-16.2793342321599;-2.89747527245361;-14.5270004254236;14.2010339409511
23000;2397;22722;153;153;-20.0621777942597;-16.4786588558036;-14.8472420366507;-12.806586520006;-2.5004988351947;-16.1909767833518;-2.96045505787549;-14.5337028307147;14.3434369739758
24500;2469;24261;153;153;-20.1932508035279;-16.4796787368236;-14.8653746347383;-12.8369709269771;-2.49787058288819;-16.32204979262;-2.99320199316874;-14.5574370472793;14.6484763611174
25500;2533;25267;153;153;-20.2745089509749;-16.4678464612046;-14.8584085487705;-12.8197890016109;-2.5019580458513;-16.403307940067;-3.02350097463409;-14.5612439530032;14.7941891244436
26500;2583;26248;153;153;-20.3506901492819;-16.479489138374;-14.8494319387371;-12.8169964394332;-2.49881717034103;-16.3617061027176;-3.03580668433179;-14.55880111863;14.8768640024828
27000;2606;26753;153;153;-20.3888037911371;-16.4969834930265;-14.8475402459787;-12.8334218468969;-2.50142469158057;-16.2456690647456;-3.04796703740807;-14.5623792487748;14.9340974951215
27500;2637;27256;153;153;-20.4260579186816;-16.4942322859573;-14.8276359596832;-12.8171872894903;-2.50222440307905;-16.2829231922901;-3.05664179626955;-14.5568473792919;14.9237757036983
28000;2663;27738;153;153;-20.4611171864326;-16.5098734678511;-14.8407163207154;-12.8147634639866;-2.50473581199439;-16.317982460041;-3.06458513937759;-14.5585164478638;14.9584408066979
29000;2711;28746;153;153;-20.5325078122224;-16.5251746269899;-14.8320642388317;-12.8223026177898;-2.50723951412736;-16.3893730858308;-3.08985903733105;-14.563895802507;15.009908081185
30000;2754;29737;153;153;-20.6002946813651;-16.5398516708187;-14.8319736855713;-12.8271210008826;-2.50879836077471;-16.6113106348008;-3.11101531217757;-14.5683084475797;15.0602315078577
30500;2778;30216;153;153;-20.6322537287846;-16.5379091665625;-14.8331610743241;-12.8138234567139;-2.50938027809619;-16.6432696822203;-3.11658414592179;-14.5678246220458;15.1124381440147
31000;2801;30700;153;153;-20.6640358671506;-16.520901140759;-14.829225130088;-12.8108194789945;-2.50873428490445;-16.6750518205863;-3.12696767557804;-14.5654664191439;15.0848465136775
31500;2824;31238;153;153;-20.6987811628353;-16.5398980794757;-14.8294842497016;-12.8070765035052;-2.50825146544181;-16.7097971162711;-3.13657701583813;-14.5612510654755;15.033218605682
33000;2892;32709;153;153;-20.790811096749;-16.5423158546996;-14.8506398440286;-12.8190349738684;-2.51051942277519;-16.8018270501847;-3.17202281532277;-14.5710350423007;15.1965888940583
34000;2947;33718;153;153;-20.8515741967515;-16.5475091035473;-14.8452210371498;-12.8133850167783;-2.50939330129223;-16.8625901501872;-3.20805868391456;-14.5803329828854;15.3470659561013
35500;3001;35229;153;153;-20.9392497720664;-16.5572231373925;-14.8524750451541;-12.8213408296832;-2.50901726182567;-16.9502657255021;-3.23685497627668;-14.5858779265073;15.4067468564427
36500;3058;36263;153;153;-20.9971064333669;-16.5544551768766;-14.8486381374492;-12.8151062970735;-2.50624540052008;-17.0081223868026;-3.25749820306238;-14.5730721898875;15.2955359437349
37000;3073;36761;153;153;-21.0243855591633;-16.5470487446851;-14.8423006524467;-12.8110038221287;-2.5061768691964;-17.035401512599;-3.26522841403307;-14.5750984867237;15.3368991206741
37500;3095;37281;153;153;-21.0524781849482;-16.5526685146179;-14.8418781079236;-12.8187094757311;-2.5059516634428;-17.0634941383839;-3.27654971644331;-14.5816687628335;15.4165615858882
38000;3111;37749;153;153;-21.0774285285202;-16.5665690220033;-14.848917524929;-12.8159020801237;-2.50571402586763;-17.0884444819559;-3.2785859592853;-14.5820683402217;15.4485869164952
38500;3127;38235;153;153;-21.1030132109567;-16.5386650194888;-14.8491843993812;-12.820024518214;-2.5048812343416;-17.1140291643924;-3.28699265649543;-14.5777018743081;15.3468535649262
39000;3141;38763;153;153;-21.1304429247807;-16.5454754461101;-14.8314936779247;-12.8153659174866;-2.50325606731177;-17.1414588782164;-3.29648098209979;-14.5800742911771;15.389218438787
39500;3161;39290;153;153;-21.157450625105;-16.5522804391169;-14.8402859383577;-12.8027763631865;-2.50427963460194;-17.1684665785407;-3.30370425220427;-14.579591312607;15.4065342873051
40500;3197;40261;153;153;-21.2062770748695;-16.552316724712;-14.8501694141736;-12.8101222118303;-2.50630061586282;-17.1119325126474;-3.31930491734474;-14.5862527185997;15.5262267273939
41000;3216;40825;153;153;-21.2340998356773;-16.5519686085531;-14.8573728877787;-12.8142989902697;-2.5056840924222;-17.1397552734552;-3.32688115451076;-14.5885674177795;15.5776355086369
43000;3264;42856;153;153;-21.3312018751216;-16.5690279403238;-14.8542295122319;-12.825676488573;-2.50532910034327;-17.2368573128995;-3.35032186273481;-14.6034004780848;15.7750700977891
43500;3281;43372;153;153;-21.3551387011841;-16.5676469584021;-14.8598731452471;-12.8299773401187;-2.50456095344377;-17.260794138962;-3.36011408395027;-14.6090659178056;15.8366677767849
44500;3321;44410;153;153;-21.4024398965723;-16.5661579896208;-14.8570902362379;-12.8341734349721;-2.50757029367897;-17.1257737775562;-3.37724999451782;-14.6127464636629;15.9175225075976
45500;3347;45421;153;153;-21.4474596642998;-16.5876472599381;-14.8765767019602;-12.8367761297962;-2.50882556929074;-17.1707935452837;-3.39530832298353;-14.6232393638764;16.038256436592
46500;3390;46423;153;153;-21.491100610112;-16.5932608101611;-14.865708242104;-12.8407761060925;-2.5102197347004;-17.0602838112687;-3.40771920673701;-14.6239730353576;16.0936323365538
47000;3412;46906;153;153;-21.511801756043;-16.5845480708858;-14.8602298824533;-12.8335106442845;-2.51069980570459;-17.0119920857128;-3.41517339143293;-14.6236803402649;16.1037454901951
47500;3435;47405;153;153;-21.5329659747041;-16.5771389171029;-14.8584045828897;-12.8334512264939;-2.51125639283235;-17.0331563043739;-3.42352208503558;-14.6224001377568;16.1052176472378
48500;3463;48370;153;153;-21.5732701316341;-16.5896635099257;-14.8578867452994;-12.8329333889036;-2.51103763135645;-17.0089219401662;-3.44187244769707;-14.6302131663621;16.1983536238231
49000;3480;48869;153;153;-21.5937970552069;-16.5831617611106;-14.8603951633695;-12.827714596058;-2.51259851605501;-17.029448863739;-3.45022550080429;-14.627185331326;16.1885228304351
49500;3501;49412;153;153;-21.6158971773134;-16.5920166564671;-14.8659659835248;-12.8311225851524;-2.51010301724157;-17.0515489858456;-3.45935225410812;-14.6277345221502;16.1911875050332
51000;3554;50920;153;153;-21.6760221053427;-16.5946177403582;-14.8702995519257;-12.8309650518418;-2.51262857453677;-17.3993559863266;-3.4828140197811;-14.6286450901894;16.2358642895037
53000;3612;52879;153;153;-21.7515231272109;-16.5810391321728;-14.8639705555463;-12.8374347783696;-2.51265701608073;-17.3570739725385;-3.51039598238427;-14.6239634984219;16.1271993618445
53500;3622;53361;153;153;-21.7696708420872;-16.576713991197;-14.8629160634386;-12.8364023634508;-2.51205174693138;-17.3752216874147;-3.51607156135458;-14.6273408903318;16.1773068653406
54000;3634;53824;153;153;-21.7869494866652;-16.5884524553994;-14.8574327159016;-12.8355093857154;-2.51108506300596;-17.3925003319928;-3.52076145102521;-14.6277736044806;16.1904420744925
54500;3645;54305;153;153;-21.8047431654283;-16.6007364783515;-14.8548867104275;-12.8428641527506;-2.51112354819789;-17.4102940107558;-3.53028566165011;-14.6326589119071;16.2581955478877
55000;3657;54788;153;153;-21.8224529417094;-16.5967062679962;-14.8602094774432;-12.8472021920659;-2.51172778685327;-17.428003787037;-3.53768311635216;-14.6364690173787;16.3075230927265
55500;3673;55296;153;153;-21.8409117043275;-16.5991646892678;-14.8561953842092;-12.8468634087164;-2.51212781550034;-17.446462549655;-3.54334270089461;-14.6369657033514;16.3300881530746
56500;3701;56330;153;153;-21.8779650637775;-16.599850404547;-14.864049588967;-12.8446005622705;-2.5108975203536;-17.3781553934473;-3.55695384879965;-14.6377278496683;16.346319062609
57500;3735;57327;153;153;-21.913053991819;-16.5803351985536;-14.8603329425866;-12.839564802592;-2.51019267579787;-17.3078838058309;-3.5687597061071;-14.6341985674378;16.3064728769415
58000;3755;57787;153;153;-21.9290382317377;-16.5819307010202;-14.8591641032791;-12.8374813957514;-2.51072532271603;-17.3238680457496;-3.57526520258039;-14.6299882938808;16.266533487851
58500;3768;58266;153;153;-21.9455480236448;-16.5749099955172;-14.8554711878687;-12.8361335702586;-2.5106951636675;-17.3403778376567;-3.57871432686949;-14.6311711596052;16.2967930207442
59000;3794;58785;153;153;-21.9632839986037;-16.5696564522513;-14.8485145502372;-12.8335031344859;-2.51199288576788;-17.3581138126156;-3.59264512187427;-14.6244977967256;16.2307216219795
59500;3804;59249;153;153;-21.9790083624356;-16.5673623105806;-14.8449146412428;-12.8360906667769;-2.51224447527145;-17.3738381764475;-3.60026563135373;-14.6220314096734;16.1575284964816
62000;3866;61792;153;153;-22.0630583704565;-16.5824194471145;-14.8626334775115;-12.8349763170041;-2.51048270743036;-17.4578881844684;-3.63260255853334;-14.6367818251261;16.3465925864095
62500;3870;62277;153;153;-22.0786949104618;-16.5980559871198;-14.867138177148;-12.8395727370602;-2.50986761597809;-17.4735247244737;-3.6350763121193;-14.6414580186482;16.4004108472709
63000;3889;62761;153;153;-22.0941782808715;-16.601116837531;-14.8665157821429;-12.836191255428;-2.50863233502378;-17.4890080948835;-3.6450873455349;-14.6384868500101;16.3467048046365
63500;3904;63232;153;153;-22.1091315622151;-16.5876706443528;-14.8620509776293;-12.8278668519022;-2.50851196948933;-17.503961376227;-3.65095555437969;-14.6371306379379;16.3486906159236
64000;3923;63714;153;153;-22.1243191952638;-16.5948901077524;-14.8687279210101;-12.8303732394328;-2.50681332689646;-17.5191490092757;-3.65919031918197;-14.6347868622698;16.3283501953009
64500;3929;64206;153;153;-22.1397038865101;-16.5945264420305;-14.8756737436106;-12.831148467037;-2.50656029585333;-17.534533700522;-3.66446257352981;-14.6376140755276;16.3447767536235
65000;3941;64665;153;153;-22.1539507516987;-16.589430344376;-14.87739434898;-12.8372703439512;-2.50605550826769;-17.5487805657106;-3.66861641198009;-14.639482559134;16.3826212794424
66000;3969;65673;153;153;-22.1848863222037;-16.5864643632053;-14.8716659351134;-12.8347840078523;-2.50541065292677;-17.5797161362156;-3.67640716855319;-14.6378714624169;16.3802185176658
67000;3996;66638;153;153;-22.2140605287711;-16.593659663054;-14.8616194285275;-12.8360047523903;-2.50640186385809;-17.608890342783;-3.68341926541951;-14.6368081575677;16.4067589733266
69000;4050;68608;153;153;-22.2723288499808;-16.6059021618684;-14.8680497319436;-12.8344545783892;-2.51012650217452;-17.6671586639927;-3.70372719095216;-14.6386612101678;16.4714893246701
69500;4058;69114;153;153;-22.2870251883091;-16.6034454209704;-14.8694447858946;-12.8369595054271;-2.50974569831186;-17.5865448225167;-3.70884321247471;-14.6408803072969;16.4903613042497
70000;4071;69614;153;153;-22.3014419510399;-16.6077098122372;-14.8660039312254;-12.8364593606902;-2.50982406166376;-17.6009615852475;-3.71180129582003;-14.6424017273042;16.5198606232394
70500;4084;70126;153;153;-22.3160978059458;-16.6123153312896;-14.8683465258978;-12.8390947287419;-2.51051066364834;-17.4485633554902;-3.71818409681586;-14.6448522171543;16.538005423517
71000;4094;70621;153;153;-22.3301656593533;-16.6065805574009;-14.8742889718615;-12.8358500768567;-2.50952206514551;-17.4626312088977;-3.7235766734591;-14.6468630394456;16.5685417039821
71500;4110;71130;153;153;-22.3445289354551;-16.6079566379759;-14.8743047995552;-12.8380176236313;-2.50962544392573;-17.4769944849995;-3.72725363859733;-14.6479893229498;16.5938556205514
72000;4122;71641;153;153;-22.3588456295191;-16.6062729906934;-14.8756012134452;-12.8335485429562;-2.51062115406462;-17.4913111790635;-3.7313830114535;-14.6482019073534;16.6163979790696
72500;4134;72112;153;153;-22.3719514898609;-16.6036304940671;-14.8730817558839;-12.830007858375;-2.51208454400742;-17.5044170394053;-3.73808675477004;-14.6503479359047;16.6552051302353
73000;4143;72613;153;153;-22.3857984962877;-16.6112469507433;-14.8770113256534;-12.8359191663195;-2.51182969274383;-17.5182640458321;-3.74063982769331;-14.6519075200854;16.6904920688012
73500;4154;73136;153;153;-22.4001520011431;-16.6194084853507;-14.8739730877969;-12.8366930014309;-2.5106655364889;-17.5326175506875;-3.74849283082491;-14.6550257160572;16.7247168893198
74500;4184;74127;153;153;-22.4270702347726;-16.6189277447921;-14.8701196627597;-12.838430422761;-2.5114902850738;-17.4854278121633;-3.76027017155765;-14.6539756033255;16.7529724392456
75000;4192;74651;153;153;-22.4411583974498;-16.6181125019668;-14.8676271347039;-12.835403253219;-2.51180151383392;-17.4995159748405;-3.76319591397484;-14.6543389471519;16.7674852330454
75500;4205;75109;153;153;-22.45339134157;-16.6156608944041;-14.8645614632622;-12.8380526370751;-2.51180344129983;-17.4164387391564;-3.7695948617294;-14.6560383801745;16.7824473929297
76000;4211;75636;153;153;-22.4673752786022;-16.6094421241188;-14.8689759492783;-12.8376668933489;-2.51210552325104;-17.343411299199;-3.77469903821755;-14.6581704833411;16.798806491914
76500;4220;76120;153;153;-22.4801326428202;-16.6193464193543;-14.8712620136289;-12.841652845697;-2.51213763585583;-17.3561686634169;-3.77941838974474;-14.6606896661868;16.836969709956
77500;4239;77109;153;153;-22.5059505685127;-16.6198465370625;-14.8720970088309;-12.8397054916703;-2.51188496282384;-17.3819865891094;-3.79004862537796;-14.6653910423903;16.9078511018577
78500;4256;78071;153;153;-22.5307478960997;-16.6226649579308;-14.8772529864384;-12.8400823458059;-2.51365125937581;-17.4067839166964;-3.79666926392687;-14.6673995197997;16.9280365450922
81000;4316;80588;153;153;-22.5942100680716;-16.6229482282811;-14.8799789232225;-12.8369050257136;-2.51404542496247;-17.3902033809948;-3.82171175313884;-14.6630498566617;16.8500807999566
82000;4338;81601;153;153;-22.6191935915581;-16.6227415029391;-14.8785291896409;-12.8355599674975;-2.51430763185309;-17.4151869044813;-3.82949201771591;-14.6629965818483;16.8628845373789
82500;4347;82104;153;153;-22.6314840306511;-16.6153268709527;-14.8748606961122;-12.8371976931587;-2.51460334786028;-17.4274773435743;-3.83238954301677;-14.6621330964666;16.8444382838342
83500;4372;83118;153;153;-22.6560331277719;-16.6157784164945;-14.8794980995866;-12.8403936658089;-2.51313320374125;-17.3830335692081;-3.84327813439851;-14.6627884087755;16.8547817451998
84500;4396;84135;153;153;-22.6803558612211;-16.6165706525335;-14.8765125576823;-12.8404472903278;-2.51208878087177;-17.3428177815198;-3.85728324672115;-14.6651996704284;16.902082936524
85000;4406;84584;153;153;-22.6910008048247;-16.6225752165806;-14.8790273752027;-12.8437133019768;-2.51202782385724;-17.2793547529697;-3.86231263386396;-14.6668975281144;16.929684320805
86000;4428;85575;153;153;-22.7142969267968;-16.6252520513499;-14.8822827462913;-12.8428161703957;-2.51188121647019;-17.3026508749417;-3.87340919878774;-14.6654369514123;16.8676143683065
86500;4432;86090;153;153;-22.726297079304;-16.6304725168718;-14.8832330626119;-12.8465900554333;-2.5107065103761;-17.314651027449;-3.87638380999402;-14.6689478108104;16.9085155628473
87000;4437;86604;153;153;-22.7382025657205;-16.6334093333056;-14.8842094784963;-12.8492196993873;-2.51099144812313;-17.3265565138655;-3.88265481693138;-14.6721974379175;16.9324333097428
87500;4453;87132;153;153;-22.7503589783365;-16.6344668528535;-14.8870922543269;-12.8468214270503;-2.51096411452992;-17.3387129264815;-3.89038560334034;-14.6695169306836;16.8697429181551
89000;4490;88576;153;153;-22.7832324390746;-16.626253453489;-14.8904069128235;-12.8392749539847;-2.51142823991391;-17.3025935157326;-3.90733248123644;-14.6669429202598;16.8604216846701
90000;4512;89588;153;153;-22.8059533228447;-16.6238684161281;-14.8786289625349;-12.8366780297706;-2.51099156300614;-17.3253143995027;-3.91257779904294;-14.6629608446312;16.8285539415
91000;4529;90538;153;153;-22.8270498621237;-16.622492099555;-14.8846876244494;-12.8392211611538;-2.51012877005246;-17.2818724176441;-3.92076141199423;-14.6646659945974;16.856580754709
91500;4539;91004;153;153;-22.8373174811538;-16.6307415544289;-14.8829452086219;-12.8417978431712;-2.50926207372146;-17.2921400366742;-3.92377825618449;-14.6660569202261;16.8803019233182
93000;4568;92502;153;153;-22.8699710897768;-16.629695244606;-14.8906321945145;-12.8388821926469;-2.51055636397504;-17.3247936452972;-3.93512294601705;-14.6671071225992;16.9024547653665
93500;4573;93034;153;153;-22.881440593442;-16.6276117818665;-14.8851233616452;-12.8399317430085;-2.51119377718747;-17.3362631489624;-3.93839605516531;-14.667406933226;16.9240324012138
94500;4592;93965;153;153;-22.9013553029814;-16.6247118136398;-14.887019565682;-12.8352388269971;-2.51179352120827;-17.3561778585018;-3.94893789307391;-14.6649483806335;16.8671702367151
95500;4603;95040;153;153;-22.9241062691929;-16.625157022337;-14.8920709547941;-12.840800290081;-2.51182407110886;-17.3789288247134;-3.95677566134953;-14.6683918484304;16.8858169383364
96000;4611;95564;153;153;-22.9351029181638;-16.6324839424189;-14.8907975111732;-12.8360897013502;-2.51150187119504;-17.3899254736843;-3.95971524359704;-14.6697592391409;16.9145968657042
96500;4619;96073;153;153;-22.9457271962927;-16.6267590825463;-14.8905694644731;-12.8353880892194;-2.51178713126557;-17.4005497518132;-3.96294436922854;-14.66989026323;16.9256118819248
97500;4637;97070;153;153;-22.9663752934125;-16.6207389325839;-14.8876870641827;-12.8368683288167;-2.51120955341453;-17.421197848933;-3.9705187122854;-14.6719837887141;16.9689260734237
98000;4642;97568;153;153;-22.976609699576;-16.6274707081962;-14.8895842289083;-12.8406621290883;-2.51100687372672;-17.4314322550964;-3.97354135614687;-14.6716505681101;16.927080539224
99000;4659;98491;153;153;-22.9954409048545;-16.6358670361821;-14.8998422034763;-12.8413892054282;-2.51121755768601;-17.450263460375;-3.98353523028244;-14.6772017822684;16.9871897318586
99500;4668;98973;153;153;-23.0052047292943;-16.6335928820625;-14.9001991917471;-12.8455257713978;-2.51170902604206;-17.3994026629983;-3.98762078043799;-14.6797429118324;17.0080245416468
1e+05;4678;99494;153;153;-23.0157052396419;-16.6389782917432;-14.8995868080325;-12.844636286361;-2.51131735089415;-17.4099031733459;-3.99207384296715;-14.6809304207721;17.033145604149
100500;4687;99938;153;153;-23.0246105453815;-16.6377312260189;-14.8930798347772;-12.8407676957801;-2.5109780660502;-17.4188084790855;-3.99509317745088;-14.677944288771;16.9846492193333
101000;4696;100433;153;153;-23.0344922349871;-16.637562579771;-14.8935937743793;-12.8414743191416;-2.51141119023965;-17.4286901686911;-3.99726790410292;-14.6772275065387;16.9748976256585
101500;4702;100938;153;153;-23.0445234918944;-16.6392950338636;-14.8966563619705;-12.8442702481735;-2.51145735941445;-17.4387214255984;-4.00226643762553;-14.6791737922161;16.9893427717706
103000;4730;102423;153;153;-23.0737331514833;-16.6440136734441;-14.8976228092459;-12.8463521445328;-2.51162134064509;-17.4679310851873;-4.01196752749426;-14.6771067258493;16.9253188867732
103500;4745;102943;153;153;-23.0838614319446;-16.6477110635752;-14.8985112087659;-12.8457605122723;-2.51224706977503;-17.4780593656486;-4.01824757907489;-14.6779992578056;16.9476954397149
104000;4754;103467;153;153;-23.0940160005348;-16.6482961811492;-14.900062976971;-12.8443180671078;-2.51246225045981;-17.4882139342388;-4.02144022033554;-14.677158625876;16.9427527249937
104500;4761;103960;153;153;-23.1035229775109;-16.6451846941661;-14.9015886263166;-12.8463900655964;-2.51233395274707;-17.4977209112149;-4.02566357386676;-14.678828747668;16.97039529795
105000;4769;104453;153;153;-23.1129849768975;-16.6452862507931;-14.9036765652505;-12.8491691619247;-2.51258051959592;-17.5071829106015;-4.03310509134827;-14.6802334294621;16.9889433440084
106000;4784;105468;153;153;-23.1323257367053;-16.6522811747786;-14.9054848462967;-12.8469829417001;-2.51219835269436;-17.5265236704093;-4.03861200302004;-14.6803100978414;16.9911643800671
106500;4795;106004;153;153;-23.1424642164626;-16.6532592851372;-14.9068384964983;-12.8435618916718;-2.51233423507762;-17.5366621501666;-4.04562654228851;-14.6820523191148;17.0070351808766
107500;4808;106941;153;153;-23.1600651189939;-16.6587754484535;-14.9060565284291;-12.8459259316623;-2.51207794781106;-17.5542630526979;-4.05233998870584;-14.6847047727996;17.043272251645
108500;4827;107906;153;153;-23.1780315134875;-16.663318822615;-14.904184580703;-12.844711496395;-2.51145079440329;-17.5722294471915;-4.05868374637549;-14.6850266117366;17.058206079457
109000;4833;108402;153;153;-23.187203636004;-16.6621739781605;-14.9092833778318;-12.8462679295066;-2.51110129596784;-17.581401569708;-4.06218723161984;-14.6872127638121;17.0869923479902
109500;4841;108887;153;153;-23.1961318524426;-16.6681739348201;-14.9098623996595;-12.8483431680131;-2.51090339898027;-17.5903297861466;-4.0666898643541;-14.6895538047284;17.1205546437922
110000;4853;109356;153;153;-23.2047277885683;-16.6593781282338;-14.9056906069552;-12.8492732942725;-2.5119793216227;-17.5989257222723;-4.07001962151726;-14.6883373439032;17.1181517059844
112000;4885;111269;153;153;-23.239411943926;-16.6546205515403;-14.9061415906707;-12.8521103168707;-2.51083999134302;-17.5223842425197;-4.08118321248887;-14.6896143120236;17.1356617622842
112500;4892;111771;153;153;-23.2484148285685;-16.6567410965598;-14.905575024297;-12.851054543919;-2.51096537536305;-17.5313871271623;-4.08261553861079;-14.6892362216578;17.1399972117742
113500;4904;112802;153;153;-23.2667786967707;-16.6601285105725;-14.9088157309251;-12.8474182792471;-2.51071233221992;-17.5497509953645;-4.08702159041285;-14.6918609549111;17.1841117788086
114000;4912;113307;153;153;-23.2757124559699;-16.6583094779954;-14.9091096231861;-12.8474963744988;-2.51163828891655;-17.5586847545636;-4.08889716659257;-14.6918969937836;17.2035948669154
114500;4915;113788;153;153;-23.2841846939193;-16.6587923259114;-14.9131740126812;-12.8477187129761;-2.51212474519223;-17.5671569925131;-4.09032184176374;-14.6931937687125;17.2248532456536
115500;4932;114775;153;153;-23.3014579382348;-16.6615821044083;-14.9120981183285;-12.8471935464305;-2.51263987537321;-17.5844302368286;-4.09593912109809;-14.6935210109728;17.2381043662882
116000;4943;115284;153;153;-23.3103078563955;-16.6548675060278;-14.9065073523343;-12.8462621029917;-2.5125739498525;-17.4931966964323;-4.09885587207423;-14.6925108817639;17.2309309809193
117000;4957;116260;153;153;-23.3271686825107;-16.6614849647283;-14.9104590296728;-12.848754580802;-2.51220336923854;-17.4635375069126;-4.10272966826143;-14.6926813356309;17.2365687094003
117500;4963;116754;153;153;-23.3356488723724;-16.661087480558;-14.9066313718599;-12.8467107147317;-2.51187551974634;-17.4720176967743;-4.10508530497252;-14.6932017606255;17.2474642745351
119000;4989;118262;153;153;-23.3613155622417;-16.6642813145753;-14.9051470726633;-12.8524197434537;-2.51141648845906;-17.4976843866437;-4.11534272707699;-14.6950689472183;17.2631837812632
119500;4997;118769;153;153;-23.3698714181965;-16.6703710780348;-14.903550557154;-12.854446740526;-2.51219733479928;-17.4617884800276;-4.11843039755673;-14.6969090278761;17.2912250744099
120000;5004;119274;153;153;-23.3783572927252;-16.6751691794843;-14.9074174858264;-12.8551269332125;-2.51251778306825;-17.4702743545562;-4.12360578775705;-14.6989033776735;17.3123649302862
121000;5023;120282;153;153;-23.3951885296651;-16.6785937561441;-14.9082483814198;-12.8563947962588;-2.51193258615;-17.4871055914961;-4.13153128754753;-14.7017329511196;17.3415933217181
121500;5032;120783;153;153;-23.4035016522057;-16.674873039121;-14.9073278280135;-12.8591607138308;-2.51190649820454;-17.4954187140368;-4.13509473246341;-14.7032322969951;17.3659255563882
122000;5035;121306;153;153;-23.4121431156947;-16.6787412238573;-14.9070225055127;-12.8591990712233;-2.51144853225248;-17.4434355557093;-4.13764837754275;-14.7041174284159;17.380257571116
122500;5043;121826;153;153;-23.4206981523476;-16.6801787927414;-14.9095230332569;-12.8569999194978;-2.51192829468854;-17.4519905923623;-4.14084065511301;-14.7056694893268;17.4039261535944
123000;5053;122291;153;153;-23.428317458867;-16.673713359379;-14.9103245872802;-12.8568466994345;-2.5117540921074;-17.4596098988816;-4.14334569530342;-14.7052603732335;17.3963335848723
124500;5078;123776;153;153;-23.4524575187458;-16.6770914278094;-14.9154617000334;-12.8575743186886;-2.51144526163062;-17.4837499587605;-4.1525322580081;-14.7059353114527;17.4153180691825
125000;5091;124260;153;153;-23.4602628472354;-16.6712911042432;-14.9115709887598;-12.8560816603839;-2.5109123722136;-17.49155528725;-4.15720090380603;-14.7004788572044;17.3146704357055
125500;5103;124780;153;153;-23.4686149313296;-16.6695590692708;-14.9089371283072;-12.8555656569654;-2.51140139860055;-17.4999073713442;-4.1611503289729;-14.6977378667876;17.2893735292901
127000;5131;126221;153;153;-23.4915792355631;-16.6628671639214;-14.906353633755;-12.8501623596951;-2.51156174155783;-17.5228716755777;-4.16930906835278;-14.6951249227438;17.2724274963644
128000;5146;127205;153;153;-23.5071104745834;-16.6665639452947;-14.9063116993124;-12.8524663009845;-2.51189416038909;-17.5384029145981;-4.17163458458805;-14.6939490016868;17.2788577357331
128500;5157;127706;153;153;-23.5149720520765;-16.6690921768124;-14.9059292070304;-12.8525963960177;-2.51176770255013;-17.5462644920911;-4.17667995665202;-14.6956601573489;17.3086637947369
129500;5178;128755;153;153;-23.5313333054468;-16.6727682706554;-14.910861764577;-12.8535795210659;-2.51116899906295;-17.5626257454614;-4.18641324349616;-14.6980628878699;17.3494118582426
130000;5186;129274;153;153;-23.5393789235736;-16.6724456391117;-14.910107828752;-12.8515333104242;-2.5112307996315;-17.5135129497483;-4.19019514638615;-14.6989406801753;17.3606263669634
130500;5192;129782;153;153;-23.5472227975029;-16.6792483885326;-14.9138478517972;-12.8507879793296;-2.51086162987591;-17.5213568236776;-4.19304316691917;-14.7004139904327;17.380082415276
131500;5211;130810;153;153;-23.5630023353645;-16.6683322959311;-14.9105791946882;-12.8551840733079;-2.51105318327201;-17.5371363615392;-4.20109973490611;-14.6986990220585;17.3618679599362
133500;5245;132863;153;153;-23.5941476022477;-16.6744637524003;-14.913475941839;-12.8567514264434;-2.51132927866258;-17.4716547927334;-4.21556041050115;-14.702287726063;17.4395591804044
134000;5256;133377;153;153;-23.6018699676112;-16.6743120613329;-14.9107234690715;-12.8559535317994;-2.51141562600174;-17.4793771580968;-4.22005316493128;-14.7031005753835;17.4579841485026
135000;5274;134450;153;153;-23.617895323394;-16.6786413773525;-14.9104124055347;-12.8530379578835;-2.511274699915;-17.4954025138796;-4.22732658555288;-14.7054879624082;17.5116096004434
136000;5288;135394;153;153;-23.6318886506644;-16.6810738822219;-14.9125712751581;-12.8531823920296;-2.5115337670756;-17.5093958411501;-4.23265842916475;-14.708412350933;17.5592980406847
136500;5295;135869;153;153;-23.6388929304297;-16.6785452013284;-14.9140353745477;-12.8534576744419;-2.51112998707093;-17.5164001209153;-4.23563422834202;-14.709810269472;17.5762966835517
137500;5315;136892;153;153;-23.6538951455077;-16.6841044756061;-14.9151596841442;-12.8548911603139;-2.51102823303039;-17.5314023359933;-4.24223504185488;-14.7109808336455;17.597760274562
139500;5350;138984;153;153;-23.6842281951475;-16.6884620388426;-14.9193939808166;-12.8541234130199;-2.5107904113611;-17.5617353856331;-4.26013381121782;-14.713621310124;17.6414030953999
140000;5356;139483;153;153;-23.6913960180366;-16.6883305592501;-14.9180114212599;-12.8561775491384;-2.51063185890253;-17.5689032085222;-4.26361495489567;-14.7141093291361;17.6521296121059
142500;5384;141909;153;153;-23.725882572168;-16.6950250960519;-14.9193087516644;-12.8565144434177;-2.51086026577287;-17.6033897626536;-4.27311487576236;-14.7180287551333;17.7023810974007
143000;5392;142411;153;153;-23.7329450443352;-16.6976764450541;-14.9183174890245;-12.8535214409985;-2.5108210238259;-17.6104522348208;-4.27502431860302;-14.7176009858821;17.708145713391
144000;5406;143420;153;153;-23.7470653348731;-16.6978104936173;-14.91871771482;-12.8543340307243;-2.51088009644392;-17.5732792309712;-4.28106238187204;-14.7174218662701;17.7041542785301
144500;5419;143932;153;153;-23.7541924896078;-16.689433461816;-14.9149157990224;-12.8546792371786;-2.51070668802154;-17.5804063857058;-4.28208673995744;-14.7133144208032;17.6427521197454
145500;5427;144969;153;153;-23.7685504108845;-16.6952806934248;-14.9160284935491;-12.8566123585556;-2.5108840937458;-17.5947643069826;-4.28759900352833;-14.7158708391007;17.6761103517038
146500;5440;146008;153;153;-23.7828333874197;-16.6952596818617;-14.9170982352949;-12.8603180255583;-2.51065899519753;-17.6090472835178;-4.29277666084827;-14.7164659671422;17.6838818048813
147000;5443;146507;153;153;-23.7896569757354;-16.6995801399594;-14.9184323313259;-12.8630712230084;-2.51073648694753;-17.6158708718335;-4.29408411859228;-14.7178137835919;17.7070497717353
147500;5451;146984;153;153;-23.7961580325991;-16.7002648115016;-14.9187760779444;-12.8616413427187;-2.51038857523659;-17.6223719286972;-4.29913608641482;-14.7181904230889;17.7086675997722
148000;5458;147478;153;153;-23.8028685821906;-16.7036668386375;-14.9210322771864;-12.8613860711627;-2.51034959819841;-17.5802923141192;-4.30068724307836;-14.7190352838561;17.7249118327406
148500;5470;147983;153;153;-23.8097053625678;-16.6933112184744;-14.919570254749;-12.8581973074796;-2.51069935142573;-17.5463070999762;-4.30356265773375;-14.7175807539209;17.7028264009043
149000;5481;148472;153;153;-23.8163033345163;-16.6918250720229;-14.914664402216;-12.8580857211289;-2.51103527422764;-17.5173540876603;-4.30704575907211;-14.7170477180104;17.7070985580244
150000;5499;149517;153;153;-23.8303307554454;-16.6914637554999;-14.9162424066041;-12.8596527842495;-2.5102079115805;-17.5313815085895;-4.3175816275411;-14.7195957984228;17.7498948156368
151000;5516;150497;153;153;-23.8433968588351;-16.693480022703;-14.9171450238006;-12.8603948933229;-2.51032001380009;-18.5106780655698;-4.32303437827803;-14.7195743682974;17.7615872170666
151500;5518;151033;153;153;-23.8505072699327;-16.6958919130191;-14.9184268318294;-12.8614082409057;-2.510811002484;-18.5177884766674;-4.32354400556069;-14.7210977531856;17.7864695616404
152000;5526;151525;153;153;-23.857011813639;-16.6961659069747;-14.9192678766965;-12.8621380175265;-2.51063594894155;-18.5242930203736;-4.3282324653945;-14.7227591248209;17.8116962071791
152500;5530;152010;153;153;-23.8634031742761;-16.7025572676118;-14.9189833829702;-12.8608867531867;-2.51066585664469;-18.5306843810108;-4.32962327159015;-14.7242040733021;17.828629454706
154000;5555;153559;153;153;-23.883680273962;-16.6982932583816;-14.9166861606175;-12.8568878201674;-2.51070594027319;-18.5509614806966;-4.33797399282137;-14.7230752923543;17.8315560930117
154500;5563;154065;153;153;-23.890259740536;-16.7026025764211;-14.9161481594227;-12.8581481252638;-2.51039687985497;-18.5575409472707;-4.34131982217483;-14.7229873172985;17.8293845845285
155000;5566;154559;153;153;-23.8966623588922;-16.7007251324167;-14.9190109510738;-12.8565925864364;-2.51037029680592;-18.5639435656269;-4.34392138779633;-14.7238888665274;17.8362861847363
155500;5573;155061;153;153;-23.9031477337373;-16.700486537214;-14.9169514134089;-12.8600659108114;-2.51008183396807;-18.5704289404719;-4.34899339948179;-14.7227613832467;17.8229544840319
156000;5578;155579;153;153;-23.9098178403575;-16.701957968925;-14.9180066821447;-12.8594994268827;-2.51023578416358;-18.5770990470921;-4.34973772262605;-14.7227318907589;17.8369698184496
157000;5598;156583;153;153;-23.9226829996269;-16.6950205008982;-14.9120138227797;-12.8579370517723;-2.51018624266795;-18.5899642063615;-4.35437658330783;-14.719707102525;17.8099618340756
157500;5604;157094;153;153;-23.9291992625602;-16.6921402364355;-14.9108672129676;-12.8579465626677;-2.51049756208794;-18.5964804692949;-4.35662358795029;-14.7162393575824;17.7002684045331
158000;5615;157608;153;153;-23.9357324330778;-16.6915049174745;-14.9122036831685;-12.8594996200324;-2.50988168637312;-18.5604540253937;-4.36026947667945;-14.7178766422106;17.7185278084919
160000;5638;159611;153;153;-23.9609897678572;-16.6823608255365;-14.9089419748756;-12.8616271090327;-2.51064316735479;-18.585711360173;-4.37109017444693;-14.7125644202291;17.6087826980358
161000;5645;160615;153;153;-23.9735309517685;-16.6887100391999;-14.9128513543467;-12.8642522490996;-2.50970906077845;-18.5982525440843;-4.37523281113334;-14.7141699936794;17.6295911416243
161500;5651;161104;153;153;-23.9796107963108;-16.6906831017895;-14.9122174336545;-12.8618932249961;-2.51017070730242;-18.5635103941064;-4.37639178721283;-14.71474413584;17.6422128140746
162000;5659;161574;153;153;-23.9854370420713;-16.6890237732974;-14.9102293440866;-12.8653764032335;-2.51018691940494;-18.5693366398669;-4.37938139867875;-14.7146261980494;17.6392540290527
162500;5667;162105;153;153;-23.9919991048108;-16.6895026810834;-14.9105153549596;-12.8647214148783;-2.51002760900003;-18.5758987026063;-4.38173961878134;-14.7144999964558;17.638664666142
163000;5678;162625;153;153;-23.9984044316296;-16.6885229458048;-14.9095539572411;-12.8659344392635;-2.51014525393882;-18.5823040294252;-4.38443050504241;-14.7135648014864;17.6369868567327
163500;5685;163097;153;153;-24.0042007896328;-16.6909804025425;-14.9103942339126;-12.8658669611053;-2.50956383341089;-18.5881003874284;-4.38648088459869;-14.7139872137365;17.6484620026779
164000;5693;163620;153;153;-24.0106038901354;-16.6854549321798;-14.9082942623729;-12.8674386086525;-2.50945380993261;-18.594503487931;-4.38998870407634;-14.7143187162717;17.66148447455
164500;5701;164117;153;153;-24.0166697341625;-16.6895464419032;-14.9116898778441;-12.8668685368109;-2.50967789893184;-18.600569331958;-4.39479071834206;-14.7151535316483;17.6787329666145
165500;5715;165119;153;153;-24.0288434101109;-16.6893057147032;-14.9128137176059;-12.8682594349266;-2.50983847277364;-18.6127430079065;-4.39921447561931;-14.7161978795653;17.6985050132628
166000;5719;165638;153;153;-24.0351199264169;-16.6904008722672;-14.9133922127973;-12.868692791791;-2.51019497698539;-18.6190195242125;-4.40106488202606;-14.7170180058964;17.7178613525262
166500;5727;166137;153;153;-24.0411360563394;-16.6874137259398;-14.9141772933023;-12.8678177366859;-2.51020844271066;-18.625035654135;-4.40345559000715;-14.7168703477235;17.7139750303457
167000;5733;166633;153;153;-24.0470981366629;-16.6838185496999;-14.9158009720272;-12.8668521100752;-2.50999289529479;-18.6309977344585;-4.40457935427029;-14.7169424762198;17.7158287479192
167500;5738;167130;153;153;-24.0530544633659;-16.6853458909916;-14.9186236854901;-12.8669677860487;-2.50978954891833;-18.6369540611615;-4.40775095864092;-14.7186597344384;17.7349221433019
