21;21;22;7;12;-6.18208490671663;-5.83551131643666;-5.48893772615669;-4.39032543748858;-2.19310086015236;-5.08347261804852;-0.854208737927051;-5.00003688303518;2.75202415863061
41;31;39;11;13;-7.32712329225929;-6.63397611169935;-5.9408289311394;-4.92922801946092;-2.53963154947725;-5.9408289311394;-0.992069040761234;-5.82220418671171;3.47884940975862
61;51;64;18;16;-8.31776616671934;-7.6246189861594;-6.70832825428524;-5.75281680925781;-2.91960346520159;-7.6246189861594;-0.928202213041709;-6.62401206903789;3.68946250558039
82;67;87;22;21;-8.93181623730917;-8.23866905674922;-7.32237832487507;-6.22376603620696;-3.13272358284864;-7.54552187618928;-0.831047994237436;-7.14966438537352;3.72263338226657
102;81;102;25;23;-9.24994562656854;-8.5567984460086;-7.45818615734049;-6.47735690432876;-3.34186268839961;-8.5567984460086;-0.798678585268471;-7.34967091106822;3.70542398856105
122;89;118;28;23;-9.54136924893133;-8.84822206837138;-7.74960977970327;-6.65099749103516;-3.39290095301368;-8.44275696026322;-0.822869200810057;-7.55545510064978;3.94382777296477
142;103;139;28;28;-9.86894786626138;-9.17580068570144;-8.07718839703333;-6.82442542853796;-3.25690683142829;-8.77033557759327;-0.835464011648097;-7.84418630000586;4.17159145019536
162;110;155;28;31;-10.0868502338385;-8.98823794517038;-8.29509076461044;-6.90879640349055;-3.19116753609063;-8.98823794517038;-0.894572004680719;-8.04143272376112;4.34935072485397
183;120;173;28;32;-10.3065831889956;-9.20797090032745;-8.22714164731572;-7.01074632299123;-3.29717425628692;-9.20797090032745;-0.90479635244842;-8.08700687782052;4.45982450762639
204;131;193;29;33;-10.5253803778098;-9.42676808914166;-8.32815580047355;-7.22954351180544;-3.38651337786425;-9.83223319724983;-0.957575373780607;-8.19675208111484;4.60453032635075
224;137;208;29;34;-10.6750761594026;-9.57646387073453;-8.47785158206642;-7.17856859793616;-3.25689533667585;-9.98192897884269;-0.984472469243102;-8.26165853916456;4.68517115942929
244;150;234;32;36;-10.9106422307154;-9.52434786959551;-8.60805713772136;-7.44490632791568;-3.17871150876692;-10.2174950501555;-1.01266985886738;-8.48229653406853;4.83963604093297
264;156;253;33;38;-11.066778977455;-9.96816668878693;-8.86955440011882;-7.66558159579288;-3.14379301874384;-10.3736317968951;-1.03020388078056;-8.63676843460517;4.94377427776929
284;167;274;38;38;-11.2262562127761;-10.127643924108;-9.02903163543992;-7.76052030997641;-3.16099100387841;-10.5331090322162;-1.02763938715318;-8.85969669483051;5.10549305415423
304;173;293;38;42;-11.3603452180341;-10.261732929366;-9.16312064069792;-7.89460931523441;-3.21944675742628;-10.6671980374742;-1.03374912221725;-9.04493992637005;5.28624019200187
325;179;312;38;42;-11.486006375619;-10.3873940869509;-9.18342128262492;-7.9596458510028;-3.20808611744682;-10.3873940869509;-1.0987972170089;-9.08451561588381;5.48375742475019
345;191;340;41;43;-11.6578912352204;-10.5592789465523;-9.46066665788419;-8.102543173731;-3.22407965274323;-10.5592789465523;-1.11629363805425;-9.2424376740269;5.60954728391891
365;199;363;41;43;-11.7888056685297;-10.6901933798616;-9.3038990187417;-8.12524402240006;-3.23239176396018;-10.6901933798616;-1.13387844268211;-9.23479484805864;5.59272766800882
385;201;379;41;43;-11.8750724101649;-10.488778049045;-9.39016576037685;-8.13740279188148;-3.23212801344305;-10.7764601214967;-1.14670790639088;-9.26043707726382;5.68370718623122
405;210;409;44;45;-12.0274303120856;-10.6411359509657;-9.5425236622976;-8.28976069380223;-3.19630267707352;-11.3342831315257;-1.13874182627211;-9.45137840573691;5.84439549111262
425;213;421;44;45;-12.0852656673648;-10.6989713062449;-9.60035901757676;-8.27860317759444;-3.18690006040941;-11.3921184868048;-1.14585716550045;-9.4602336788761;5.89143286905231
445;218;442;44;45;-12.1826197641554;-10.7963254030355;-9.61767040669386;-8.31141875324751;-3.18745477384425;-11.4894725835955;-1.19729314353699;-9.50116763651575;6.02868438548678
465;231;465;47;48;-12.2840748111747;-11.1854625225066;-9.79916816138671;-8.47741232140439;-3.24238980522867;-11.5909276306148;-1.16302224829321;-9.67535061771944;6.10424696776971
486;237;488;47;48;-12.3806308117063;-10.9943364505864;-9.89572416191829;-8.46860780627815;-3.2559572664872;-11.6874836311463;-1.16874287423501;-9.67937566063622;6.1445862839888
500;243;506;47;49;-12.4530733385749;-11.066778977455;-9.8881239811134;-8.5018296199935;-3.21365971911304;-11.066778977455;-1.16080701362599;-9.69942469627892;6.13382320763802
520;248;521;50;50;-12.5115000835067;-11.1252057223868;-10.0265934337187;-8.59947707807859;-3.19679969620631;-11.1252057223868;-1.15636357554145;-9.83154516412569;6.18584736241631
540;254;541;50;50;-12.586838557693;-11.2005441965731;-10.101931907905;-8.63559483911154;-3.18670461408412;-11.2005441965731;-1.16466965599362;-9.83909248790461;6.25170732650465
560;262;558;50;51;-12.6487179247626;-11.2624235636427;-10.0096605951474;-8.64138473953015;-3.21036587007537;-11.2624235636427;-1.17277807264437;-9.8643744375418;6.29851257997264
580;274;586;51;51;-12.746639579154;-11.3603452180341;-10.1075822495388;-8.65229501693192;-3.20980515894067;-11.3603452180341;-1.23636763164936;-9.92430173089355;6.49760147350611
602;281;601;52;52;-12.7971898690704;-11.4108955079505;-10.2322405116089;-8.70284530684831;-3.18955097831913;-11.4108955079505;-1.25230072889479;-10.0050030954167;6.61383875278888
622;288;628;52;52;-12.8850803329364;-11.4987859718165;-10.1770301318342;-8.75794594789131;-3.2090581573635;-11.2756424205023;-1.27104336659776;-10.0213263592313;6.72132856981351
642;290;643;52;52;-12.9322894484752;-11.5459950873553;-10.224239247373;-8.77340636511557;-3.2064941843494;-11.3228515360411;-1.28277227841723;-10.0440042299537;6.80043659692417
663;298;666;54;52;-13.0025793410808;-11.6162849799609;-10.2945291399786;-8.81292459905435;-3.21753754375113;-11.3931414286467;-1.28820802661248;-10.1205833526637;6.94649186575224
684;299;685;55;52;-13.0588376765245;-11.6725433154046;-10.3852839111657;-8.85414505713348;-3.22143650911618;-11.4493997640903;-1.30280918250041;-10.1846580352776;7.06447867941857
705;304;707;57;52;-13.1220613317931;-11.7357669706733;-10.4830040021779;-8.88795482719589;-3.22358632108056;-11.512623419359;-1.30105575613194;-10.2415767216957;7.06628316230493
725;307;723;57;52;-13.1668184443175;-11.7805240831976;-10.4587682432153;-8.90413856727621;-3.19473810031579;-11.5573805318834;-1.31997399951381;-10.2610828043605;7.13630466183152
747;316;746;57;54;-13.2294512004075;-11.8431568392876;-10.5214009993053;-8.98095595835816;-3.16299481959325;-11.6200132879734;-1.33813039645192;-10.3189485511013;7.12804740151718
768;323;774;59;54;-13.3031437471795;-11.9168493860596;-10.5950935460772;-9.0264776281634;-3.168584157007;-11.5113842779514;-1.34254334307157;-10.3894270179898;7.23853676129115
788;330;801;59;54;-13.3717218941367;-11.9854275330168;-10.5991331718969;-9.06765680093255;-3.13785203961678;-11.5799624249087;-1.3599442012704;-10.3920881892864;7.2504351781829
810;334;824;59;56;-13.4283410598189;-12.0420466986991;-10.7202908587167;-9.12427596661477;-3.13673803750976;-11.6365815905909;-1.36380893740135;-10.4781425054284;7.40711889160089
831;342;848;59;57;-13.4857612715838;-12.0994669104639;-10.713172549344;-9.1682731580475;-3.12162622222597;-11.6940018023558;-1.38502691973615;-10.517397903283;7.46936815186673
851;349;869;59;57;-13.5346862505308;-12.1483918894109;-10.762097528291;-9.1526596158569;-3.13802800946739;-11.7429267813027;-1.38446992575535;-10.5027106942371;7.47441151071575
872;356;886;59;57;-13.5734339012102;-11.9639959887761;-10.683062143314;-9.16671465394591;-3.14220461253173;-11.7816744319821;-1.39243294010901;-10.4941819991634;7.48125748821241
895;366;905;62;57;-13.6158698873999;-12.0064319749658;-10.7826565433436;-9.2091506401356;-3.15803755718424;-11.8241104181718;-1.4058898855387;-10.5732483971642;7.5418926847411
915;376;928;64;58;-13.6660634655724;-12.2797691044525;-10.8328501215162;-9.2472228577758;-3.17090790142618;-11.8743039963443;-1.39982748107096;-10.633261339348;7.54680321081507
935;382;949;64;61;-13.7108175972199;-12.3245232361;-10.9382288749801;-9.32879096254597;-3.17107072633083;-11.9190581279918;-1.39921894972547;-10.7273319611961;7.62409561255822
955;391;974;66;62;-13.7628226072851;-12.3765282461652;-11.0547724061829;-9.40611378059548;-3.16244488791016;-11.971063138057;-1.39451632294864;-10.792312311673;7.59389574709598
975;394;990;66;62;-13.7954098862573;-12.1859719738232;-11.0228211640175;-9.40096073158483;-3.16307022854042;-11.849499737202;-1.40553761015591;-10.796295706226;7.62258550363039
996;398;1009;66;62;-13.8334300407072;-12.2239921282731;-11.0608413184674;-9.41466201765343;-3.15666798813267;-11.8875198916519;-1.42191763525683;-10.8099334515327;7.68978677266236
1017;405;1025;69;62;-13.864895783145;-12.2554578707109;-11.1568455820428;-9.48286914847113;-3.1742926791586;-11.9189856340897;-1.4140864061387;-10.8726604900874;7.69650937890509
1038;413;1040;71;62;-13.8939519842708;-12.2845140718367;-11.1859017831686;-9.53724315758124;-3.18334145386133;-12.1021925150428;-1.40312153780613;-10.8962290796558;7.64766924422637
1061;419;1058;71;65;-13.9282712248365;-12.5419768637166;-11.2202210237343;-9.61078311130018;-3.17463274293075;-12.1365117556084;-1.41113572995422;-10.9794847608951;7.68476250929891
1082;423;1078;72;66;-13.9657255029379;-12.579431141818;-11.2576753018357;-9.68905938392183;-3.16696658575168;-12.1739660337098;-1.41117441318348;-11.0352551776174;7.74385877560528
1102;431;1095;72;68;-13.9970192845012;-12.6107249233813;-11.288969083399;-9.74852404245184;-3.17608167237107;-12.2052598152731;-1.42521730997318;-11.0881950709704;7.77330141550954
1125;436;1119;72;68;-14.0403814166239;-12.654087055504;-11.3323312155216;-9.72960481325361;-3.18186330389764;-12.654087055504;-1.42255348768332;-11.0664713346761;7.69728954593938
1147;442;1135;74;68;-14.068775859831;-12.6824814987111;-11.3607256587288;-9.75128774629469;-3.16432559936352;-12.6824814987111;-1.41510497159235;-11.0885581181301;7.63080140914543
1170;445;1160;74;68;-14.1123505682008;-12.7260562070809;-11.4043003670986;-9.76854514634714;-3.13710818116647;-12.7260562070809;-1.4298419006919;-11.1147302988362;7.71653522814357
1190;451;1181;74;68;-14.1482336323947;-12.7619392712748;-11.3756449101549;-9.79152480570513;-3.12927667412406;-12.7619392712748;-1.43681132886931;-11.1225482785921;7.77825272819537
1210;459;1202;75;69;-14.1834842301903;-12.7971898690704;-11.4108955079505;-9.83967880833662;-3.12991527672205;-12.7971898690704;-1.4507175330098;-11.1826007828107;7.86503514897832
1231;465;1215;75;71;-14.2049987115493;-12.8187043504294;-11.4969485104471;-9.88751059801299;-3.13452396753921;-13.5118515309894;-1.45393092648304;-11.2234803130039;7.87229827311888
1251;473;1233;75;72;-14.2344110063287;-12.8481166452088;-11.4618222840889;-9.91692289279238;-3.14987133285119;-13.5412638257687;-1.44923091828366;-11.2376859499638;7.86464498688808
1271;481;1257;77;72;-14.2729664171805;-12.8866720560606;-11.5649162160783;-9.99630029816444;-3.1473223898848;-13.5798192366205;-1.45512477344672;-11.2791395348964;7.8677403165324
1291;489;1282;78;72;-14.3123532749612;-12.9260589138413;-11.5397645527214;-9.99486516142492;-3.15966623846283;-13.6192060944013;-1.47573251862763;-11.3051591490973;7.91283248511707
1314;490;1299;78;72;-14.3387000333412;-12.9524056722213;-11.5661113111014;-10.0079666930549;-3.15678176556113;-13.6455528527813;-1.4812062561387;-11.319758788738;7.97471876503841
1334;491;1316;78;72;-14.3647042237705;-12.9784098626506;-11.5921155015307;-10.0079953970809;-3.15396551745496;-13.6715570432106;-1.49115354942997;-11.3386486886167;8.03682474612768
1354;499;1342;78;72;-14.4038326350633;-13.0175382739434;-11.6312439128235;-10.0218060003894;-3.1493670665348;-13.7106854545033;-1.51138569326056;-11.3304906490231;8.01607433495194
1374;505;1366;80;74;-14.4392840802615;-13.0529897191416;-11.6666953580217;-10.0825752535719;-3.14451462509441;-13.7461368997015;-1.5252790953046;-11.4307437869984;8.09823321509844
1394;512;1389;80;74;-14.4726786855087;-13.0863843243888;-11.7000899632689;-10.0659594382444;-3.15314381370332;-13.7795315049487;-1.5341251718779;-11.4198132943208;8.03435127645554
1415;517;1413;80;74;-14.5069407653691;-13.1206464042492;-11.7343520431293;-10.1002215181048;-3.15078607634878;-13.8137935848091;-1.54238039609704;-11.4275363729239;8.09119625242814
1437;528;1444;80;74;-14.5503446389055;-13.1640502777857;-11.6599728810094;-10.1195278400622;-3.15350365295612;-13.8571974583456;-1.57266258421044;-11.4371323335673;8.19916153021067
1459;532;1460;80;74;-14.5723834294048;-13.1860890682849;-11.6820116715086;-10.1297321729144;-3.14737156648864;-13.8792362488448;-1.57964138459691;-11.4402601244036;8.22604726659843
1479;538;1483;81;76;-14.6036446842759;-13.217350323156;-11.8310559620361;-10.1728278854326;-3.13924791766023;-13.9104975037159;-1.58451519651339;-11.5124013375657;8.27709069881552
1500;543;1500;82;77;-14.6264407741806;-13.2401464130607;-11.8538520519408;-10.207600166384;-3.134738945662;-13.9332935936207;-1.5871047206556;-11.5587768943282;8.31643245706005
1520;554;1523;84;77;-14.6568747057903;-13.2705803446704;-11.8842859835505;-10.226057906947;-3.13598107117092;-13.9637275252304;-1.57893772764212;-11.5742025332188;8.27022111287094
1541;560;1552;84;77;-14.6945994014863;-13.3083050403664;-11.9220106792465;-10.263782602643;-3.12965090844895;-14.0014522209264;-1.59864365647847;-11.5969743095357;8.36524090515142
1561;569;1578;87;80;-14.7278270028116;-13.3415326416917;-12.0197768017094;-10.2970102039683;-3.1412236581642;-14.0346798222517;-1.59719986452889;-11.721770680806;8.43069455257863
1581;577;1603;89;80;-14.7592643052191;-13.3729699440992;-12.0512141041169;-10.3525450579549;-3.15339509460614;-13.660652016551;-1.59848245945073;-11.7515824441405;8.40151218418601
1601;582;1625;89;80;-14.7865261895277;-13.4002318284078;-12.0139374672879;-10.3438749330374;-3.15732994289206;-13.6879139008596;-1.61015959290116;-11.7632987088991;8.4759122542757
1621;584;1642;89;80;-14.8073405800247;-13.4210462189049;-12.034751857785;-10.3529932837712;-3.16549433498768;-13.7087282913566;-1.62701211422989;-11.7748982118176;8.53302339138083
1641;589;1667;89;80;-14.8375617655016;-13.4512674043817;-12.0649730432618;-10.3602249510234;-3.17488958966958;-13.7389494768335;-1.64011132398197;-11.7801808826569;8.53473562627747
1662;596;1690;89;80;-14.8649676158342;-13.4786732547143;-12.0923788935945;-10.365157945504;-3.16526387335311;-13.7663553271661;-1.64830365900967;-11.7849071014319;8.5675358482842
1682;599;1713;89;80;-14.8920029966482;-13.5057086355283;-12.1194142744085;-10.392193326318;-3.16999233761484;-13.7933907079801;-1.65294695560487;-11.794296048223;8.63217779862239
1703;605;1732;89;80;-14.9140641782448;-13.5277698171249;-12.141475456005;-10.3814646850915;-3.17202899498182;-13.5277698171249;-1.65562390077072;-11.7815442392321;8.58614555138696
1725;612;1749;89;80;-14.9335989500372;-13.5473045889173;-12.071806399061;-10.3903041677672;-3.16975913680741;-13.5473045889173;-1.67240449816345;-11.77224108791;8.56359437260573
1749;617;1767;90;80;-14.9540769446394;-13.5677825835195;-12.0637051867432;-10.4107821623694;-3.17252990995613;-13.5677825835195;-1.67238090851096;-11.783789014191;8.54083924567019
1769;619;1781;90;80;-14.9698605665793;-13.5835662054594;-12.0794888086832;-10.4159836749788;-3.17274160717567;-13.5835662054594;-1.67710146325007;-11.791874438627;8.58215415816316
1790;624;1795;91;80;-14.9855206018448;-13.5992262407249;-12.0951488439486;-10.4316437102442;-3.17294249839185;-13.5992262407249;-1.68393379522472;-11.8079832025121;8.56985260166997
1811;624;1813;91;80;-15.0054764215097;-13.6191820603898;-12.1151046636135;-10.4411282300419;-3.17759424195281;-13.6191820603898;-1.68674395091892;-11.8161224847413;8.61236323185874
1832;627;1834;91;80;-15.0285093056328;-13.6422149445129;-12.1381375477367;-10.4537983271294;-3.17779818124457;-13.6422149445129;-1.69046535579381;-11.8189663697775;8.62968227873337
1852;632;1858;91;80;-15.0545118387476;-13.6682174776277;-12.1641400808514;-10.4393913219063;-3.17939069716591;-13.6682174776277;-1.69553918127557;-11.8192179392323;8.66643990961628
1872;635;1879;94;80;-15.0769899988269;-13.690695637707;-12.1866182409308;-10.4818701486923;-3.19070947966677;-13.690695637707;-1.69327363735758;-11.8799377951096;8.71429699593065
1892;644;1906;94;81;-15.1055241684283;-13.7192298073084;-12.2151524105321;-10.5003539824402;-3.20453750187844;-13.7192298073084;-1.69416508177094;-11.8988151125947;8.75271165774988
1912;652;1923;94;82;-15.1232834911776;-13.7369891300577;-12.2329117332814;-10.5181133051895;-3.20207688683969;-13.7369891300577;-1.70826094762618;-11.919803599218;8.77782077438711
1932;652;1938;94;82;-15.1388235849014;-13.7525292237815;-12.2484518270053;-10.5237520852652;-3.19945460543784;-13.7525292237815;-1.71393188798098;-11.9288251140646;8.80427541744782
1952;656;1961;94;82;-15.1624196523927;-13.7761252912728;-12.2720478944965;-10.5374468391084;-3.19078535491926;-13.7761252912728;-1.72543971458388;-11.9416362856406;8.86196953289552
1973;661;1985;95;82;-15.1867483862426;-13.8004540251227;-12.2963766283464;-10.5423574871012;-3.1903787718476;-13.8004540251227;-1.72646239594995;-11.954654689303;8.84029826079052
1993;664;2006;95;82;-15.2077959370438;-13.8215015759239;-12.3174241791476;-10.5443568429317;-3.1974280045694;-13.8215015759239;-1.72368390874778;-11.9593426972032;8.9127597804824
2000;667;2016;95;82;-15.2177412583825;-13.8314468972626;-12.2733022792161;-10.5543021642705;-3.19868517395052;-13.8314468972626;-1.73562448035335;-11.9552510620822;8.88816661413793
2022;671;2032;95;83;-15.2335516173967;-13.8472572562769;-12.2891126382303;-10.5701125232847;-3.20065448155288;-13.8472572562769;-1.74134063772616;-11.9849048810893;8.94674522051242
2042;674;2057;95;85;-15.2580077793059;-13.871713418186;-12.3676360214097;-10.6136168801645;-3.20625832848284;-13.871713418186;-1.74628699574152;-12.0409997754863;9.01403315756311
2063;679;2073;95;85;-15.2735042248716;-13.8872098637517;-12.3290652457051;-10.5913729977473;-3.21155602360555;-13.8872098637517;-1.7574163918821;-12.0415496655005;9.01938353676934
2083;681;2088;95;85;-15.2879238980051;-13.9016295368852;-12.3434849188386;-10.6057926708808;-3.20741447545023;-13.9016295368852;-1.76284986919447;-12.0428595754285;9.01615936060042
2103;683;2107;95;86;-15.3060408276084;-13.9197464664885;-12.3616018484419;-10.6239096004842;-3.20708023077484;-13.9197464664885;-1.76458823975986;-12.0711055889411;9.07251194300648
2123;692;2129;97;88;-15.326815329787;-13.9405209686671;-12.4364435718908;-10.6824244306456;-3.21117627397858;-13.9405209686671;-1.75809189241566;-12.144685237497;9.13243927884313
2143;694;2148;97;88;-15.3445849112575;-13.9582905501376;-12.4542131533613;-10.7001940121161;-3.21248716981193;-13.9582905501376;-1.76418927638867;-12.1487532543375;9.15399446531074
2164;698;2167;97;88;-15.3621980030727;-13.9759036419528;-12.4177590239063;-10.6987589089607;-3.21868184420881;-13.9759036419528;-1.77739956592261;-12.1520713439297;9.16506826352019
2185;701;2188;97;88;-15.3814863270837;-13.9951919659639;-12.4370473479173;-10.6629874557886;-3.22979595244677;-13.5897268578557;-1.77210120354573;-12.1391409491206;9.12687713909022
2205;704;2206;97;88;-15.3978723996269;-14.011578038507;-12.4021401260729;-10.6704845809146;-3.22518075162905;-13.6061129303988;-1.78132266645383;-12.1457123457768;9.15197283682314
2225;710;2232;97;88;-15.4213066470024;-14.0350122858825;-12.4255743734484;-10.6851081986079;-3.23579391543759;-13.6295471777743;-1.78666949490898;-12.1389802319612;9.12676414905966
2245;713;2250;97;88;-15.4373709903969;-13.8279330779628;-12.4416387168429;-10.6837807992906;-3.23916923924733;-13.6456115211689;-1.7875408246798;-12.1344069620346;9.11806331455826
2265;716;2274;97;88;-15.458591348621;-13.8491534361869;-12.4140689108975;-10.6879067241553;-3.24461005902275;-13.6668318793929;-1.7950287316288;-12.1443441149811;9.17163593545326
2285;720;2300;97;88;-15.4813288038345;-13.8718908914004;-12.4368063661111;-10.7106441793688;-3.24379140654874;-13.6895693346064;-1.7964145215963;-12.1460119134278;9.20474420255284
2305;722;2314;98;88;-15.4934658155072;-13.8840279030731;-12.4489433777838;-10.7227811910416;-3.24823015079575;-13.7017063462792;-1.79590918280015;-12.1650408568373;9.23375328395892
2325;725;2334;100;88;-15.510677625693;-13.9012397132589;-12.514945352139;-10.7399930012273;-3.24851296806048;-13.7189181564649;-1.79301917549628;-12.1983204675036;9.23801956860052
2345;726;2349;100;88;-15.5234899693178;-13.9140520568837;-12.4789675315944;-10.7359982265358;-3.24288979680223;-13.7317305000898;-1.7986122470068;-12.2065604248757;9.26448437118382
2365;730;2367;100;89;-15.538757219028;-13.9293193065939;-12.4942347813045;-10.7512654762459;-3.2415193357457;-13.7469977497999;-1.7970503718173;-12.2267289743618;9.28569363568206
2385;735;2390;102;89;-15.5580972898511;-13.948659377417;-12.5135748521277;-10.8131651614879;-3.24281155934762;-13.7663378206231;-1.79528733185399;-12.2571672695628;9.27265049571947
2405;739;2412;103;89;-15.5764231156942;-13.9669852032601;-12.5319006779707;-10.8228329245878;-3.24025246487399;-13.7846636464661;-1.79949019769905;-12.2740048500305;9.26401177350802
2425;741;2428;104;90;-15.5896463043588;-14.2033519432389;-12.5939140308048;-10.8711474330637;-3.24471647344873;-13.7978868351307;-1.79818973794671;-12.3109863994597;9.27066671128204
2446;744;2448;105;90;-15.6060532872644;-13.9966153748303;-12.6103210137104;-10.8875544159693;-3.25225052970992;-13.8142938180364;-1.80065165272847;-12.3333692916978;9.30102089491326
2466;746;2471;105;90;-15.6247564119772;-14.0153184995431;-12.6290241384232;-10.879824283614;-3.25484445903198;-13.8329969427492;-1.80402848816727;-12.3348124879149;9.30218629811792
2487;749;2499;105;90;-15.6472918616699;-14.0378539492358;-12.6027694239465;-10.9023597333067;-3.24981404061273;-13.8555323924418;-1.80799251407435;-12.3450981784897;9.36716137212972
2507;752;2520;105;90;-15.6640283610109;-14.0545904485768;-12.6195059232875;-10.8933437365453;-3.24087852739654;-13.8722688917829;-1.81451259007733;-12.3515231793725;9.39433366515006
2527;757;2540;106;90;-15.6798387200252;-14.0704008075911;-12.6353162823017;-10.9091540955595;-3.23973797537884;-13.6003971783453;-1.81445287256724;-12.3703513316725;9.42799853591324
2548;759;2560;106;90;-15.6955250749472;-14.0860871625131;-12.6510026372238;-10.8672113376449;-3.23718512193642;-13.6160835332674;-1.81795281062027;-12.3752413090909;9.46511801317009
2569;768;2586;110;92;-15.7157351186636;-14.3294407575437;-12.7200028451096;-10.9795366702691;-3.24352840025425;-13.6362935769838;-1.80706122918009;-12.469715752602;9.47969434790995
2590;772;2603;110;92;-15.7288398099891;-14.3425454488692;-12.7331075364351;-10.9752496188828;-3.24695526457766;-13.6493982683093;-1.81503081424137;-12.4745130481854;9.5162745211966
2611;775;2621;111;93;-15.7426224066468;-14.3563280455269;-12.7468901330928;-11.0241235353517;-3.2415247144096;-13.663180864967;-1.81559104661205;-12.5148566025465;9.55677254168311
2631;785;2643;115;95;-15.7593398292086;-14.3730454680887;-12.8689680713124;-11.1343670159243;-3.24462873798663;-13.6798982875287;-1.80930187479631;-12.6018552886305;9.55694159006115
2651;790;2668;115;95;-15.778168814071;-14.3918744529511;-12.8877970561749;-11.1242084639135;-3.25268289792762;-13.6987272723912;-1.81273507098501;-12.594649774092;9.52245169585937
2671;796;2690;115;95;-15.7945929451918;-14.4082985840719;-12.9042211872956;-11.1124617180676;-3.25163386311873;-13.7151514035119;-1.82365595009619;-12.5989910527906;9.551249479026
2691;800;2705;115;95;-15.8057143825612;-14.4194200214413;-12.8612754033947;-11.1235831554369;-3.25074698041122;-13.7262728408813;-1.82583156357945;-12.5993023909884;9.58016816872831
2713;805;2728;115;95;-15.8226480379267;-14.4363536768068;-12.8782090587603;-11.1041491666316;-3.25574857940683;-13.7432064962469;-1.82395879061156;-12.5912045304654;9.5555578033078
2734;806;2745;115;95;-15.8350727078873;-14.4487783467674;-12.8393404343333;-11.1165738365922;-3.24326158443296;-13.7556311662074;-1.82787376581428;-12.5988544654999;9.58607718658833
2754;810;2772;115;95;-15.8546487206196;-14.4683543594997;-12.8589164470656;-11.1184502722251;-3.24081360793257;-13.7752071789398;-1.84038894842004;-12.610591401058;9.63658319416115
2775;814;2786;116;95;-15.8647243086795;-14.4784299475596;-12.8689920351255;-11.128525860285;-3.2291575772418;-13.7852827669997;-1.84256306201615;-12.6266911299105;9.65548711100442
2797;819;2807;116;97;-15.8797431527238;-14.4934487916039;-12.9893713948276;-11.1792627869313;-3.23647420092397;-13.8003016110439;-1.84336443017536;-12.6676269361892;9.67767024574345
2817;825;2824;116;99;-15.8918191972263;-14.5055248361064;-13.0014474393301;-11.209687970102;-3.23082483487533;-13.8123776555464;-1.84757593639558;-12.7041230425117;9.68685086222238
2837;827;2838;116;99;-15.90170971544;-14.5154153543201;-13.0113379575438;-11.2195784883158;-3.23066482688627;-13.8222681737601;-1.84864710890462;-12.7073502044962;9.71603859470894
2859;829;2858;116;99;-15.9157547169796;-14.5294603558597;-13.0253829590835;-11.2244489205213;-3.22354061030953;-13.8363131752998;-1.85769021418132;-12.711845112321;9.74742784965336
2880;831;2869;116;100;-15.9234376319627;-14.5371432708428;-13.0330658740666;-11.2413064048385;-3.22506184969205;-13.8439960902829;-1.85631891108401;-12.7330235858059;9.77666278359639
2900;836;2888;116;103;-15.9366390000254;-14.5503446389055;-13.1034256559692;-11.3314688140373;-3.23452954820271;-13.8571974583456;-1.85770397058103;-12.7879216558913;9.80540955536804
2921;839;2910;116;103;-15.9518167203311;-14.5655223592112;-13.0614449624349;-11.346646534343;-3.23015182944727;-13.8723751786512;-1.86219424944998;-12.7909359469939;9.84030132131762
2942;841;2931;116;103;-15.9661978814218;-14.5799035203019;-13.0758261235256;-11.3412250681375;-3.22630209393292;-13.8867563397419;-1.86692140915295;-12.7944857903594;9.84020439877313
2963;846;2958;116;105;-15.9845372865415;-14.5982429254216;-13.0941655286453;-11.3793671005534;-3.23128298028467;-13.9050957448617;-1.86960977990709;-12.8315321719595;9.84595141168396
2985;850;2979;116;106;-15.9986859054266;-14.6123915443067;-13.1654725613703;-11.3935157194385;-3.23225489059991;-15.3055387248666;-1.8722055512535;-12.8488352552551;9.86073705976794
3000;851;2995;116;106;-16.0093990210991;-14.6231046599792;-13.1761856770429;-11.3844262078148;-3.23343216350839;-15.3162518405392;-1.87425797012678;-12.8540071599545;9.8984351174335
3020;854;3012;116;106;-16.0207191778396;-14.6344248167197;-13.1875058337834;-11.3957463645553;-3.23645576108072;-15.3275719972796;-1.87675775431843;-12.8591321930292;9.9294596312924
3040;859;3036;116;106;-16.036592277031;-14.6502979159111;-13.1462205191349;-11.3922013778897;-3.22528605299503;-15.3434450964711;-1.88344159326512;-12.8640139186508;9.9726311902043
3062;861;3057;116;108;-16.0503786437817;-14.6640842826618;-13.2171652997255;-11.4502336257203;-3.22397685294096;-15.3572314632217;-1.88477475324422;-12.9050912724008;9.99922898856089
3085;866;3077;116;108;-16.0634207506441;-14.6771263895242;-13.2302074065879;-11.458250564656;-3.22781986863215;-15.3702735700841;-1.88266031876374;-12.9062413676411;10.0405265496265
3105;872;3106;116;108;-16.0821820074173;-14.6958876462974;-13.1918102495211;-11.457209194133;-3.22260778473351;-15.3890348268573;-1.89259106289623;-12.909844933932;10.0826600117026
3126;876;3127;116;108;-16.0956587149157;-14.7093643537958;-13.2052869570195;-11.4706859016314;-3.22582650572016;-15.4025115343557;-1.89633510527969;-12.9099634695902;10.0749290044879
3146;877;3146;116;108;-16.1077741672364;-14.7214798061166;-13.2174024093403;-11.4538138170789;-3.21994648591381;-15.4146269866765;-1.89970678912872;-12.9142806931589;10.0976010633238
3166;883;3164;118;108;-16.1191846577751;-14.7328902966552;-13.2288128998789;-11.4942118444908;-3.21571636919571;-15.4260374772151;-1.89500081009169;-12.9390995057706;10.0954914952218
3186;885;3183;118;108;-16.1311588545642;-14.7448644934443;-13.240787096668;-11.5061860412799;-3.21660716447709;-15.4380116740042;-1.89803132240061;-12.9430149659053;10.120666667957
3208;891;3207;118;108;-16.1461823993863;-14.7598880382664;-13.2558106414901;-11.4640511722621;-3.21404775828505;-15.4530352188264;-1.89964035622544;-12.9368611928446;10.1071207061841
3228;896;3230;118;108;-16.1604748324334;-14.7741804713135;-13.2701030745372;-11.4783436053092;-3.2086862756705;-15.4673276518735;-1.90969961640245;-12.9390978123473;10.1184463674387
3248;904;3251;118;108;-16.1734358406078;-14.7871414794879;-13.2830640827116;-11.446087180763;-3.21184233495963;-15.4802886600479;-1.90922700922514;-12.938017499627;10.1539210552627
3268;906;3273;118;109;-16.1869245490024;-14.8006301878825;-13.2965527911062;-11.4864441832099;-3.20827451046793;-15.4937773684424;-1.90970970627386;-12.9587539447218;10.1808717615297
3288;908;3289;118;110;-16.1966776923781;-14.8103833312582;-13.3063059344819;-11.5145464652539;-3.20944698896528;-15.5035305118182;-1.90884307445102;-12.9796717153839;10.2106516176532
3311;911;3303;118;110;-16.2051728507816;-14.8188784896617;-13.3148010928854;-11.5046924849892;-3.20854504680499;-15.5120256702216;-1.91227908476673;-12.9833859038169;10.2431085111808
3332;911;3321;118;110;-16.2160424427535;-14.8297480816336;-13.3256706848573;-11.5155620769611;-3.19522464491589;-15.5228952621935;-1.91686206477967;-12.9918853150888;10.271706087338
3352;912;3338;118;110;-16.2262542084436;-14.8399598473237;-13.2818152292771;-11.5077553371485;-3.19703296275919;-15.5331070278836;-1.91772198068835;-12.996944946004;10.3085510782387
3374;914;3360;118;110;-16.2393925059145;-14.8530981447946;-13.2949535267481;-11.50319405752;-3.19239727897053;-15.5462453253546;-1.92073130161845;-13.0009119395844;10.3384107426767
3394;916;3380;118;111;-16.2512619769541;-14.8649676158342;-13.3068229977877;-11.532763105659;-3.18188806847051;-15.5581147963942;-1.92578876747733;-13.0228875421798;10.3605002221786
3414;922;3399;119;111;-16.2624730993922;-14.8761787382723;-13.3180341202258;-11.5439742280971;-3.17793620752836;-15.5693259188323;-1.92954230996486;-13.0352258741951;10.3614314158754
3435;926;3421;119;113;-16.2753763699552;-14.8890820088353;-13.385004612059;-11.5748960041628;-3.17953768237031;-15.5822291893953;-1.92648194935145;-13.0681234061369;10.391921167457
3455;927;3437;119;113;-16.2847085536997;-14.8984141925798;-13.3943367958035;-11.5662096824046;-3.1797273751931;-15.5915613731397;-1.92985313901903;-13.071978329034;10.4150903984907
3475;928;3453;119;113;-16.29399739478;-14.9077030336601;-13.4036256368838;-11.5577989463855;-3.17887617863272;-15.60085021422;-1.93588293392266;-13.0769960910465;10.4458924916386
3496;932;3475;119;115;-16.3066995159978;-14.9204051548779;-13.4163277581016;-11.6245682888736;-3.17853102094113;-15.6135523354378;-1.93737913499763;-13.1128128028398;10.4751739003696
3500;933;3482;119;115;-16.3107242406563;-14.9244298795364;-13.4203524827601;-11.6102438748639;-3.17753962462036;-15.6175770600963;-1.94022974810358;-13.1159613564247;10.4863206836039
3520;936;3503;119;115;-16.322750046395;-14.9364556852751;-13.4323782884988;-11.6222696806026;-3.17882089107608;-15.629602865835;-1.94227517226434;-13.1184649577194;10.5103631511064
3540;939;3521;119;116;-16.3330006383101;-14.9467062771902;-13.4426288804139;-11.6325202725177;-3.18218975553758;-15.6398534577502;-1.94276163745799;-13.1366473062803;10.5307344259426
3560;944;3544;119;116;-16.3460226234499;-14.9597282623301;-13.4556508655538;-11.6275237521548;-3.18821295476141;-15.65287544289;-1.94566304457089;-13.1358481259782;10.5546035580548
3581;948;3563;119;116;-16.3567163312117;-14.9704219700918;-13.4122773520452;-11.6382174599166;-3.18802295622474;-15.6635691506517;-1.94667137006845;-13.1323838753274;10.5388611518849
3602;950;3578;121;116;-16.3651185281373;-14.9788241670174;-13.4206795489709;-11.6466196568422;-3.18962584285022;-15.6719713475774;-1.94529473556389;-13.1646325403779;10.5669221514938
3622;953;3595;121;119;-16.3745985403103;-14.9883041791904;-13.6020098180705;-11.749625727026;-3.19608926148376;-15.6814513597503;-1.94264151680999;-13.2091578908717;10.5517454458063
3642;957;3616;121;121;-16.3862474430241;-14.9999530819042;-13.6136587207844;-11.7711269261829;-3.20184867470035;-15.6931002624642;-1.94250749755199;-13.2380368783148;10.5289588903131
3662;958;3638;121;121;-16.3983787181561;-15.0120843570362;-13.6257899959164;-11.7832582013149;-3.207232091234;-15.7052315375962;-1.94279849637688;-13.2434378115564;10.5653097894799
3682;959;3657;121;121;-16.4087968362988;-15.0225024751789;-13.636208114059;-11.7838240230145;-3.20224305711651;-15.7156496557388;-1.94806228787463;-13.2514292007194;10.5887046518484
3702;962;3673;121;121;-16.4175280916393;-15.0312337305194;-13.6449393693996;-11.7925552783551;-3.20245062864172;-15.7243809110794;-1.95258715856039;-13.2512416684263;10.5845515972196
3723;965;3695;121;121;-16.4294716667646;-15.0431773056447;-13.6568829445248;-11.7850807676232;-3.20027565779697;-15.7363244862047;-1.95455738896482;-13.255332413779;10.6210417302368
3745;970;3715;123;121;-16.4402679143037;-15.0539735531838;-13.6676791920639;-11.8055389260741;-3.19985487012558;-15.7471207337438;-1.96136499223057;-13.2884551078205;10.6538942179056
3767;973;3737;123;121;-16.452076858971;-15.0657824978511;-13.6794881367312;-11.7981165088134;-3.19122713502672;-15.758929678411;-1.962806344035;-13.2877879327201;10.6560001368245
3787;977;3758;123;121;-16.4632843599468;-15.0769899988269;-13.690695637707;-11.7998452658348;-3.19140674872466;-15.7701371793869;-1.96413720397923;-13.2880186629632;10.6704851736381
3807;981;3780;123;121;-16.4749585772273;-15.0886642161074;-13.6417452331711;-11.8021297427654;-3.19374188047261;-15.7818113966673;-1.96421651242106;-13.2873079350107;10.6814561114187
3827;987;3803;123;123;-16.4870910158565;-15.1007966547366;-13.7145022936167;-11.8236519217445;-3.19576829302847;-15.3884787271884;-1.96144047625603;-13.3102879285271;10.6565552993874
3847;990;3821;123;123;-16.4965348948938;-15.1102405337739;-13.723946172654;-11.8237060604319;-3.19260024208622;-15.3979226062257;-1.95896419370549;-13.3095502228824;10.677701345936
3867;993;3839;125;123;-16.5059343900016;-15.1196400288817;-13.7333456677618;-11.8424952958895;-3.19106152941582;-15.4073221013335;-1.95901408951207;-13.3413164743444;10.7055804907588
3887;996;3855;125;123;-16.5142525719949;-15.127958210875;-13.7416638497551;-11.8321213448706;-3.19843318980506;-15.4156402833268;-1.95758163772969;-13.3344756276352;10.6822766354678
3908;999;3873;126;124;-16.5235693590295;-15.1372749979096;-13.7509806367897;-11.8414381319053;-3.19781789071952;-15.4249570703614;-1.95305763701661;-13.3577484754993;10.6656922683614
3928;1000;3884;126;124;-16.5292416588224;-15.1429472977025;-13.7566529365827;-11.8471104316982;-3.20081741180811;-15.4306293701543;-1.95398190463063;-13.3590587030894;10.6711726906446
3948;1005;3904;126;126;-16.539513895066;-15.1532195339461;-13.7669251728262;-11.8855535449084;-3.20560516619122;-15.4409016063979;-1.95548573161698;-13.386342915272;10.6692247415501
3968;1008;3926;126;126;-16.5507527496728;-15.1644583885529;-13.778164027433;-11.8967923995153;-3.20606855931068;-15.4521404610047;-1.97057746267566;-13.3932675063066;10.7051932486543
3989;1009;3942;127;126;-16.5588869754253;-15.1725926143054;-13.7862982531855;-11.914496076284;-3.2033441749579;-15.4602746867572;-1.9728738290933;-13.4121313059797;10.7238723830255
4000;1010;3952;127;126;-16.5639541177355;-15.1776597566156;-13.7913653954957;-11.9195632185941;-3.2056399529077;-15.4653418290674;-1.97356893765305;-13.4151678309703;10.7438260297169
4020;1015;3977;128;126;-16.5765660904154;-15.1902717292955;-13.8039773681756;-11.9226057402579;-3.20958264202287;-15.4779538017473;-1.9796845851431;-13.4329504335881;10.7863216543324
4040;1018;4003;128;126;-16.5895987179851;-15.2033043568653;-13.8170099957454;-11.9356383678276;-3.19902359064457;-15.490986429317;-1.98481840246785;-13.4361679502884;10.7944564626895
4060;1020;4024;128;126;-16.6000634235591;-15.2137690624393;-13.8274747013194;-11.9366243294471;-3.19991983573084;-15.501451134891;-1.98663674432306;-13.4394641452172;10.8345174814507
4083;1027;4056;129;126;-16.615905090542;-15.2296107294221;-13.7826917464858;-11.9337738634178;-3.19361491426949;-15.5172928018739;-1.98223804442528;-13.4349105889928;10.7509376308379
4103;1032;4076;129;126;-16.6257427886852;-15.2394484275653;-13.792529444629;-11.943611561561;-3.19657141103064;-15.5271305000171;-1.99612351573253;-13.4411296241765;10.7878775226494
4123;1035;4094;129;126;-16.6345555324425;-15.2482611713226;-13.8013421883863;-11.9250253311301;-3.19363661092091;-15.5359432437744;-1.99501384016945;-13.4384302840168;10.7855415415685
4144;1038;4119;129;126;-16.6467313888722;-15.2604370277523;-13.756359630976;-11.9282325175771;-3.18914226567935;-15.5481191002041;-1.99656887975447;-13.4401253989128;10.7970953233618
4164;1041;4140;129;126;-16.6569021336387;-15.2706077725188;-13.7665303757426;-11.9384032623436;-3.18812750424129;-15.5582898449706;-2.00058114177788;-13.4444027641025;10.815918069231
4184;1044;4167;129;126;-16.6699032628449;-15.283608901725;-13.7795315049487;-11.9514043915498;-3.1910507587648;-15.5712909741768;-2.0046226172528;-13.4498783415907;10.8558604245653
4204;1051;4189;129;126;-16.6804346418941;-15.2941402807742;-13.7900628839979;-11.9182607070963;-3.19084260741311;-15.581822353226;-2.00725448220251;-13.4410760485265;10.8280792024907
4224;1052;4207;129;126;-16.689010167181;-15.3027158060612;-13.7986384092849;-11.9098866740695;-3.18960859140884;-15.5903978785129;-2.01004863003854;-13.4417537967753;10.8216509862382
4244;1053;4236;129;126;-16.7027494134426;-15.3164550523227;-13.8123776555464;-11.9236259203311;-3.19029179002083;-15.6041371247745;-2.01380259888146;-13.450294402408;10.8646345085721
4265;1054;4252;129;126;-16.7102894789237;-15.3239951178038;-13.8199177210275;-11.9311659858121;-3.18952589113331;-15.6116771902556;-2.01558878327986;-13.450889298513;10.8534062270713
4285;1059;4278;129;126;-16.7224817792847;-15.3361874181648;-13.8321100213885;-11.9349900365027;-3.18949064321554;-15.6238694906166;-2.01992888386931;-13.4525072179756;10.8844407362706
4306;1061;4296;129;126;-16.7308792723774;-15.3445849112575;-13.8405075144812;-11.9350887267807;-3.18966872737165;-15.6322669837093;-2.02482911516406;-13.4574440392349;10.9121093797754
4327;1064;4314;129;126;-16.7392416538982;-15.3529472927783;-13.848869896002;-11.9434511083015;-3.18847298471127;-15.6406293652301;-2.0260431274806;-13.4569700000203;10.9214505061462
4347;1069;4332;131;126;-16.7475692162418;-15.3612748551219;-13.8571974583456;-11.9600774734597;-3.18559956331929;-15.6489569275737;-2.02341791307808;-13.4835630177817;10.9443183067632
4367;1071;4350;131;126;-16.7558622481655;-15.3695678870456;-13.8654904902693;-11.9683705053834;-3.1835959132224;-15.6572499594973;-2.02439541425118;-13.4855727044959;10.9668175463423
4387;1073;4369;131;126;-16.7645788579029;-15.378284496783;-13.8742071000067;-11.9605578131696;-3.18273957376446;-15.6659665692348;-2.02872538924186;-13.4814881931843;10.9396112984463
4407;1075;4385;131;126;-16.7718898096126;-15.3855954484927;-13.8815180517164;-11.9678687648793;-3.17669181399594;-15.6732775209445;-2.03278128277855;-13.4822076513859;10.9224625178383
4427;1078;4403;131;126;-16.7800828115115;-15.3937884503916;-13.8356438323451;-11.9678984561391;-3.17923437409615;-15.6814705228434;-2.03928768772122;-13.4819380602033;10.9359575060956
4449;1080;4428;131;126;-16.7914065876571;-15.4051122265372;-13.8469676084906;-11.9551246807056;-3.18508860007058;-15.6927942989889;-2.04106935478127;-13.4854718372931;10.969839875484
4469;1082;4453;132;127;-16.8026666106434;-15.4163722495235;-13.9122948527472;-11.990482255271;-3.1782293948689;-15.7040543219753;-2.04399517831559;-13.5203671664503;10.9880175524024
4490;1085;4465;132;127;-16.8080489866212;-15.4217546255013;-13.8636100074548;-11.9797352493189;-3.17805026899801;-15.7094366979531;-2.03964772245978;-13.5052206779563;10.9099791616062
4511;1088;4488;132;127;-16.8183248944051;-15.4320305332852;-13.8738859152386;-11.9900111571028;-3.17806812882873;-15.719712605737;-2.04173036986926;-13.5079435406413;10.9318839809953
4531;1089;4512;132;127;-16.8289915863558;-15.4426972252359;-13.8845526071893;-11.9848044998972;-3.17509448560014;-15.7303792976877;-2.04624360218867;-13.5132860938027;10.9585489791799
4551;1098;4538;132;127;-16.8404833306796;-15.4541889695597;-13.8447510571256;-11.996296244221;-3.1799589681552;-15.7418710420115;-2.05202537507793;-13.5144823148577;11.0075457812314
4571;1103;4566;135;127;-16.8527856541795;-15.4664912930596;-13.908346675013;-12.016503747228;-3.17653716354872;-15.7541733655114;-2.04520216591519;-13.5522867568985;11.0357940972018
4591;1107;4591;135;127;-16.8637062884984;-15.4774119273786;-13.919267309332;-12.0116760245788;-3.17677710900425;-15.7650939998303;-2.04719296313103;-13.5557245863736;11.0694890525835
4611;1113;4609;137;129;-16.871532385441;-15.4852380243211;-13.9811606275449;-12.084040642659;-3.17714593831405;-15.7729200967729;-2.04263306041912;-13.6099723119542;11.0847571887754
4631;1118;4625;139;129;-16.8784632998931;-15.4921689387732;-13.9880915419969;-12.090971557111;-3.17822892237398;-15.7798510112249;-2.04063815445539;-13.6312694139293;11.062245036969
4652;1121;4648;139;129;-16.8883845970635;-15.5020902359436;-13.9980128391673;-12.1008928542814;-3.1793329355342;-15.7897723083954;-2.04123487726192;-13.6306210264138;11.0658019118443
4674;1126;4671;141;129;-16.8982569210042;-15.5119625598843;-14.0078851631081;-12.1107651782222;-3.1779101535597;-15.7996446323361;-2.04300972652775;-13.6590603725835;11.0929138182681
4694;1129;4694;141;129;-16.9080807528219;-15.521786391702;-14.0177089949258;-12.1205890100399;-3.17371300742475;-15.8094684641538;-2.04509787899812;-13.6606530287231;11.099082446635
4714;1129;4713;141;129;-16.9161598538475;-15.5298654927276;-14.0257880959513;-12.1286681110654;-3.16725715662785;-15.8175475651794;-2.04809839787575;-13.6669570848903;11.1205211986745
4734;1130;4733;141;129;-16.9246290598125;-15.5383346986926;-14.0342573019163;-12.1371373170304;-3.16026864858715;-15.8260167711444;-2.05200204578938;-13.6732969939731;11.141863281803
4754;1136;4745;145;130;-16.9296934220881;-15.5433990609682;-14.0393216641919;-12.1934949736936;-3.16106485002391;-15.8310811334199;-2.04780902808893;-13.7335178206702;11.1329312246814
4775;1140;4770;145;130;-16.9402031677648;-15.5539088066449;-14.0498314098686;-12.1866129766584;-3.1601809369802;-15.8415908790967;-2.05249000704978;-13.7379632993722;11.170923816773
4797;1143;4780;145;131;-16.944391650971;-15.5580972898511;-14.0540198930748;-12.2081932025765;-3.16225175114857;-15.8457793623029;-2.05191438883764;-13.7465222718989;11.1467556562535
4819;1147;4793;145;133;-16.9498235983193;-15.8512113096512;-14.0594518404231;-12.2313247270242;-3.16175309872038;-15.8512113096512;-2.04797612001278;-13.7698269089007;11.143428346729
4844;1152;4807;145;134;-16.9556569357879;-15.569362574668;-14.0652851778918;-12.2371580644928;-3.15898674823751;-15.8570446471198;-2.04674631590642;-13.7709311693106;11.0669473236847
4865;1153;4823;145;134;-16.9623028401379;-15.5760084790181;-14.0719310822418;-12.2438039688428;-3.15992007581923;-15.8636905514698;-2.05000365536647;-13.7749937139629;11.0899010138763
4886;1157;4846;145;134;-16.9718178027529;-15.5855234416331;-14.0814460448568;-12.2533189314578;-3.15689942008986;-15.8732055140848;-2.05036852673416;-13.7738665664756;11.0933656168584
4906;1161;4870;145;134;-16.9816984321533;-15.5954040710334;-14.0913266742571;-12.2281082410469;-3.16319635325304;-15.8830861434852;-2.05025086229615;-13.773063272776;11.1104405847462
4927;1164;4894;145;134;-16.9915304880052;-15.6052361268853;-14.1011587301091;-12.2293565532075;-3.16605375772911;-15.8929181993371;-2.04909395053047;-13.7654727417236;11.0709125310285
4947;1167;4917;145;136;-17.0009077348239;-15.614613373704;-14.1105359769277;-12.2824088635288;-3.16888328486319;-15.9022954461558;-2.04868082389958;-13.7940883389409;11.0806659215731
4967;1172;4936;145;136;-17.0086211311704;-15.6223267700506;-14.1182493732743;-12.2550309400641;-3.17081888932032;-15.9100088425023;-2.04862475055468;-13.7898114679266;11.0899471397683
4988;1177;4959;145;140;-17.0179187729783;-15.9193064843102;-14.1275470150821;-12.335787545854;-3.16762908185894;-15.6316244118584;-2.04507209027078;-13.8407793049696;11.0755024772491
5000;1180;4972;145;140;-17.0231549052612;-15.9245426165931;-14.132783147365;-12.3226745394688;-3.17008270194354;-15.6368605441413;-2.04598683941177;-13.8411241373021;11.0941754621203
5022;1182;5003;145;140;-17.0355860229764;-15.9369737343083;-14.1452142650802;-12.335105657184;-3.17288658220968;-15.6492916618565;-2.05268583919404;-13.8467985582605;11.1256649539293
5042;1182;5023;145;140;-17.0435652875001;-15.944952998832;-14.1531935296039;-12.3430849217077;-3.17314996436653;-15.6572709263802;-2.05531751647672;-13.8522048391722;11.1484849400086
5062;1185;5039;145;140;-17.0499258573612;-15.6636314962413;-14.159554099465;-12.3403956560489;-3.17457498506921;-15.6636314962413;-2.05197853986758;-13.8432270281369;11.114667039725
5082;1186;5066;145;140;-17.0606136611232;-15.6743193000034;-14.1702419032271;-12.3421147898281;-3.17486460778367;-15.6743193000034;-2.05485434419839;-13.8466902508941;11.1135724295331
5104;1190;5091;145;140;-17.0704591078047;-15.6841647466848;-14.1800873499085;-12.3342606594102;-3.17724056551358;-15.6841647466848;-2.05847569999347;-13.8490575490267;11.1440058639059
5124;1192;5112;145;140;-17.0786919921147;-15.6923976309949;-14.1883202342186;-12.3424935437202;-3.17517055682775;-15.6923976309949;-2.06392654168891;-13.8546238421201;11.1664819046265
5146;1196;5136;145;140;-17.0880596907396;-15.7017653296197;-14.1976879328434;-12.3344694996332;-3.17983687009182;-15.7017653296197;-2.06435773922281;-13.8512851185012;11.1528079560053
5167;1200;5155;145;140;-17.0954447929021;-15.7091504317822;-14.1510058137357;-12.3163212997906;-3.1781541212764;-15.7091504317822;-2.06362069173512;-13.8458966647867;11.1504500450495
5189;1200;5172;145;140;-17.1020294797835;-15.7157351186636;-14.1575905006171;-12.322905986672;-3.17738652864363;-15.7157351186636;-2.06566510690701;-13.8508095838228;11.1700974161059
5209;1203;5189;145;140;-17.1085925587355;-15.7222981976156;-14.164153579569;-12.3211008159534;-3.17748802602796;-15.7222981976156;-2.06245830740849;-13.8402040723282;11.1069780561607
5230;1206;5219;145;140;-17.1201221832868;-15.7338278221669;-14.1756832041204;-12.3326304405048;-3.17498785752905;-15.7338278221669;-2.06630348341964;-13.8456108775533;11.133205467186
5252;1208;5236;145;140;-17.1266262540596;-15.7403318929397;-14.1821872748931;-12.3063446884545;-3.17548750329354;-15.7403318929397;-2.06716112213921;-13.8485625262915;11.1549655647841
5272;1213;5258;145;143;-17.1350120105797;-15.7487176494598;-14.2446402526835;-12.364327386114;-3.17718972024112;-15.7487176494598;-2.06603872900574;-13.8859755040969;11.1534579945598
5293;1215;5275;145;143;-17.1414679166885;-15.7551735555686;-14.2510961587924;-12.3707832922229;-3.1789219323826;-15.7551735555686;-2.06686645391613;-13.8876757920528;11.1610793894263
5313;1220;5300;145;143;-17.1509241990804;-15.7646298379605;-14.1551919255264;-12.3634324562984;-3.17856887930322;-15.7646298379605;-2.06881342190342;-13.8845841112245;11.1507863712381
5333;1224;5325;145;143;-17.1603359811553;-15.7740416200354;-14.1646037076013;-12.3728442383732;-3.17193570668966;-15.7740416200354;-2.07315182174678;-13.8870889934397;11.1701864292053
5353;1226;5340;145;143;-17.1659618639085;-15.7796675027886;-14.1702295903545;-12.3537775085361;-3.17130394826085;-15.7796675027886;-2.0781389635071;-13.8892960909312;11.1832655869046
5375;1230;5360;145;143;-17.1734385081297;-15.7871441470098;-14.1777062345757;-12.3371566011782;-3.17413747276379;-15.7871441470098;-2.0749847359487;-13.8845496273419;11.1831451316882
5395;1232;5378;145;144;-17.1801436736576;-15.7938493125377;-14.1844114001036;-12.3438617667061;-3.17568026130155;-15.7938493125377;-2.07269449000476;-13.8979050002165;11.2023621154792
5415;1238;5407;145;147;-17.190899378764;-15.8046050176441;-14.2464603995976;-12.4202147542983;-3.17547295560483;-15.8046050176441;-2.07490809969741;-13.9361403719566;11.200565154794
5436;1245;5429;145;147;-17.1990204678109;-15.812726106691;-14.2032881942569;-12.4115287250289;-3.17659330619729;-15.812726106691;-2.07462670114775;-13.9234445672513;11.1317390247297
5456;1248;5448;145;147;-17.2060076956587;-15.8197133345388;-14.2102754221047;-12.4185159528766;-3.17953467552554;-15.8197133345388;-2.07651516943834;-13.9232099186701;11.1213951050938
5476;1252;5468;145;147;-17.2133363956877;-15.8270420345678;-14.2176041221337;-12.4093153509544;-3.17856019578974;-15.8270420345678;-2.08036775320923;-13.9238168909312;11.1342114168004
5497;1256;5502;145;147;-17.225733882969;-15.8394395218491;-14.230001609415;-12.4135495275966;-3.1820229808461;-15.8394395218491;-2.07906225320382;-13.9226324044135;11.1434220381101
5500;1256;5505;145;147;-17.2268240983136;-15.8405297371937;-14.2310918247596;-12.4146397429411;-3.1812531655074;-15.8405297371937;-2.0795392530219;-13.9235236124692;11.1461821678669
5521;1261;5519;145;147;-17.231903926879;-15.8456095657591;-14.236171653325;-12.4035901895767;-3.1812896266818;-15.8456095657591;-2.0815841626917;-13.922452506413;11.1559282604144
5541;1264;5550;145;147;-17.243106413481;-15.8568120523611;-14.247374139927;-12.4068245065295;-3.17705505974559;-15.8568120523611;-2.08521733241903;-13.9296843437323;11.1932758638314
5563;1265;5564;145;147;-17.2481451060867;-15.8618507449668;-14.2524128325327;-12.4118631991352;-3.17526736367297;-15.8618507449668;-2.08522239745429;-13.9290029288716;11.1966667495334
5583;1267;5582;145;147;-17.2546048281925;-15.8683104670726;-14.2588725546385;-12.4183229212411;-3.17478497548222;-15.8683104670726;-2.08686561218719;-13.930771243202;11.2012584184724
5603;1269;5602;145;147;-17.2617579116401;-15.8754635505202;-14.2660256380861;-12.3942234611845;-3.17815032219385;-15.8754635505202;-2.08601004807535;-13.9257878292993;11.1659243093672
5627;1271;5625;145;147;-17.2699524541452;-15.8836580930254;-14.2254300164218;-12.4024180036897;-3.18074516429588;-15.8836580930254;-2.08528809879471;-13.9274350335807;11.1862972591599
7000;1443;6982;145;148;-17.70218137533;-15.9104219061019;-14.3348855453435;-12.4657394125;-3.16055802298328;-16.0927434628959;-2.21424251903721;-13.984602890969;11.5735962325042
7500;1500;7471;145;148;-17.8375682759516;-15.8916581268963;-14.3718323731519;-12.4622898682674;-3.15400684173014;-16.2281303635175;-2.24953492623527;-14.0136522754151;11.84013750841
8000;1552;7964;145;148;-17.9653733303682;-15.8859317886883;-14.3818543919121;-12.4519445842032;-3.15520458145573;-16.1736138611401;-2.27524410400235;-14.0223120608621;11.9811745031409
8500;1606;8437;145;148;-18.0807641483313;-16.0013226066514;-14.3918846942173;-12.43178991017;-3.14369916338446;-16.2890046791032;-2.30253436585434;-14.0358899316297;12.249040317271
9000;1647;8950;145;148;-18.1988176225378;-16.0015930452016;-14.3921551327675;-12.4367662397576;-3.15190403249382;-16.4070581533097;-2.32887466057284;-14.0522896223166;12.4073227675368
9500;1697;9439;145;148;-18.3052106426499;-16.0026255496558;-14.3539669240685;-12.4288773863341;-3.15874772925071;-16.5134511734218;-2.36380491593819;-14.0600502958052;12.5572498811825
10000;1739;9929;145;148;-18.4064300940672;-16.0085348212688;-14.3990969088347;-12.4275443291661;-3.14670727185032;-16.6146706248391;-2.40584120443252;-14.0834330544849;12.7426525693716
11000;1817;10966;145;148;-18.605109711928;-16.12020306214;-14.4154549699016;-12.4313236080261;-3.15147174906718;-16.8133502426999;-2.4575774992089;-14.1053396306331;13.0178892372595
12000;1901;12019;145;148;-18.7884880199056;-16.0804378188034;-14.431779193216;-12.4569861700119;-3.16272308285201;-16.9967285506775;-2.50874505919964;-14.1216774548944;13.1713302388242
12500;1946;12540;145;148;-18.8733576283738;-16.100768906134;-14.4074495097192;-12.4566253458615;-3.16744721509895;-17.0815981591458;-2.53481967118096;-14.1197475822089;13.1840170296169
14500;2080;14477;145;148;-19.1606329243081;-16.1649006507541;-14.4511027229958;-12.4860715324937;-3.16517620480787;-17.36887345508;-2.62734199063424;-14.1680386955756;13.6924116497636
15000;2120;14993;145;148;-19.2306774089898;-16.1861549712664;-14.4431856662078;-12.4972755171524;-3.16935488139946;-17.4389179397618;-2.65607562401946;-14.173171440208;13.7101863185493
15500;2151;15504;145;148;-19.2977066682611;-16.1196528379132;-14.4614247613096;-12.4953119049368;-3.16708302138552;-16.8128000184731;-2.67455206889378;-14.1752742814777;13.7407950422318
16500;2217;16495;145;148;-19.4216251673254;-16.1635286293039;-14.4518118677494;-12.4843110861017;-3.16870845572194;-16.9367185175374;-2.70316155120568;-14.1793426978277;13.8780046073618
17500;2282;17500;145;148;-19.5399123198232;-16.1387149381611;-14.471008117603;-12.476864156435;-3.16245675910863;-16.900854990208;-2.74421667185902;-14.1904741408708;14.0315192436941
18000;2314;18061;145;148;-19.6030203928473;-16.1372844900476;-14.4790564134441;-12.4801537342482;-3.16842331527732;-16.8949701917451;-2.76921981130284;-14.201940098288;14.1422042921326
19000;2382;19050;145;148;-19.7096447611097;-16.1542966996203;-14.4678977460501;-12.481982262381;-3.16759995611177;-17.0015945600075;-2.79640235557578;-14.1957719465403;14.1976224747165
20000;2448;20015;145;148;-19.8084745428533;-16.170888383127;-14.470936463152;-12.4872859861139;-3.16825707108299;-17.1004243417511;-2.82926435152695;-14.2036343022996;14.379602231279
21000;2511;21043;145;148;-19.9086464844772;-16.1950744177729;-14.4925460822728;-12.5001159175826;-3.1671450723952;-17.200596283375;-2.87400797343176;-14.2181416592334;14.5306213008739
22000;2569;22051;145;148;-20.0022264626411;-16.1955639728708;-14.4727973751297;-12.4923435514438;-3.16206347937709;-17.111854704745;-2.90640460564539;-14.2221299365829;14.5884639334832
23500;2653;23580;145;148;-20.1363083481827;-16.2044827154584;-14.4803165373629;-12.4961851754874;-3.15978915737294;-17.0917859104593;-2.95316198354784;-14.2348352938265;14.7899590391875
24000;2679;24095;145;148;-20.1795192581489;-16.1905352115846;-14.4757367834927;-12.4970368116144;-3.16217413629626;-17.1349968204254;-2.96589028701822;-14.2282418453749;14.6845442042317
25000;2738;25114;145;148;-20.2623614770978;-16.1680169148757;-14.4816179613055;-12.4934054325595;-3.15954702224759;-17.2178390393744;-2.99991051907523;-14.2268220097262;14.6553139759315
25500;2765;25607;145;148;-20.3012420611809;-16.2068974989588;-14.4841309012177;-12.499033079219;-3.15716861570769;-17.2567196234574;-3.01547915866187;-14.2332131155744;14.7399547983448
26000;2797;26121;145;148;-20.3409897349934;-16.1821066516338;-14.48305658051;-12.4922515874542;-3.15742770158018;-17.29646729727;-3.02769676186744;-14.2293191815688;14.7493986606281
26500;2828;26647;145;148;-20.380863705802;-16.1912089637756;-14.4809663522195;-12.4872916322971;-3.15746380736252;-17.3363412680786;-3.03673000839554;-14.225227431003;14.6936386586523
27000;2847;27100;145;148;-20.4145780137356;-16.1660827716862;-14.4744067610152;-12.486171987555;-3.15627519434166;-17.3700555760122;-3.04357391914963;-14.2183323800077;14.6021753657696
29000;2955;29075;145;148;-20.5552679547737;-16.1732413200998;-14.4662230793269;-12.475030538557;-3.15791096732817;-17.5107455170503;-3.0945764662948;-14.2048430318014;14.4160216002546
29500;2976;29546;145;148;-20.5874072997631;-16.1565905009198;-14.4781597169987;-12.4854269808829;-3.15540348141171;-17.5428848620397;-3.10698457213933;-14.2107147002345;14.4432242061021
30500;3021;30614;145;148;-20.6584253993033;-16.158615728973;-14.456903053688;-12.4924932619817;-3.15342232518603;-17.4803715689554;-3.12677188707804;-14.2081195801785;14.4370262856791
31000;3040;31115;145;148;-20.6908905940066;-16.1691020169576;-14.4643539247192;-12.4928013450505;-3.15416759731109;-17.5128367636587;-3.13418195961925;-14.2062602104191;14.4410114760146
32000;3098;32133;145;148;-20.7552776368655;-16.1501074508774;-14.4526586611206;-12.4839849838861;-3.15523057333169;-17.5364018119973;-3.16105009720934;-14.2006482547532;14.446016015596
32500;3117;32582;145;148;-20.7830305352522;-16.158057721968;-14.455093751523;-12.4841186756478;-3.15256359931557;-17.1995115967961;-3.17272705292377;-14.2023368093039;14.437696619563
33000;3132;33074;145;148;-20.8130055084203;-16.1686146092789;-14.4586354676229;-12.487215011862;-3.1538459723241;-17.2294865699642;-3.18407200856998;-14.2078935538417;14.5081369158762
34000;3170;34066;145;148;-20.872110196841;-16.1899789697168;-14.4619353148749;-12.4928007127882;-3.15024265507525;-17.2885912583849;-3.20850782971195;-14.2191992964672;14.5893188044585
34500;3191;34558;145;148;-20.9007887017461;-16.182289830451;-14.4646383333767;-12.484742716819;-3.15243663507745;-17.31726976329;-3.21595172215239;-14.2165569985451;14.5469575214147
35000;3218;35058;145;148;-20.929518223565;-16.1503947304535;-14.4680500472113;-12.4884504749386;-3.15013413606633;-17.3459992851089;-3.22218342872233;-14.2064871490561;14.4235484378773
35500;3241;35595;145;148;-20.9599209150759;-16.1724291722939;-14.4676810800555;-12.4917079058814;-3.1517186369164;-17.3764019766198;-3.23749288275506;-14.2107478819068;14.4676651535892
36500;3296;36604;145;148;-21.0158256060705;-16.1637953421509;-14.4647452710271;-12.4862099385515;-3.14957243464906;-17.3269461519566;-3.25953626180107;-14.2107874408952;14.5499573195889
37000;3308;37049;145;148;-21.0399932796133;-16.1724588291578;-14.4607420676032;-12.4797405987367;-3.15017890707156;-17.3511138254994;-3.26838118677117;-14.2172605151151;14.617728747732
37500;3324;37546;145;148;-21.0666442537686;-16.1838423311822;-14.4756568636659;-12.4863824105526;-3.15100822527784;-17.3777647996547;-3.27454483836212;-14.2240305000645;14.7076560185865
38000;3340;38022;145;148;-21.0918404371031;-16.1865656586647;-14.470435671863;-12.4866363683642;-3.15226342117958;-17.4029609829892;-3.28129918747205;-14.22439016647;14.6867000409734
38500;3366;38572;145;148;-21.1205638072605;-16.1825056293906;-14.4767740741129;-12.4893278998037;-3.15139969109833;-17.4316843531466;-3.29381115019544;-14.2281915862327;14.723335752653
39500;3398;39589;145;148;-21.1726131617548;-16.1958794193342;-14.4817708843362;-12.4928761314613;-3.15022936368204;-17.4837337076409;-3.30789516621893;-14.2284969499251;14.7305403269878
40000;3411;40099;145;148;-21.1982133506557;-16.1875780565594;-14.4737803091617;-12.4887482715923;-3.15248622089375;-17.5093338965418;-3.31357443677764;-14.2286479816353;14.704025799881
40500;3423;40576;145;148;-21.2218640755938;-16.1914261542014;-14.4825274482366;-12.4959508568227;-3.15452890978868;-17.4376744416755;-3.3185398520285;-14.2290511075411;14.7373689693686
41000;3437;41083;145;148;-21.2466993792273;-16.1968433719778;-14.4782061675787;-12.4981564282809;-3.15558530827951;-17.462509745309;-3.32465649910664;-14.2318482622038;14.7775923039476
41500;3451;41569;145;148;-21.2702199522957;-16.1888155873113;-14.4745141771222;-12.5009459868512;-3.1545754775452;-17.2628867670632;-3.3298324263037;-14.229918135942;14.7552666590699
42500;3479;42545;145;148;-21.3166352365673;-16.1926712571641;-14.4750197600897;-12.4943130590956;-3.15219469548594;-17.3093020513348;-3.34599397035534;-14.2370043772831;14.8589817885805
43500;3510;43528;145;148;-21.3623193763315;-16.1918353812934;-14.4850233048341;-12.4888513209979;-3.15124793621386;-17.2679748141094;-3.35922763376677;-14.2315934648606;14.7738328605428
44000;3527;44032;145;148;-21.385343842586;-16.1923869916958;-14.4815965850014;-12.4946580739186;-3.15091990838851;-17.2109565726904;-3.36814315326479;-14.2354218326971;14.8148661839858
44500;3543;44547;145;148;-21.4086001811283;-16.2045934940515;-14.4781054151767;-12.4930338608143;-3.15047480263165;-17.2342129112327;-3.37395667937871;-14.2347953860172;14.8260892701548
45500;3584;45546;145;148;-21.4529561664896;-16.1954607944619;-14.4907127022234;-12.4885802756577;-3.15103380118604;-17.2044609244403;-3.39633551251649;-14.2367077603705;14.8782008919858
46000;3599;46034;145;148;-21.4742710657673;-16.2090236004715;-14.4960573231366;-12.4966196579488;-3.15078815411471;-17.156782952231;-3.40575236422953;-14.2439186453735;14.9520507485993
46500;3616;46500;145;148;-21.4944151831509;-16.2061481524564;-14.4913497243644;-12.4947958424904;-3.15058767614574;-17.1769270696146;-3.41402767053116;-14.2474281091804;15.011408092872
47000;3634;47013;145;148;-21.5163588763827;-16.2031528973409;-14.4952749120935;-12.4841886900779;-3.15138710897687;-17.1988707628463;-3.41891143376864;-14.2461646358369;14.9994653010285
47500;3653;47540;145;148;-21.5386534818284;-16.205934688563;-14.4998699404398;-12.4877778845032;-3.15282111005858;-17.2211653682921;-3.42981785283182;-14.2499253740505;15.0468299608726
48000;3672;48060;145;148;-21.5604110185809;-16.2133034878635;-14.4956519907891;-12.4852033205962;-3.1529757093786;-17.178384383907;-3.44440845952617;-14.2507234712835;15.0409891820882
48500;3690;48563;145;148;-21.5812344061346;-16.2059559984504;-14.4911575703585;-12.4878773959622;-3.15053303677008;-17.1992077714607;-3.44887998211686;-14.2460583353724;15.0006897590951
49000;3701;49067;145;148;-21.601883980128;-16.2082564337756;-14.4920045170557;-12.4889359541604;-3.14896103746489;-17.1592327236377;-3.45302667086541;-14.2477823378555;15.0244207652032
50000;3739;50101;145;148;-21.6435924939072;-16.2142468649528;-14.4936756577751;-12.4915700438973;-3.1468955995318;-17.1437828235769;-3.46644149480688;-14.2465718351571;14.9797142436439
51000;3765;51068;145;148;-20.9886795333205;-16.209556040209;-14.4903973838441;-12.4941410795549;-3.14753501196379;-17.1820170435502;-3.47743813319577;-14.2443075896892;14.9066656269561
51500;3778;51576;145;148;-21.008476273421;-16.2209845306389;-14.4933933492846;-12.4944882129537;-3.1490326786;-17.2018137836506;-3.48137090711803;-14.2455476443742;14.9478992272327
52000;3791;52085;145;148;-21.0281173762772;-16.2118762202091;-14.4914257786858;-12.4958385474429;-3.14799691512756;-17.1673876652366;-3.48907983250223;-14.2469982984529;14.9714879413468
52500;3805;52594;145;148;-21.0475674669969;-16.2112855600455;-14.4936340629711;-12.4980523615344;-3.14837296986151;-17.1355444615688;-3.49134822292139;-14.2448832772278;14.9628662279935
53500;3834;53585;145;148;-21.0849017337342;-16.2173672832787;-14.4994199719735;-12.4965979148601;-3.14578487808002;-17.1728787283061;-3.51169017484432;-14.2522398545207;15.0467868904008
54000;3852;54103;145;148;-21.1041426517644;-16.2119173487334;-14.4941197810876;-12.4934591172608;-3.14700842912247;-17.1433294821668;-3.51702994178136;-14.2461328442941;14.9997395190954
54500;3869;54610;145;148;-21.1227974097325;-16.2101425239964;-14.4947560335529;-12.4927223165896;-3.14827258170136;-17.1154642245;-3.52170854613732;-14.247985856321;15.0400955471834
55000;3886;55094;145;148;-21.1404450120196;-16.2131913268624;-14.5005691781931;-12.4923990121846;-3.1475976153409;-17.1331118267871;-3.53261665922875;-14.2499415296584;15.0668574145111
55500;3914;55647;145;148;-21.1604197132296;-16.1975750829697;-14.496648855059;-12.4862227730037;-3.14975216929359;-17.1530865279972;-3.5390063984635;-14.2464503426377;15.0681042755986
56500;3944;56629;145;148;-21.1954058203741;-16.1948208621314;-14.49099146541;-12.4819881669949;-3.14931038625592;-17.170054129639;-3.54774888511388;-14.2426279361113;15.0446375287565
57500;3973;57634;145;148;-21.2305887200728;-16.1968934581697;-14.4853523705884;-12.4789561708978;-3.14969598183321;-17.2052370293376;-3.55765195426252;-14.2406339916618;15.0165779868269
58000;3985;58093;145;148;-21.2464537267476;-16.2030286098283;-14.4895213375;-12.484433883497;-3.14899061705246;-17.2211020360124;-3.56135668969743;-14.2413421699978;15.0146170326445
58500;4001;58612;145;148;-21.2642422849559;-16.2064066531489;-14.4934528610469;-12.4869954854337;-3.14886460864234;-17.2388905942207;-3.56983310634607;-14.2437304942447;15.0579222934009
59500;4024;59576;145;148;-21.296868994221;-16.2061909924512;-14.4944742308967;-12.4926940205305;-3.15063253020857;-17.2715173034859;-3.58358019748557;-14.2495707575011;15.1183619590707
60000;4036;60104;145;148;-21.314516167538;-16.1995208581175;-14.49723279172;-12.4876348234074;-3.1496271744186;-17.2891644768029;-3.5897494282758;-14.2488502508224;15.1260442155037
61500;4067;61476;145;148;-21.3596570868945;-16.1977364503254;-14.4989934154462;-12.493780801469;-3.14946800550304;-17.2653125246724;-3.59898576444169;-14.2488723974023;15.1522662020783
62000;4082;61956;145;148;-21.3752122887754;-16.2047282937372;-14.4953422132828;-12.4878358415507;-3.14883391783098;-17.2808677265533;-3.60255620260464;-14.2473208433628;15.131064368375
63000;4109;62965;145;148;-21.4075214103199;-16.2035147232432;-14.4917979616886;-12.4932649750414;-3.1498442073882;-17.3131768480978;-3.61397702266032;-14.2447745776512;15.1189331905795
64000;4134;63888;145;148;-21.4366264780461;-16.1896024058856;-14.4896504859106;-12.4928592153114;-3.14911673452443;-17.342281915824;-3.62258696036855;-14.2401450057265;15.0740788237659
65000;4163;64916;145;148;-21.4685516303116;-16.1929912508862;-14.484066845275;-12.4890090285865;-3.14976503902329;-17.3742070680895;-3.63401471944881;-14.2413330845133;15.0936883231769
65500;4178;65433;145;148;-21.48441681412;-16.1886025777901;-14.4802162810662;-12.4826398583739;-3.15100208321062;-17.2077506951039;-3.63808162290125;-14.2385787791509;15.0798782934499
66500;4194;66424;145;148;-21.5144802513238;-16.1988142464411;-14.4814148786659;-12.4853021084217;-3.15251291547088;-17.2378141323077;-3.64589628033197;-14.2437133151902;15.1451634082222
67500;4221;67467;145;148;-21.5456405562932;-16.1985330255758;-14.4834492911439;-12.4817142027726;-3.15093923914664;-17.2689744372772;-3.65413470054668;-14.2448595141273;15.1581227923602
68000;4231;67995;145;148;-21.5612317235262;-16.2070067250398;-14.49327289715;-12.4825674704762;-3.14975040482717;-17.2845656045101;-3.66261983054003;-14.2492061758584;15.2055010643326
69500;4269;69546;145;148;-21.6063401856737;-16.1902397834692;-14.4834735270746;-12.4880602795467;-3.14916403499811;-17.2690494448412;-3.66988851856323;-14.2447744935493;15.1526342471772
70000;4279;70065;145;148;-21.6212101426487;-16.1918645136942;-14.4871164214558;-12.4901839069896;-3.14703927760054;-17.2839194018162;-3.67405230132649;-14.2456977894807;15.1569792344644
70500;4300;70579;145;148;-21.6358286770586;-16.1890913053922;-14.4812133201449;-12.4820586565708;-3.14670633887796;-17.1931774205682;-3.67989267855306;-14.2417394868592;15.1114724637156
72500;4345;72649;145;148;-21.6936426279976;-16.1883110920653;-14.4857827565651;-12.4902766731333;-3.14335095452811;-17.155681191703;-3.70036477271788;-14.2450687272582;15.1451115803601
73000;4359;73145;145;148;-21.7072509222644;-16.1938221760994;-14.4894407199788;-12.4881986096862;-3.14343075041577;-17.1692894859698;-3.70487865552585;-14.2462001268584;15.1759725963666
73500;4371;73658;145;148;-21.7212288951441;-16.1997679772818;-14.4913901169928;-12.4890540150154;-3.14367274395078;-17.1832674588494;-3.71189019470441;-14.2499511929416;15.2177600473707
74500;4394;74689;145;148;-21.7490290286167;-16.2038515841371;-14.4876284056617;-12.4827337456137;-3.1443052978815;-17.1539091784821;-3.71921832335826;-14.2502526904256;15.2371167604535
75000;4403;75188;145;148;-21.762346664913;-16.2074509709645;-14.4876942460374;-12.4852592969743;-3.14390426583819;-17.1672268147784;-3.72178099360385;-14.2508226900371;15.2536139832036
75500;4414;75682;145;148;-21.7754440803158;-16.2109236729931;-14.4919958515592;-12.4875874200615;-3.14427037135294;-17.1803242301812;-3.72623788475727;-14.2527455529497;15.2724086648416
76500;4435;76679;145;148;-21.8016191311687;-16.2106321506578;-14.4919048973943;-12.4893316196281;-3.14366795581738;-17.2064992810341;-3.73693501840403;-14.2564781359655;15.3383642395622
77500;4464;77664;145;148;-21.8271470364927;-16.2176752413078;-14.499530890571;-12.4933950546013;-3.14320896543357;-17.2320271863581;-3.75049592648524;-14.259252135551;15.3902317871972
78000;4471;78160;145;148;-21.8398793928734;-16.208667611052;-14.4932242296968;-12.4837085726857;-3.14244062344262;-17.2447595427388;-3.75152004122837;-14.2563498832365;15.3686238896962
78500;4479;78644;145;148;-21.8522260558948;-16.2156523309321;-14.4918040673202;-12.4843693774013;-3.14217977730863;-17.2571062057602;-3.75481208280147;-14.2580501150461;15.3885745368189
79500;4492;79588;145;148;-21.8760900328383;-16.2131295527024;-14.4945881383316;-12.4835114408739;-3.14440698903616;-17.2809701827037;-3.76069271361851;-14.2605789403436;15.4075062919684
80000;4503;80085;145;148;-21.8885405186448;-16.2049607513062;-14.4928189100428;-12.4844030413587;-3.14482384517121;-17.2934206685103;-3.76314287523815;-14.257287569253;15.3589604621648
80500;4516;80569;145;148;-21.9005912976933;-16.2068591588906;-14.488732940706;-12.4835620124749;-3.14485360388003;-17.3054714475587;-3.76678775019235;-14.2577314705461;15.3615329232694
81000;4527;81084;145;148;-21.9133346861204;-16.2128911127297;-14.4912599388047;-12.4858688351556;-3.14396621932396;-17.3182148359858;-3.77234078845837;-14.2591377520172;15.3762717523064
81500;4534;81570;145;148;-21.9252864720293;-16.2215039973731;-14.4957658053473;-12.4871732803553;-3.14515546988803;-17.3301666218947;-3.77579162043751;-14.2626732922039;15.4128339732639
82000;4542;82038;145;148;-21.9367284865143;-16.2180573993644;-14.492772277435;-12.4883559507302;-3.14503200857059;-17.3416086363797;-3.77897293131807;-14.2592718190947;15.3356045506412
82500;4550;82577;145;148;-21.9498257601828;-16.2197259772092;-14.4961191498404;-12.4882600463802;-3.14558819155715;-17.3547059100482;-3.78353924795525;-14.2621492912009;15.3669071584224
83000;4563;83058;145;148;-21.9614416952716;-16.2136423351987;-14.4966463944039;-12.4876607181689;-3.14582742278992;-17.3122546238668;-3.78860464884598;-14.2607448956363;15.3625392709969
85500;4622;85539;145;148;-22.0203082019907;-16.2009698668528;-14.4984489497891;-12.4878843308454;-3.14494778694181;-17.2710376720289;-3.80490703085556;-14.2580202208994;15.3234850831627
86000;4632;86050;145;148;-22.0322204227194;-16.2106549124068;-14.4990616152639;-12.4879646529175;-3.14442490261719;-17.2829498927576;-3.80863186418513;-14.2601544384801;15.343846197132
86500;4647;86544;145;148;-22.0436692876625;-16.2088585505999;-14.5009257422939;-12.4844341590665;-3.14319359068285;-17.2943987577006;-3.81399715998062;-14.260465370541;15.3659487214262
87500;4671;87549;145;148;-22.0667606506485;-16.2188778320185;-14.4996738405303;-12.4816549568138;-3.1442301235332;-17.3174901206866;-3.82307942867444;-14.2617791744304;15.3901800643125
88000;4681;88061;145;148;-22.078422889718;-16.2204897352345;-14.4977231374934;-12.484863018581;-3.14389637723159;-17.3291523597562;-3.82862240454265;-14.264424252279;15.4229900450485
88500;4691;88579;145;148;-22.0901529958068;-16.2131179849898;-14.500564296165;-12.4826989657317;-3.14411492065708;-17.340882465845;-3.83280849172999;-14.2638612193454;15.4261825779385
89500;4717;89669;145;148;-22.1146136032043;-16.2133473240145;-14.4963625053276;-12.4822790361648;-3.14196855511595;-17.3653430732425;-3.83975308552572;-14.2648560565813;15.4593468696001
90000;4727;90194;145;148;-22.1262891894225;-16.2114357446864;-14.4948575248456;-12.4846210498124;-3.14279563061862;-17.3304986438258;-3.84006874367962;-14.2627183702392;15.4430918631796
90500;4740;90671;145;148;-22.1368385186112;-16.2072493752213;-14.4955141445702;-12.4880822899908;-3.14296900072239;-17.3410479730145;-3.84479872785685;-14.2611041336956;15.4337214301988
93000;4781;93147;145;148;-22.1907211582239;-16.2093069469695;-14.4945085188775;-12.4866759154844;-3.14626646323982;-17.3504788500564;-3.86144798766033;-14.2602289047366;15.4090006489226
93500;4787;93645;145;148;-22.201385451768;-16.2124240348781;-14.493873358165;-12.4871233491443;-3.14575300277587;-17.3611431436004;-3.86574687406493;-14.2596915066598;15.3625403138407
94000;4800;94136;145;148;-22.2118444677276;-16.207957400621;-14.4941594790479;-12.4870052266191;-3.14548207285054;-17.3290425451412;-3.87066787066532;-14.2582546041106;15.3430612866323
94500;4814;94640;145;148;-22.2225238167446;-16.1966578429193;-14.4913609393891;-12.4815551937062;-3.14526914420566;-17.3397218941582;-3.87352627246887;-14.2545611574237;15.2783664572269
95000;4828;95105;145;148;-22.2323264662139;-16.2016412059527;-14.4903585663933;-12.4826168918211;-3.14413732426967;-17.3270516877755;-3.87952281289213;-14.2550580996678;15.2894927313349
96500;4851;96656;145;148;-22.2646799441971;-16.2102405979277;-14.4919272277284;-12.4836429107128;-3.14185354764611;-17.3230375215878;-3.88978502546338;-14.2610889719408;15.3558414381459
98000;4880;98093;145;148;-22.2941953939362;-16.2074206670239;-14.495262083895;-12.4837970902687;-3.14207040144954;-17.3525529713269;-3.89984551965985;-14.2617324866618;15.3624217621081
99000;4901;99098;145;148;-22.3145818963995;-16.2097886639845;-14.4986688738554;-12.4817046170645;-3.14348749999682;-17.3729394737902;-3.90718549996235;-14.2637326550368;15.4098296401046
99500;4910;99616;145;148;-22.3250089659227;-16.2157613831584;-14.4947820959914;-12.4866736966741;-3.1438757123559;-17.3833665433134;-3.91000516536428;-14.2656908274606;15.4230404432676
1e+05;4922;100120;145;148;-22.3351023105315;-16.2181076487693;-14.4964633410779;-12.4879867312454;-3.1446655318936;-17.2981497081178;-3.91882453543604;-14.2669035678363;15.4410710202074
101000;4941;101119;145;148;-22.3549594596226;-16.2199359871103;-14.5034929289212;-12.4844342447893;-3.14489924421748;-17.318006857209;-3.93019048388965;-14.2685114302582;15.4775359901143
101500;4944;101599;145;148;-22.3644307625568;-16.2288658714751;-14.5041492637689;-12.4864789945059;-3.14490917863525;-17.3274781601432;-3.93201419852789;-14.2709064570492;15.5072842889685
102000;4954;102099;145;148;-22.374249239011;-16.2268498902823;-14.5037013945033;-12.4891802719989;-3.14499593593293;-17.3372966365974;-3.93613783551788;-14.2699188894958;15.4867729959723
103500;4974;103608;145;148;-22.4035924712469;-16.2277252011411;-14.5091812020737;-12.4936756321799;-3.14546702739598;-17.331548549022;-3.94450522051732;-14.271424532252;15.5001575516585
104000;4980;104103;145;148;-22.4131249647033;-16.2222985747469;-14.5042784576547;-12.4919448538428;-3.14493144346002;-17.3410810424784;-3.94828844067425;-14.2707104034785;15.4850436927272
104500;4983;104579;145;148;-22.4222489107174;-16.2268236317119;-14.5069007414543;-12.4941300771333;-3.14475974689163;-17.3502049884925;-3.95002967794005;-14.2729420183355;15.5043285182789
106000;5012;106096;145;148;-22.4510520666574;-16.2299661126551;-14.5048769264844;-12.4896851450472;-3.14335997911209;-17.3790081444325;-3.96210944499556;-14.2728426217093;15.5016992763177
107500;5044;107599;145;148;-22.4791860854127;-16.2311432109043;-14.5141614812969;-12.4945795198526;-3.14144610496155;-17.2862292345225;-3.97895675276658;-14.2757113893701;15.5274623397746
108000;5057;108119;145;148;-22.4888283221701;-16.2311607342874;-14.5139514216112;-12.4934227001726;-3.14105094891858;-17.2958714712798;-3.98412630630663;-14.2752644962882;15.5283097524386
109000;5079;109115;145;148;-22.5071681212663;-16.2342911147201;-14.5108508894695;-12.4919603201194;-3.14141717592528;-17.314211270376;-3.99226663618698;-14.2772568572381;15.5668446545102
109500;5083;109588;145;148;-22.5158191363412;-16.2274969708858;-14.5119546989091;-12.4941042024405;-3.14141690029488;-17.290072462628;-3.99406083953597;-14.2785478354109;15.5862287943061
111000;5104;111125;145;148;-22.5436747650725;-16.2337564868459;-14.517504570126;-12.4942271280263;-3.14075920699736;-17.3179280913593;-4.00154513513336;-14.2818841213256;15.6209754634624
111500;5113;111671;145;148;-22.5534774741527;-16.2313612688312;-14.5139170203767;-12.4953179637931;-3.14007781024211;-17.3277308004395;-4.00562532133936;-14.2822307750058;15.6212216577362
112000;5130;112214;145;148;-22.5631789023807;-16.2352421186515;-14.515349749461;-12.4955444254057;-3.13997367133397;-17.3374322286675;-4.01088410710342;-14.2812161333678;15.6231193817575
113000;5155;113157;145;148;-22.5799158472989;-16.2307768559191;-14.5166168952239;-12.4924726727678;-3.14185881584904;-17.3541691735857;-4.02176216134365;-14.2807158908135;15.6324301439893
113500;5165;113666;145;148;-22.5888920243955;-16.2301835819995;-14.5140873073042;-12.4948254772566;-3.14206542839595;-17.2831026430087;-4.02410770703733;-14.2792825686761;15.6280714763627
114000;5173;114150;145;148;-22.5973901233559;-16.2257782761241;-14.5082911845926;-12.4915333187221;-3.14301216275942;-17.2916007419692;-4.02599061328967;-14.2761704271688;15.5871934038268
114500;5186;114656;145;148;-22.6062360596494;-16.2261135227496;-14.50759321589;-12.4922141367252;-3.14315124656416;-17.3004466782627;-4.02894582408372;-14.2751883450993;15.5811683477134
115000;5196;115167;145;148;-22.6151298751872;-16.2282505558245;-14.5104264068161;-12.4920651232165;-3.14353729893342;-17.3093404938005;-4.03439967913797;-14.2770127278885;15.5985162986382
115500;5202;115648;145;148;-22.6234655673439;-16.2265359121277;-14.5137145752785;-12.4931911626334;-3.14479341925927;-17.3176761859571;-4.03608212930491;-14.273382507229;15.5015035471638
116500;5215;116620;145;148;-22.6402049489923;-16.2259266554416;-14.5108825681443;-12.493937902297;-3.14438999547339;-17.3344155676056;-4.04221738856445;-14.2741046198236;15.5179481512403
117000;5225;117158;145;148;-22.6494102796868;-16.2298246745741;-14.5111376411566;-12.4915906411451;-3.14491968119022;-17.3436208983001;-4.04724535861167;-14.2721754154102;15.4950247651942
118000;5240;118138;145;148;-22.6660702427415;-16.225522585257;-14.5109953549301;-12.4932238290582;-3.14613973335252;-17.3602808613548;-4.05349605320422;-14.2743767765611;15.5252274797562
119000;5264;119110;145;148;-22.6824582491899;-16.2335688550431;-14.5139718320633;-12.4934910477572;-3.14735780134531;-17.3766688678032;-4.06205793786347;-14.2753302944236;15.5413374431976
120000;5282;120143;145;148;-22.6997287773595;-16.2382606010058;-14.5135427831334;-12.4941386543032;-3.14812381996205;-17.3939393959727;-4.07407397208406;-14.2764158896863;15.5542406593219
120500;5288;120629;145;148;-22.7078028168666;-16.2358436681884;-14.520225421275;-12.4964079207584;-3.14813521780684;-17.4020134354798;-4.07739248386503;-14.2791913952729;15.5787260460773
121500;5303;121641;145;148;-22.724511544915;-16.2460019027064;-14.5227828281057;-12.5006266981426;-3.14901989038897;-17.3128654930599;-4.09222808564453;-14.282459547151;15.6041334345801
122000;5309;122111;145;148;-22.7322243117021;-16.2399844766816;-14.5279627111347;-12.5008728977302;-3.1502265304651;-17.320578259847;-4.09651026779382;-14.2842758523688;15.6225038839057
123000;5315;123112;145;148;-22.7485523977274;-16.2465122581087;-14.5292263038213;-12.5008547698224;-3.15081755356871;-17.3369063458724;-4.09958659867326;-14.2871890879142;15.6506904015022
123500;5335;123639;145;148;-22.7570954358719;-16.2427532526117;-14.5275176546848;-12.5004190185505;-3.15067451179989;-17.3454493840169;-4.10520890395203;-14.2848086164431;15.631438349121
124500;5350;124656;145;148;-22.7734792645813;-16.2407812036998;-14.522532918121;-12.5028777412466;-3.15093378171239;-17.3618332127263;-4.10862931375205;-14.2848773413809;15.6470448886638
125000;5356;125146;145;148;-22.7813254888463;-16.244633891255;-14.522643992582;-12.504233498429;-3.15076069744245;-17.3696794369912;-4.11043231581336;-14.2849134326228;15.657550782428
125500;5361;125665;145;148;-22.7896026495893;-16.2467711069295;-14.5218329852484;-12.5057029098419;-3.1516143811972;-17.3779565977343;-4.11289154265491;-14.2873170559121;15.6870992012003
126000;5365;126144;145;148;-22.7972116004648;-16.2497090867693;-14.523045891769;-12.505913880239;-3.15184461627307;-17.3165726771228;-4.11374518469569;-14.2881027970045;15.7029855602103
127000;5387;127230;145;148;-22.8143563217135;-16.2459274099362;-14.5203066816115;-12.5022337432172;-3.15178529470007;-17.3337173983716;-4.12248322654394;-14.2850081869419;15.6775506424687
128500;5412;128723;145;148;-22.8376889950324;-16.2515173401777;-14.5176061778835;-12.5031498158096;-3.15333413906098;-17.2925115505528;-4.13126219149232;-14.2860161594203;15.706551503034
129000;5420;129219;145;148;-22.8453806561242;-16.2455101569114;-14.5193479701691;-12.5044610919375;-3.15274752396149;-18.1224274344797;-4.13505596794963;-14.2872053306452;15.709998231798
130000;5436;130189;145;148;-22.8603378590009;-16.2513261110145;-14.5187492362266;-12.5026904990825;-3.15211426143959;-18.0981639242032;-4.13934607724288;-14.2869833139901;15.7120496241765
130500;5444;130683;145;148;-22.8679124640253;-16.2448438037389;-14.5148868687807;-12.4999364629316;-3.15204340950627;-18.1057385292276;-4.14106143526056;-14.2851389403857;15.6967306658797
131000;5455;131203;145;148;-22.8758548616088;-16.2425364283284;-14.5118128496867;-12.5011768965254;-3.15304574639144;-18.113680926811;-4.14484507351162;-14.2843121784179;15.6939429058184
131500;5467;131725;145;148;-22.883796209595;-16.2413094082278;-14.5151030264972;-12.5006410727892;-3.1539399376574;-18.1216222747973;-4.15122084947367;-14.2842822966632;15.6964139248677
132000;5470;132221;145;148;-22.8913129074626;-16.242330245076;-14.5145894502045;-12.5000432212932;-3.15370062980259;-18.1291389726649;-4.15146575913094;-14.2847679730878;15.7069365208714
133000;5486;133249;145;148;-22.9068024940591;-16.2379391233593;-14.5147758576085;-12.5017448311426;-3.15433597847903;-18.1068882312785;-4.15784673336465;-14.2838778573101;15.7038162536072
133500;5494;133736;145;148;-22.914098792205;-16.2395374003906;-14.5136080100403;-12.5008536883698;-3.15443621529416;-18.1141845294244;-4.16277423177824;-14.2847060573373;15.7120527975426
134000;5499;134233;145;148;-22.9215175693005;-16.2419183834561;-14.5139160794155;-12.501470897185;-3.15322532644925;-18.1216033065199;-4.16603035033774;-14.2860720710421;15.7230393179003
134500;5504;134721;145;148;-22.928775323943;-16.244788791669;-14.5141133349849;-12.5020100423448;-3.15323404547227;-18.1288610611624;-4.16897023831107;-14.2871640034734;15.7408193826051
135000;5508;135244;145;148;-22.9365244863053;-16.2463037130066;-14.5152916920929;-12.5030340829688;-3.15283469715509;-18.1366102235247;-4.17029873450318;-14.2885529434529;15.7581167915661
135500;5514;135769;145;148;-22.9442732017797;-16.2472389541133;-14.5185376208523;-12.5036492106878;-3.15262626006456;-18.1443589389991;-4.17295313566396;-14.2883256276891;15.7321814916595
137000;5533;137280;145;148;-22.5609435407755;-16.2419756073896;-14.5164242071608;-12.5090503883028;-3.15245624189366;-18.0247662262743;-4.17874174328667;-14.2858840267741;15.6821717000348
137500;5541;137802;145;148;-22.5685340138208;-16.2441750514395;-14.5163967246004;-12.5059437905424;-3.15227304314512;-18.0323566993197;-4.18169871277344;-14.2844245148057;15.6418557805584
138000;5546;138265;145;148;-22.5752425365215;-16.246710691781;-14.5180762412061;-12.5055698665334;-3.15274009341573;-18.0390652220204;-4.18393242438255;-14.2863331430271;15.6632213273061
138500;5551;138731;145;148;-22.5819718819219;-16.2469176304239;-14.5195390903387;-12.5045030114502;-3.15393878775153;-18.0457945674208;-4.18567334274144;-14.2862021115914;15.6685631564218
141000;5573;141309;145;148;-22.6187962331554;-16.2534725749175;-14.5222327681222;-12.5075360148617;-3.15378062723012;-18.0826189186542;-4.19334908325175;-14.2892967105224;15.7116197454519
142000;5590;142314;145;148;-22.6329700372019;-16.2500266239605;-14.5180470629973;-12.5073464223709;-3.15449741345478;-18.0014825428964;-4.19973366276899;-14.2880776988365;15.6961257884651
142500;5596;142802;145;148;-22.6398163801155;-16.2473410752487;-14.5201201271582;-12.5069646770938;-3.15407904174486;-17.939336014323;-4.2026124981653;-14.2889520202878;15.7073477675894
