21;13;17;6;6;-5.66642668811243;-4.97327950755249;-4.28013232699254;-3.5869851464326;-1.64107499737728;-4.97327950755249;-1.16661701778217;-4.11928551098528;2.75205900673856
41;30;37;11;11;-7.22183582528845;-6.5286886447285;-5.83554146416856;-4.73692917550045;-2.25899119502854;-6.5286886447285;-1.02335710879614;-5.59472641592791;3.38841700751808
61;37;55;11;14;-8.01466637046494;-6.91605408179683;-6.22290690123689;-5.12429461256878;-2.23392285467261;-6.22290690123689;-0.986464938406938;-5.91547815685333;3.54500643993856
81;48;70;14;18;-8.49699048409872;-7.80384330353877;-6.70523101487066;-5.60661872620255;-2.55681923137829;-6.70523101487066;-0.82983222877957;-6.53227386884837;3.84801860233976
102;56;86;14;19;-8.90869459250702;-7.81008230383891;-6.65878975734188;-5.8176521391487;-2.69408649408482;-7.29925668007292;-1.01176993623815;-6.67962293762176;4.19750517309626
122;66;106;16;21;-9.32687818822413;-8.22826589955602;-7.12965361088791;-6.01285750013437;-2.82408814230851;-8.22826589955602;-1.10351928874488;-7.02495337830071;4.45025360546312
142;72;122;17;21;-9.60804208946651;-8.5094298007984;-7.30545699647247;-6.20684470780436;-2.71235939171865;-8.5094298007984;-1.21505250150958;-7.17812170076014;4.67489774696409
162;80;141;19;21;-9.89751978075634;-8.79890749208823;-7.59493468776229;-6.31400084230023;-2.7460343168516;-8.79890749208823;-1.27813107702543;-7.41085920346648;5.13845338026232
182;86;163;19;22;-10.1875004016135;-8.80120604049363;-7.78960512881515;-6.27547739618538;-2.78322128357626;-8.80120604049363;-1.34258745071398;-7.513602045141;5.35400549934391
202;101;188;25;27;-10.4728839256599;-9.77973674509995;-8.27565934832368;-6.91753586417048;-2.81182754329807;-8.8634460132258;-1.22524776894002;-8.18642935208594;5.51135530698511
223;110;210;28;29;-10.6942150614349;-10.001067880875;-8.74830491237962;-7.26022785694979;-2.81568086529458;-9.08477714900084;-1.23842185122471;-8.49200423312943;5.69924232993106
243;118;229;29;31;-10.8674440071085;-10.1742968265485;-8.92153385805317;-7.38632227497538;-2.83475913114086;-9.25800609467438;-1.29817124115235;-8.65442119398274;5.75843167427671
263;124;251;34;32;-11.0509058782636;-10.3577586977036;-9.25914640903551;-7.77393917625066;-2.84897152706935;-9.44146796582947;-1.3087614761362;-8.98972068412279;5.85361379285091
284;133;276;36;32;-11.2408017314343;-10.5476545508744;-9.44904226220624;-7.89228460760106;-2.882369832403;-9.85450737031441;-1.34867850897722;-9.07807636308836;5.9427262234397
304;136;288;37;33;-11.3259209602719;-10.6327737797119;-9.53416149104384;-8.06782442225041;-2.89385002227249;-9.939626599152;-1.35104341164909;-9.17811571258262;6.01341020583671
326;144;305;37;34;-11.4406235532148;-10.7474763726549;-9.49471340415951;-8.10841904303962;-2.9087388130556;-10.0543291920949;-1.38047419066532;-9.23397195899118;6.15628492574732
347;150;321;38;37;-11.54288224626;-10.8497350657001;-9.59697209720472;-8.21067773608483;-2.88888801335165;-10.1565878851401;-1.34032767640556;-9.37613441472607;6.18359632226008
367;152;335;39;37;-11.6282610636501;-10.9351138830902;-9.68235091459482;-8.26096523366366;-2.91550108868992;-10.2419667025302;-1.33574270946927;-9.43454622593051;6.30219435752454
387;155;356;39;37;-11.7498614617041;-11.0567142811441;-9.67041992002422;-8.31587425721892;-2.92019602902882;-10.3635671005842;-1.37593287559742;-9.48461572711754;6.47206045873597
407;164;381;39;41;-11.8855987502534;-11.1924515696935;-9.80615720857357;-8.38909118878692;-2.93610379677544;-10.4993043891335;-1.36852142594076;-9.62817907076265;6.55284248477179
428;172;405;40;43;-12.0077741342131;-11.3146269536531;-9.92833259253324;-8.42425519575697;-3.00322867521649;-11.3146269536531;-1.40341927810187;-9.7565339686995;6.69855251205665
448;173;424;40;43;-12.0994669104639;-11.406319729904;-10.0200253687841;-8.5159479720078;-3.01946304021574;-11.406319729904;-1.44387954077531;-9.81813291578969;6.87894741162707
468;180;440;41;43;-12.1735494538246;-11.4804022732647;-10.0941079121448;-8.50998780769497;-2.99573227355399;-11.4804022732647;-1.45438740144885;-9.838418973348;6.83673389869875
489;192;463;44;44;-12.2754541081725;-11.5823069276125;-10.1960125664926;-8.61189246204282;-2.99260704540954;-11.5823069276125;-1.45551583656082;-9.92285571899375;6.69786233093853
511;194;484;44;44;-12.3641698134333;-11.6710226328733;-10.166945236097;-8.62650019514989;-2.96652034315209;-11.6710226328733;-1.46707869792035;-9.94996584917355;6.79768216032695
532;202;508;47;46;-12.460962895157;-11.767815714597;-10.3815213534771;-8.79740124902732;-2.94313782343282;-11.767815714597;-1.45218539919949;-10.1089842423759;6.79872240840163
553;213;527;51;49;-12.5344010970827;-11.8412539165228;-10.5884909480274;-9.13320371542057;-2.96066839342029;-11.8412539165228;-1.41422196781289;-10.2648668250859;6.62376827835462
573;217;544;53;49;-12.5978984937119;-11.9047513131519;-10.8061390244838;-9.13216259091216;-2.95525635967398;-11.9047513131519;-1.42712536663807;-10.3334838490987;6.64830034577042
593;226;566;55;49;-12.6771881564064;-11.9840409758464;-10.7312780073511;-9.18113994269842;-2.95702266099778;-11.9840409758464;-1.42835845408178;-10.3742616490517;6.64954175067736
614;230;585;56;49;-12.7432236944637;-12.0500765139038;-10.6637821527839;-9.21686316984755;-2.96376992285103;-12.0500765139038;-1.4363757376819;-10.4266688675705;6.75451987610123
635;238;601;57;52;-12.7971898690704;-12.1040426885105;-11.0054303998424;-9.39599248740826;-2.98762845456645;-12.1040426885105;-1.45257655252108;-10.5497955718355;6.827268406601
656;239;620;57;52;-12.8594389560783;-12.1662917755183;-11.0676794868502;-9.42597231384733;-3.00105337745457;-12.1662917755183;-1.4627664479323;-10.5836098856336;6.96197086763194
676;242;642;57;52;-12.9291766073799;-12.23602942682;-10.9832664583246;-9.40281608276376;-3.00529836519606;-12.23602942682;-1.47949982907484;-10.6269248672633;7.12606811136303
697;249;663;58;52;-12.9935499803717;-12.3004027998118;-11.0476398313164;-9.41003104191561;-3.01162100152903;-12.3004027998118;-1.47392699395378;-10.6307173668384;7.09101723657976
717;257;688;58;57;-13.0675776758667;-12.3744304953067;-11.1216675268114;-9.54121715125053;-2.99751692350474;-12.3744304953067;-1.47191160735748;-10.7668564889133;7.06992415143427
738;262;709;58;57;-13.1277110530643;-12.4345638725043;-11.1818009040089;-9.54419211460815;-2.97830136232458;-12.4345638725043;-1.5088142590207;-10.7871906263561;7.16057155528515
760;268;732;58;57;-13.1915610279226;-12.4984138473627;-11.2456508788673;-9.60804208946651;-2.99398695526172;-12.4984138473627;-1.54354538586388;-10.8151993682344;7.3329940677685
780;271;752;60;57;-13.2454726478997;-12.5523254673397;-11.2995624988444;-9.60788648817329;-3.00959259814471;-12.5523254673397;-1.55120944325823;-10.8815230391053;7.40322926275343
802;277;781;60;57;-13.3211502996794;-12.6280031191194;-11.2417087579995;-9.68356413995299;-3.02575580363393;-12.6280031191194;-1.57194395720281;-10.8957449216074;7.5104126727889
823;281;800;61;57;-13.3692234553359;-12.6760762747759;-11.289781913656;-9.70566180920621;-3.02557955490163;-12.6760762747759;-1.59011027537891;-10.9443060739918;7.58485133470743
843;283;817;61;57;-13.41127818972;-12.7181310091601;-11.3318366480402;-9.72239873560607;-3.03199133534157;-12.7181310091601;-1.59945626921043;-10.9550192041008;7.6327731743181
863;289;839;61;57;-13.4644214129344;-12.7712742323745;-11.3849798712546;-9.68023177901615;-3.05327323997545;-12.7712742323745;-1.6185585228631;-10.9700709561744;7.75679260577468
884;293;859;61;59;-13.5115378439685;-12.8183906634086;-11.4320963022887;-9.82265838985457;-3.05356191193178;-12.8183906634086;-1.61655920390078;-11.0235580564346;7.73835462129996
911;294;876;61;59;-13.5507321818728;-12.8575850013128;-11.4712906401929;-9.81306256358942;-3.03998218793388;-12.8575850013128;-1.63623584817806;-11.0524642657974;7.82704988166885
931;297;907;61;59;-13.6202849002303;-12.9271377196703;-11.4230603228941;-9.79164350374118;-3.03977954906408;-12.9271377196703;-1.64685705022198;-11.0622842170538;7.90562277580449
951;300;930;61;59;-13.6703691722946;-12.9772219917347;-11.4731445949584;-9.79916816138671;-3.01900953950928;-12.9772219917347;-1.65731711461762;-11.062971450271;7.87094776598192
971;302;948;61;59;-13.70870900451;-13.0155618239501;-11.5114844271738;-9.83750799360215;-3.0102399655327;-13.0155618239501;-1.66937594764754;-11.0834373977215;7.94402839148702
991;309;974;61;60;-13.7628226072851;-12.664210318617;-11.5655980299489;-9.87100230917444;-3.0163895091006;-13.0696754267251;-1.68776452425515;-11.0961486988147;7.87829129722839
1000;311;980;63;60;-13.7751051433292;-13.0819579627693;-11.577880565993;-9.90390413242134;-3.02112483950938;-13.0819579627693;-1.68260441268398;-11.145012906046;7.8583604829085
1020;312;993;63;60;-13.8014613280903;-13.1083141475304;-11.6042367507541;-9.90964102997972;-3.00290668013169;-13.1083141475304;-1.69321652902912;-11.1640004918106;7.91455288454151
1044;319;1015;63;60;-13.8452877829518;-12.7466754942837;-11.6480632056156;-9.91346215022745;-3.01006931405361;-13.1521406023918;-1.71561033867532;-11.1761318832374;7.99769832983777
1066;326;1036;67;61;-13.8862448456389;-13.1930976650789;-11.806803303959;-10.015043834731;-3.01379821266149;-13.1930976650789;-1.69915116670649;-11.2854270782406;7.95434648630452
1087;329;1052;67;62;-13.9168967865953;-13.2237496060354;-11.8374552449155;-10.0456957756874;-3.02321769434549;-13.2237496060354;-1.7072106774953;-11.3191524343376;7.95168326515415
1108;331;1075;68;62;-13.9601518811235;-13.2670047005636;-11.8807103394437;-10.0889508702156;-3.00934533430684;-13.2670047005636;-1.72203323772666;-11.3673589450535;8.02710108748576
1129;335;1095;70;62;-13.9970192845012;-13.3038721039413;-11.9175777428214;-10.1258182735933;-2.9953195233183;-13.3038721039413;-1.71179355766694;-11.4067465503595;8.02799749602621
1153;338;1112;70;63;-14.0278309496211;-13.3346837690611;-11.8306063722848;-10.1566299387132;-3.00299162144733;-13.3346837690611;-1.70615542101879;-11.4256496690545;8.03302919761521
1173;342;1130;70;64;-14.0599458234128;-13.3667986428528;-11.8627212460766;-10.1887448125049;-3.01684800317446;-13.3667986428528;-1.71026646221676;-11.4618977210301;8.11216813113252
1193;348;1151;72;64;-14.0967728174438;-13.4036256368838;-11.8995482401075;-10.2681314209547;-3.01486106442808;-13.4036256368838;-1.7189299181871;-11.5118445968748;8.17361930685996
1214;353;1169;73;64;-14.1278079229441;-13.4346607423842;-11.9305833456079;-10.2566069120362;-2.99978052514211;-13.4346607423842;-1.72112367460684;-11.5198866826311;8.14055655656902
1236;357;1192;73;64;-14.1667756952506;-13.4736285146906;-11.9695511179144;-10.2852650407413;-3.00305315938039;-13.4736285146906;-1.72867904660027;-11.5260771738975;8.17365134908285
1256;363;1212;74;64;-14.2000543332585;-13.1014420445904;-12.0028297559223;-10.2488106146771;-3.01193146084351;-13.5069071526986;-1.73654492811259;-11.540156156387;8.16361109622722
1276;367;1230;76;64;-14.2295388967329;-13.1309266080648;-12.0323143193967;-10.3175158913048;-3.00376231305282;-13.536391716173;-1.73693859483288;-11.5832449008413;8.17854725793505
1296;374;1257;76;65;-14.2729664171805;-13.1743541285124;-11.9703813241864;-10.3217226985991;-3.00736193634274;-13.5798192366205;-1.75435934327025;-11.6173072375617;8.25297362939441
1318;377;1283;76;67;-14.3139127292313;-13.2153004405632;-12.1166881518951;-10.3626690106498;-2.99078066589371;-13.6207655486713;-1.7589559091479;-11.6808466098026;8.28819508843029
1341;382;1304;76;67;-14.3463834849732;-13.2477711963051;-12.0437983919792;-10.3573994384089;-3.00345187610839;-13.6532363044133;-1.76334809180757;-11.6701251210623;8.24679096159001
1361;389;1328;76;69;-14.3828586600728;-13.2842463714046;-12.0802735670787;-10.3938746135085;-3.00515744837886;-13.6897114795128;-1.7584540407276;-11.7148234560527;8.29050448588121
1381;395;1345;77;72;-14.4082985840719;-13.7151514035119;-12.2110740067357;-10.5164782859613;-3.01686301668936;-13.7151514035119;-1.75029081604869;-11.8031548147911;8.29819503485501
1402;399;1369;78;72;-14.4436716505769;-13.750524470017;-12.2464470732407;-10.5518513524663;-3.00219922368045;-13.750524470017;-1.76288150357477;-11.8310725665439;8.35062303621446
1422;405;1391;78;72;-14.4755563838469;-13.7824092032869;-12.2783318065107;-10.5837360857363;-3.00101837928145;-13.7824092032869;-1.77473261993757;-11.8402203771377;8.41892405918015
1442;410;1415;78;72;-14.5097696201547;-13.8166224395947;-12.3125450428185;-10.5977466147265;-3.00689449103795;-13.8166224395947;-1.81429827661348;-11.8505576484985;8.47105462682448
1462;412;1441;78;72;-14.546185191999;-13.8530380114391;-12.243600099005;-10.5572011454348;-3.01988950809064;-13.8530380114391;-1.82188141131618;-11.8567760252468;8.48486016189133
1482;418;1461;78;72;-14.5737528235014;-13.4751405348333;-12.2711677305074;-10.5664196382689;-3.01949349503819;-13.4751405348333;-1.82564081145387;-11.8510205385769;8.52359452830282
1502;420;1483;78;72;-14.6036446842759;-13.5050323956078;-12.3010595912818;-10.5093001220538;-3.0265807781894;-13.5050323956078;-1.83042184869401;-11.860487214661;8.57192558082566
1522;427;1502;79;73;-14.6291056646482;-13.5304933759801;-12.3265205716541;-10.6401216180839;-3.0320412775729;-13.5304933759801;-1.82142289555134;-11.8950704040459;8.59206711171919
1542;430;1528;79;73;-14.6634299394529;-13.5648176507848;-12.3608448464589;-10.6380782487178;-3.02475326917714;-13.5648176507848;-1.831755818215;-11.9007958306772;8.64701794497915
1562;434;1547;79;73;-14.6881457011461;-13.589533412478;-12.3855606081521;-10.593801138924;-3.04454291253429;-13.589533412478;-1.84066137246407;-11.9087562935455;8.69573432924079
1582;439;1567;81;73;-14.713836484712;-13.6152241960439;-12.411251391718;-10.7065032994796;-3.03177602475203;-13.6152241960439;-1.85321716414372;-11.9533938090828;8.72407364699733
1604;442;1592;81;73;-14.7454927328087;-13.6468804441405;-12.4429076398146;-10.7201410420735;-3.02352264090372;-13.6468804441405;-1.87596179242057;-11.9684973753723;8.7462940496507
1624;445;1613;81;73;-14.7717021562504;-13.6730898675823;-12.4691170632564;-10.711259145704;-3.02433718022413;-13.6730898675823;-1.8876492688832;-11.9749545423402;8.76027551452566
1644;448;1635;82;75;-14.7987961666627;-13.7001838779946;-12.4962110736687;-10.7914629814302;-3.03096495215481;-14.1056489861028;-1.88528889396452;-12.0420699886342;8.75409963448028
1664;451;1651;82;75;-14.8182728878403;-13.7196605991721;-12.5156877948462;-10.8109397026078;-3.03122942799579;-14.1251257072803;-1.88646971185412;-12.0402760261352;8.7712309359762
1684;453;1675;82;75;-14.8471368885183;-13.7485245998502;-12.5445517955243;-10.8217851977832;-3.03325534186579;-14.1539897079584;-1.89737367414998;-12.0556120389676;8.83149235309139
1704;455;1696;84;75;-14.8720556327037;-13.7734433440356;-12.5694705397097;-10.8467039419685;-3.02724701630327;-14.1789084521438;-1.89572662830215;-12.0984447286396;8.85183754285078
1725;461;1721;87;75;-14.9013215924231;-13.802709303755;-12.598736499429;-10.8408785818767;-3.04006590404968;-14.2081744118631;-1.88935360664121;-12.1444316903512;8.81855005589297
1745;467;1745;89;75;-14.9290196692731;-13.8304073806049;-12.626434576279;-10.8859684014385;-3.04934220486757;-13.8304073806049;-1.89188743623139;-12.1766933263856;8.80479457832697
1765;474;1764;89;78;-14.9506784731335;-13.8520661844654;-12.6480933801394;-10.9076272052989;-3.06134602765509;-13.8520661844654;-1.90122993379666;-12.2374450223442;8.79003144259569
1786;480;1780;91;80;-14.9687372865723;-13.8701249979042;-12.771512709236;-11.0369116538479;-3.06026237828125;-13.8701249979042;-1.89542760805959;-12.3117019426731;8.78260208918831
1806;484;1800;92;80;-14.9910838877685;-13.8924715991004;-12.7938593104323;-11.0398401691871;-3.06054737614656;-13.8924715991004;-1.88954994464627;-12.3192867027258;8.74497451815336
1826;486;1819;92;80;-15.0120843570362;-13.9134720683681;-12.8148597797;-11.0608406384548;-3.05864844221505;-13.9134720683681;-1.89586380823016;-12.3297695778654;8.79357677707953
1846;489;1842;92;80;-15.0372144336305;-13.9386021449624;-12.7346293406365;-11.0482303870662;-3.04683193517085;-13.9386021449624;-1.90144926278599;-12.3319652149606;8.79866240156957
1866;493;1868;95;80;-15.0652472375776;-13.9666349489095;-12.8680226602414;-11.1140035189961;-3.04252667965588;-13.6789528764577;-1.90261369788439;-12.3719071522972;8.76467896096347
1886;499;1888;96;83;-15.0865466934109;-13.9879344047428;-12.8893221160747;-11.1745236879827;-3.0478636433668;-13.700252332291;-1.90134749363815;-12.4465524218315;8.73593753490112
1906;501;1913;96;83;-15.1128559388805;-14.0142436502124;-12.9156313615443;-11.1616122202991;-3.04656273587862;-13.7265615777606;-1.91119351486538;-12.4576764396888;8.77725786525994
1930;504;1929;96;83;-15.1295140258115;-14.0309017371433;-12.9322894484752;-11.17827030723;-3.04569376360933;-13.7432196646916;-1.91604018416658;-12.4606352952946;8.78575889917159
1954;508;1950;96;83;-15.1511693031156;-14.0525570144475;-12.9539447257794;-11.1999255845342;-3.03940733705665;-13.7648749419957;-1.92436843591076;-12.465670858553;8.80597488349611
1974;511;1971;96;86;-15.1725926143054;-14.0739803256373;-12.9753680369692;-11.221348895724;-3.0323606707157;-13.7862982531855;-1.91653435764126;-12.5291429426549;8.83611633501883
1995;511;1982;96;86;-15.1837234297799;-14.0851111411118;-12.9864988524436;-11.2324797111984;-3.02752403474542;-13.79742906866;-1.91759223121383;-12.5317963354245;8.85432301220847
2016;517;2000;96;86;-15.2018049190842;-14.1031926304161;-13.0045803417479;-11.2505612005027;-3.02051689037662;-13.8155105579643;-1.91918326553441;-12.5191959348142;8.82022126572978
2036;523;2019;96;90;-15.2207152366257;-14.1221029479576;-13.0234906592895;-11.2694715180442;-3.01010291105347;-14.1221029479576;-1.91229229748101;-12.5867011381892;8.77599723576724
2056;532;2043;98;90;-15.2443491896352;-14.1457369009671;-13.047124612299;-11.2931054710538;-3.02187184007979;-14.1457369009671;-1.89754550207201;-12.5925034196335;8.70220316367109
2078;534;2066;98;91;-15.2667392993592;-14.1681270106911;-13.0695147220229;-11.3154955807777;-3.01724803346147;-14.1681270106911;-1.90046863672796;-12.6156687047936;8.70354715115244
2100;537;2085;98;91;-15.2850482684658;-14.1864359797977;-13.0878236911296;-11.3147563549137;-3.01774882951973;-14.1864359797977;-1.90305975921024;-12.6163216481713;8.72986984818192
2120;542;2106;99;91;-15.3050913853878;-14.2064790967197;-13.1078668080516;-11.3347994718357;-3.01403441595267;-13.918797024268;-1.90225334663109;-12.6290138724642;8.72784539061069
2140;545;2123;99;91;-15.3211709234065;-14.2225586347384;-13.1239463460703;-11.3508790098544;-3.01442071012289;-13.9348765622866;-1.90928466887143;-12.6392994169743;8.77231314478954
2160;547;2145;99;91;-15.3417896627242;-14.2431773740561;-13.144565085388;-11.35280561616;-3.02120153640749;-13.9554953016043;-1.91499329613102;-12.6489341358342;8.81844140991327
2180;553;2168;102;91;-15.3631207251191;-14.264508436451;-13.1658961477829;-11.3741366785548;-3.02538843759717;-13.9768263639992;-1.9206148615279;-12.6922260918506;8.79205104656964
2200;558;2194;104;91;-15.3869632816704;-14.2883509930022;-13.1897387043341;-11.3979792351061;-3.02882212251724;-14.0006689205505;-1.92006171366103;-12.7257511095004;8.8074898647441
2220;559;2209;104;92;-15.4005904068402;-14.3019781181721;-13.203365829504;-11.411606360276;-3.0239145974703;-14.0142960457203;-1.92149148733328;-12.7478785703141;8.82227042941801
2241;566;2232;104;92;-15.4213066470024;-14.3226943583343;-13.2240820696662;-11.4323226004381;-3.03293744499078;-14.0350122858825;-1.92979504151721;-12.7445966921482;8.84248443740066
2261;574;2249;108;95;-15.4364819039186;-14.7433347233587;-13.2392573265824;-11.5244588984905;-3.0323455946459;-14.3378696152505;-1.91503909685528;-12.8366714021832;8.74228335543171
2281;584;2279;108;95;-15.4629840584914;-14.3643717698233;-13.2657594811551;-11.4926921449392;-3.04320424459401;-14.0766896973715;-1.91304710943556;-12.8178500744859;8.7340227604722
2301;587;2305;108;95;-15.4856719108615;-14.3870596221934;-13.2884473335253;-11.4966878642972;-3.04302629370545;-14.0993775497416;-1.92001085470706;-12.8261140134498;8.77668526518809
2321;592;2319;109;95;-15.4977826745111;-14.399170385843;-13.3005580971748;-11.4904494892786;-3.04461560351089;-14.1114883133912;-1.92093040132758;-12.831607839577;8.74583324610898
2342;596;2349;109;95;-15.5234899693178;-14.4248776806497;-13.3262653919816;-11.5161567840854;-3.04228871740749;-14.1371956081979;-1.93344189932424;-12.8377628856661;8.75727310795221
2362;601;2381;109;95;-15.5505516929737;-14.4519394043056;-13.2479665999797;-11.5432185077413;-3.0440485821696;-14.1642573318538;-1.94123293263415;-12.839855833961;8.77669663088388
2383;603;2397;110;95;-15.5639464688688;-14.4653341802007;-13.3667218915325;-11.5566132836363;-3.04105779616175;-14.1776521077489;-1.94755902670825;-12.8606201732845;8.79242199887697
2404;607;2416;111;95;-15.5797371181094;-14.4811248294413;-13.2771520251154;-11.5724039328769;-3.03358446607901;-14.1934427569895;-1.94569687934464;-12.8766178436742;8.81135125147474
2424;609;2430;111;95;-15.5912930726692;-14.4926807840011;-13.2887079796751;-11.5839598874367;-3.03439455572261;-14.2049987115493;-1.94730657483953;-12.8736621004688;8.80151621676626
2445;613;2451;111;95;-15.6085027670562;-14.5098904783881;-13.3059176740622;-11.6011695818238;-3.03101830074277;-14.2222084059363;-1.95500891178555;-12.8743605786913;8.79403489198841
2465;617;2473;111;95;-15.6263745350428;-14.5277622463747;-13.3237894420488;-11.5659315244964;-3.03151509445731;-14.2400801739229;-1.95243445386663;-12.8649477938028;8.76395010302545
2485;620;2494;111;96;-15.64328625248;-14.5446739638119;-13.3407011594859;-11.5828432419335;-3.02526953274392;-14.2569918913601;-1.95548861873419;-12.8843482285644;8.76165486951223
2505;621;2516;111;96;-15.6608512356407;-14.5622389469726;-13.3582661426466;-11.6004082250942;-3.02360674965892;-14.2745568745208;-1.95583992960794;-12.8862729518109;8.77148776770309
2525;627;2545;111;96;-15.6837718579692;-14.5851595693011;-13.2858765851709;-11.5894272957471;-3.02748383559284;-14.2974774968494;-1.96049282373796;-12.8888374498826;8.81228507118603
2545;632;2573;111;96;-15.7056556245635;-14.6070433358954;-13.3077603517651;-11.6113110623414;-3.02978562106004;-14.0962177121294;-1.96777369051915;-12.8852062003072;8.82423020311964
2565;639;2599;111;101;-15.725764069283;-14.6271517806149;-13.4231789762889;-11.6653210587366;-3.02550140758827;-14.1163261568489;-1.96074712553569;-12.9643259788862;8.79515165649869
2585;641;2621;112;101;-15.7426224066468;-14.6440101179787;-13.4400373136528;-11.6739244916185;-3.02390878609827;-14.1331844942127;-1.95863966816684;-12.975817246352;8.78199826506407
2606;645;2640;112;104;-15.7570683922807;-14.6584561036126;-13.4544832992867;-11.7497352070483;-3.02357262663733;-14.1476304798466;-1.95506666914136;-13.0255759900048;8.79227096976433
2626;647;2659;112;104;-15.771410782486;-14.6727984938179;-13.468825689492;-11.7640775972536;-3.01976332086306;-14.1619728700519;-1.96340834001209;-13.032926331016;8.82183143035336
2646;653;2683;112;104;-15.7893817008512;-14.6907694121831;-13.4867966078572;-11.7551802215664;-3.01906115505909;-14.1799437884171;-1.96999068162488;-13.0269959757736;8.82780029123112
2666;653;2706;112;104;-15.8064536174615;-14.7078413287934;-13.5038685244674;-11.7634023496269;-3.00677239838689;-14.1970157050274;-1.9760002612794;-13.0397926452343;8.8652511367915
2686;656;2731;113;104;-15.8248462429474;-14.7262339542793;-13.5222611499534;-11.7817949751129;-3.0089210730551;-14.2154083305133;-1.9736770778339;-13.0511062844616;8.8651554347966
2706;658;2759;113;104;-15.8452471484346;-14.7466348597665;-13.4473518756362;-11.7509025862125;-3.00856784081935;-14.2358092360005;-1.98220149928986;-13.060730179049;8.91913992052515
2726;662;2787;113;104;-15.8654420549639;-14.7668297662958;-13.4675467821655;-11.7710974927418;-3.012842249509;-14.2560041425298;-1.98430856404913;-13.0622869854003;8.92753265937303
2748;665;2810;114;104;-15.8818795246556;-14.7832672359875;-13.4839842518572;-11.7875349624335;-3.01414004579264;-14.2724416122215;-1.98561512731648;-13.0759767469928;8.92866344246759
2768;667;2826;115;104;-15.8932351264889;-14.7946228378208;-13.4953398536906;-11.7988905642668;-3.00982969129319;-14.2837972140548;-1.98656115650796;-13.088829866021;8.90888150773134
2788;669;2847;115;104;-15.9080421745561;-14.809429885888;-13.5101469017577;-11.813697612334;-3.00844991782686;-14.298604262122;-1.9946728689653;-13.0931902254894;8.92391375864419
2808;673;2881;115;104;-15.9317854701691;-14.8331731815009;-13.5338901973707;-11.837440907947;-3.0110439070637;-13.9858753211137;-1.99684434558429;-13.0938182790438;8.92009030311413
2828;675;2904;115;104;-15.9476887518894;-14.8490764632213;-13.549793479091;-11.8045540254978;-3.00408847011852;-14.0017786028341;-2.00493075403963;-13.0966804621814;8.93726065992968
2849;678;2923;115;104;-15.9607315302225;-14.8621192415544;-13.4758248804345;-11.8018484468628;-3.00956937041642;-14.0148213811672;-2.00598438524933;-13.099740481214;8.97263846691246
2871;682;2946;115;104;-15.9764071940452;-14.877794905377;-13.4915005442572;-11.8020199241495;-3.00952871948122;-14.0304970449898;-2.01396998684296;-13.1012168251715;8.98928420697705
2892;685;2966;115;104;-15.9899390453958;-14.8913267567276;-13.5050323956078;-11.8155517755001;-3.01309867346833;-14.0440288963404;-2.01687019155677;-13.0950258195774;8.96345673609876
2912;686;2984;115;104;-16.0020399226473;-14.9034276339792;-13.5171332728593;-11.8276526527517;-3.00482262167595;-14.056129773592;-2.01790366949306;-13.098357663328;8.98372185083044
2932;690;3004;115;104;-16.0154000257681;-14.9167877370999;-13.5304933759801;-11.8257452837416;-3.00836669505904;-14.0694898767127;-2.01557323503266;-13.0992944097569;9.0268685001854
2952;693;3024;115;104;-16.0286714745988;-14.9300591859307;-13.5437648248108;-11.7801762325495;-3.00398046476886;-14.0827613255435;-2.01628331495662;-13.101459638926;9.05323216255965
2972;698;3049;115;104;-16.0451378939765;-14.9465256053084;-13.5602312441885;-11.7684717749605;-3.00896005284397;-14.0992277449212;-2.02033933098847;-13.1045496210348;9.09969552981421
2992;701;3065;115;106;-16.0556056967406;-14.9569934080725;-13.5706990469526;-11.8659509547142;-3.00920801599213;-14.1096955476853;-2.01826444888768;-13.1402270170234;9.1182304474353
3000;703;3078;115;106;-16.0640706287976;-14.9654583401295;-13.5791639790096;-11.8155753867483;-3.01108305333164;-14.6777762676778;-2.01397660557665;-13.1264505647;9.05278822979719
3020;705;3091;115;106;-16.0724998842642;-14.9738875955961;-13.5875932344762;-11.8240046422149;-3.01294851927177;-14.6862055231443;-2.01445342792143;-13.1269230910854;9.06234268439684
3040;707;3111;115;106;-16.0853989937953;-14.9867867051272;-13.6004923440073;-11.8087328747792;-3.00982538269099;-14.6991046326754;-2.01791722328011;-13.1329379338793;9.09715498166708
3061;711;3135;115;106;-16.100768906134;-14.7144745450142;-13.615862256346;-11.824102787118;-3.00579316964872;-14.7144745450142;-2.01989013852829;-13.130389747155;9.1037749152064
3082;714;3159;115;106;-16.1160216016042;-14.7297272404843;-13.6311149518162;-11.8393554825881;-3.00474141649829;-14.7297272404843;-2.02808068959684;-13.1353914023106;9.10843522238537
3102;715;3178;115;106;-16.1280146941933;-14.7417203330734;-13.6431080444053;-11.8513485751773;-2.99997147765783;-14.7417203330734;-2.03607387869352;-13.1447673203732;9.13670987923724
3122;717;3195;115;106;-16.1386847336233;-14.7523903725034;-13.6537780838353;-11.8620186146072;-3.0037447740145;-14.7523903725034;-2.03981568643735;-13.1506804918414;9.16755364368159
3143;721;3213;115;106;-16.1499207182317;-14.7636263571118;-13.6650140684437;-11.8324326046954;-3.00981565935123;-14.7636263571118;-2.05314110733789;-13.1558603167526;9.20218341760983
3164;722;3229;115;106;-16.1598555415165;-14.7735611803967;-13.6749488917285;-11.8423674279802;-3.00720547150735;-14.7735611803967;-2.055684140253;-13.1607311060232;9.22432929624577
3184;726;3251;115;107;-16.1734358406078;-14.7871414794879;-13.6885291908198;-11.8967697215918;-3.00547214308616;-14.7871414794879;-2.05728749903154;-13.18055363303;9.24999367889898
3205;729;3268;115;107;-16.1838669119598;-14.7975725508399;-13.6989602621718;-11.8663787984235;-3.00746052410458;-14.7975725508399;-2.06185522603103;-13.1836533933088;9.28304027124717
3229;732;3284;115;107;-16.1936349411446;-14.8073405800247;-13.7087282913566;-11.8629016008583;-3.00269557913862;-14.8073405800247;-2.06112844139327;-13.1835610104837;9.30798341665782
3249;735;3307;115;108;-16.2075934259636;-14.8212990648437;-13.7226867761756;-11.8901053124273;-3.00719550975392;-14.8212990648437;-2.0585169936173;-13.2000870731583;9.32777111880833
3270;738;3325;116;108;-16.2184499061799;-15.1198376175118;-13.7335432563919;-11.9009617926436;-3.00806466250226;-14.83215554506;-2.0625690048087;-13.2162010658793;9.33589534503903
3290;741;3347;116;108;-16.2316394024227;-14.8453450413028;-13.7467327526347;-11.9141512888863;-3.00865994642382;-14.8453450413028;-2.06435006720549;-13.2187721724843;9.36156428911332
3310;743;3366;116;108;-16.2429607495015;-14.8566663883816;-13.7580540997135;-11.8862519228119;-3.01229917565201;-14.8566663883816;-2.06604077293204;-13.2217860719353;9.38500900127816
3330;746;3389;116;108;-16.2565803432141;-14.8702859820942;-13.6916309857526;-11.8998715165245;-3.01231796791501;-14.8702859820942;-2.06565091149227;-13.2182500414485;9.37359394165779
3351;748;3408;116;108;-16.2677617758984;-14.8814674147785;-13.7028124184369;-11.8983940452167;-3.01268734225346;-14.8814674147785;-2.07472204296556;-13.2234852628197;9.40158023884374
3375;749;3423;116;108;-16.2765452770604;-14.8902509159405;-13.7115959195988;-11.8945186423865;-3.01449126417099;-14.8902509159405;-2.07658761655716;-13.2277330456402;9.42181346086409
3395;752;3436;116;108;-16.2841265662083;-14.8978322050884;-13.645069236593;-11.877407318944;-3.01830027738441;-14.8978322050884;-2.07926063456227;-13.2286889022711;9.44676904431264
3416;756;3462;117;108;-16.2992034714723;-14.9129091103524;-13.660146141857;-11.8803628636757;-3.02160200568377;-14.9129091103524;-2.08517521620067;-13.2424983080789;9.44041917619526
3436;759;3483;119;108;-16.311298540732;-14.9250041796121;-13.826391890944;-11.941850688265;-3.02199123857804;-14.9250041796121;-2.09141747351437;-13.2739190820896;9.45664606099718
3456;761;3508;119;108;-16.3256027069841;-14.9393083458643;-13.7606533495226;-11.9435760723103;-3.01687595195953;-14.9393083458643;-2.09401422328075;-13.2763695789458;9.47553822675061
3476;763;3529;119;108;-16.3375396473505;-14.9512452862306;-13.6984823177353;-11.9430904926781;-3.01208686555659;-14.9512452862306;-2.10035932218162;-13.2839679334359;9.50444846009202
3496;765;3547;119;109;-16.3477149095472;-14.9614205484274;-13.7827655520857;-11.9532657548748;-3.01448139194454;-14.9614205484274;-2.10108709138973;-13.3044962304238;9.52487537664149
3500;765;3549;119;109;-16.348842305293;-14.9625479441731;-13.7838929478315;-11.9543931506206;-3.01455002634205;-14.9625479441731;-2.10158374707983;-13.3054748066859;9.52716433408375
3520;770;3566;121;109;-16.3583995968462;-14.9721052357263;-13.8734929470582;-11.9763729621723;-3.01788430564706;-14.9721052357263;-2.09975313607247;-13.3322828620183;9.54343447704528
3541;773;3590;121;109;-16.3718149629646;-14.9855206018448;-13.8068656055031;-11.9773658082922;-3.01985211858793;-14.9855206018448;-2.10384503009582;-13.3328200647876;9.5410365727452
3561;777;3612;121;110;-16.3840338290738;-14.9977394679539;-13.8190844716122;-12.0020071943999;-3.02126553855636;-14.9977394679539;-2.10213366458373;-13.3475921031254;9.56186025302961
3581;780;3634;122;110;-16.3961784979122;-15.0098841367923;-13.8312291404507;-12.0017293432398;-3.01506198370528;-15.0098841367923;-2.10217296444174;-13.3622469261205;9.58027781344018
3602;786;3658;125;110;-16.4093436579016;-15.3107313692335;-13.9244370081136;-12.0398958054346;-3.0200970113603;-15.0230492967817;-2.10861640344983;-13.4025103302913;9.59084543443015
3622;791;3677;127;111;-16.4197049626025;-15.3210926739344;-13.9347983128145;-12.1022168490662;-3.0213445172764;-15.0334106014827;-2.10811680024971;-13.4427988684236;9.57993660568865
3643;796;3695;127;115;-16.4294716667646;-15.3308593780965;-13.9445650169766;-12.1809764247152;-3.02610044006762;-15.0431773056447;-2.10180477082736;-13.5015364895122;9.57631682395429
3667;798;3712;127;115;-16.4386521878122;-15.3400398991441;-13.9537455380242;-12.1619860687961;-3.02778907233574;-15.0523578266923;-2.10095182370288;-13.5010398520971;9.57422052007627
3687;801;3730;127;115;-16.4483270252757;-15.3497147366076;-13.9634203754877;-12.1716609062597;-3.02852928397693;-15.0620326641558;-2.10935145817501;-13.5061461459685;9.60536610482748
3708;805;3748;127;115;-16.4579552867166;-15.3593429980485;-13.9730486369286;-12.1812891677006;-3.03320252158829;-15.0716609255967;-2.10926678973236;-13.5089019531889;9.64514935143405
3729;810;3767;129;116;-16.4680684153841;-15.369456126716;-13.9831617655961;-12.2195731733347;-3.03198686557713;-15.0817740542642;-2.10753198659205;-13.5512377276067;9.65217318891109
3749;811;3784;129;116;-16.4770738603435;-15.3784615716754;-13.9921672105555;-12.2285786182942;-3.03217925792731;-15.0907794992236;-2.1059021809825;-13.5495066563546;9.65409836891031
3769;814;3809;129;116;-16.4902439329572;-15.3916316442891;-14.0053372831692;-12.2135778139412;-3.03349048513599;-15.1039495718373;-2.10620485231257;-13.5501607475975;9.66984108330565
3790;816;3831;129;116;-16.5017622894013;-15.4031500007332;-14.0168556396133;-12.2250961703852;-3.0381665939891;-15.1154679282814;-2.11265865394789;-13.5557258332609;9.70306495367649
3810;816;3845;129;116;-16.5090577638795;-15.4104454752114;-14.0241511140915;-12.2323916448634;-3.03864372498054;-15.1227634027596;-2.1152319199154;-13.5611859890693;9.72091164973888
3831;822;3864;129;118;-16.5189163906648;-15.4203041019967;-14.0340097408768;-12.2422502716488;-3.04457307362598;-15.1326220295449;-2.11935614159533;-13.5846502032215;9.69362188674484
3851;825;3886;129;118;-16.5302712598748;-15.4316589712067;-14.0453646100868;-12.2536051408587;-3.04629156724073;-15.1439768987549;-2.11973364535288;-13.5797986301501;9.67435344146076
3871;829;3902;129;118;-16.5384890423661;-15.439876753698;-14.0535823925781;-12.2618229233501;-3.04776170454034;-15.1521946812462;-2.12308978981017;-13.5773570252483;9.68865001567392
3894;829;3920;129;118;-16.547693865569;-15.4490815769009;-14.062787215781;-12.271027746553;-3.04450649397297;-15.1613995044491;-2.12567684546408;-13.5829386498126;9.71183017328883
3915;832;3942;130;118;-16.5588869754253;-15.4602746867572;-14.0739803256373;-12.2822208564093;-3.04383307187794;-15.1725926143054;-2.12383595009072;-13.5911957491113;9.7069960603291
3936;838;3967;130;118;-16.5715308410287;-15.4729185523606;-14.0866241912407;-12.2407975007423;-3.04651965370978;-15.1852364799088;-2.13304827978238;-13.593849685885;9.74911293169342
3956;842;3985;130;118;-16.5805851824486;-15.4819728937805;-14.0156358249871;-12.2433158013786;-3.04845662219033;-15.1942908213287;-2.1384027727971;-13.5935721465955;9.77699326498484
3976;848;4003;132;118;-16.5895987179851;-15.490986429317;-14.1046920681971;-12.2721106044488;-3.04905146006488;-15.2033043568653;-2.13541353286718;-13.6158353884261;9.78198948230169
3997;855;4024;132;122;-16.6000634235591;-15.501451134891;-14.1151567737712;-12.3233973045431;-3.05201409756021;-15.2137690624393;-2.12309554637076;-13.6615878436685;9.75339339388886
4000;855;4026;132;122;-16.6010572123995;-15.5024449237314;-14.1161505626115;-12.3243910933834;-3.0516238031346;-15.2147628512796;-2.1235816230317;-13.6624722363712;9.75525889308812
4022;855;4047;132;122;-16.6114622897517;-15.5128500010836;-14.1265556399637;-12.3210028486033;-3.04819845166;-15.2251679286318;-2.12702347602566;-13.6703188933305;9.78313558435583
4042;856;4064;132;122;-16.6198459785166;-15.5212336898485;-14.1349393287286;-12.3293865373682;-3.04822136560494;-15.2335516173967;-2.12863963360617;-13.6740821724023;9.80260396780356
4063;865;4086;134;125;-16.6306435507551;-15.532031262087;-14.1457369009671;-12.3539774317391;-3.04840769130453;-15.2443491896352;-2.11819650074865;-13.731901951299;9.7987821681533
4083;866;4104;134;125;-16.6394347737012;-15.5408224850331;-14.1545281239132;-12.3627686546852;-3.05028042210545;-15.2531404125813;-2.12445058940341;-13.7379571539387;9.82104707021107
4106;869;4121;134;125;-16.6477022626776;-15.5490899740095;-14.1627956128896;-12.3572428215292;-3.04582933083867;-15.2614079015577;-2.12194702300221;-13.7292783875357;9.7852699719073
4127;873;4143;134;125;-16.6583508841548;-15.5597385954867;-14.1734442343668;-12.3542857909506;-3.04871386633979;-15.2720565230349;-2.12198946111462;-13.7269596820189;9.78350927443028
4147;878;4166;134;125;-16.6694232436418;-15.5708109549737;-14.1845165938538;-12.3386899033555;-3.04943863805514;-15.2831288825219;-2.11979152214819;-13.7211380309669;9.79268497860405
4167;882;4183;134;125;-16.6775679428844;-15.5789556542163;-14.1926612930964;-12.3468346025981;-3.05176616014809;-15.2912735817645;-2.13474358781729;-13.7264098714172;9.81874909699162
4187;886;4194;134;125;-16.6828204229237;-15.5842081342556;-14.1979137731357;-12.3520870826374;-3.05345391819309;-15.0733825104896;-2.13314166968509;-13.7233842174307;9.83441760259569
4207;888;4212;135;125;-16.6913857465077;-15.5927734578396;-14.2064790967197;-12.3606524062214;-3.05178335516025;-15.0819478340736;-2.13516574022756;-13.7391857788019;9.84669930373412
4227;893;4232;137;126;-16.7008599470763;-15.6022476584082;-14.2159532972883;-12.38337183354;-3.05009904011408;-15.0914220346422;-2.13370738255321;-13.7698819274769;9.79628864128216
4247;897;4249;137;127;-16.7088778802296;-15.6102655915615;-14.2239712304416;-12.3781445399433;-3.04922612677396;-15.0994399677955;-2.1348496230238;-13.7808144179608;9.78581155591105
4267;902;4270;137;127;-16.7187382124453;-15.6201259237772;-14.2338315626573;-12.388004872159;-3.04769866714397;-15.1093003000112;-2.13576413062103;-13.7720160561293;9.75138999423605
4287;904;4294;138;127;-16.7299479568775;-15.6313356682093;-14.2450413070895;-12.3992146165911;-3.04881143217391;-15.1205100444434;-2.13650155977297;-13.788271875485;9.7667865095527
4307;909;4314;139;127;-16.7392416538982;-15.6406293652301;-14.2543350041102;-12.4085083136119;-3.04806151902871;-15.1298037414641;-2.13746112616509;-13.8008196942065;9.78571067418607
4329;911;4331;139;127;-16.7471074824293;-15.6484951937611;-14.2622008326413;-12.4163741421429;-3.04431443657637;-15.1376695699952;-2.14223088616449;-13.8052237538081;9.81024725185043
4349;913;4352;139;127;-16.7567815770716;-15.6581692884034;-14.2718749272836;-12.400072750382;-3.04277675177464;-15.1473436646375;-2.1463279185184;-13.8105010405442;9.83202518298145
4372;916;4378;139;127;-16.7686945561656;-15.6700822674975;-14.2837879063776;-12.411985729476;-3.03975547196259;-15.1592566437315;-2.14713545576691;-13.8055827174318;9.8124674484975
4392;917;4399;139;127;-16.7782650426974;-15.6796527540293;-14.2933583929094;-12.4215562160078;-3.03825850783577;-15.1688271302633;-2.15032051083848;-13.8082337694003;9.80170030124359
4412;919;4418;139;127;-16.7868847679601;-15.688272479292;-14.2219354104986;-12.4301759412705;-3.03968945398133;-15.177446855526;-2.15436561571683;-13.8133052009712;9.83151635654788
4433;920;4432;139;127;-16.7932124568542;-15.6946001681861;-14.2282630993927;-12.4365036301646;-3.04134482119592;-15.1837745444201;-2.15562778497691;-13.8169666627179;9.85090955169963
4453;922;4452;140;127;-16.8022174247909;-15.7036051361228;-14.2372680673293;-12.4455085981013;-3.04104479140037;-15.1927795123568;-2.15669280009075;-13.8291318908834;9.84270172031748
4473;924;4471;140;127;-16.810734752468;-15.7121224637999;-14.2457853950064;-12.4540259257784;-3.0358128829086;-15.2012968400339;-2.16061521279965;-13.8319489105468;9.87207869406206
4494;927;4491;140;127;-16.8196613461755;-15.7210490575074;-14.2547119887139;-12.4629525194859;-3.03353840510579;-15.2102234337414;-2.16626147832379;-13.8327157992493;9.87508328333114
4500;927;4497;140;127;-16.8223315735414;-15.7237192848733;-14.2573822160799;-12.4656227468518;-3.03414390932611;-15.2128936611073;-2.16770856443393;-13.8351354065078;9.87951017396433
4520;930;4519;140;127;-16.8320920188226;-15.7334797301544;-14.267142661361;-12.4500653841487;-3.03566744500452;-15.2226541063885;-2.16959622076028;-13.8404271113238;9.9131456301725
4540;931;4538;140;127;-16.8404833306796;-15.7418710420115;-14.275533973218;-12.4584566960057;-3.03783311354341;-15.2310454182455;-2.17276200046745;-13.8454363636914;9.92796446086266
4562;934;4563;140;127;-16.8514711618548;-15.7528588731867;-14.2865218043933;-12.4694445271809;-3.03363930020185;-15.2420332494207;-2.17966619125622;-13.8447580786318;9.92457802336652
4582;936;4586;140;127;-16.8615269268357;-15.7629146381676;-14.2965775693742;-12.4795002921618;-3.04001441667579;-15.2520890144016;-2.18304835769911;-13.8476047141143;9.94855624021353
4602;938;4603;141;127;-16.8689270876345;-15.7703147989664;-14.3039777301729;-12.4869004529606;-3.03969115505173;-15.2594891752004;-2.18317224938962;-13.8617269501837;9.96193626266074
4622;940;4618;142;127;-16.8754339798289;-15.7768216911608;-14.3104846223673;-12.493407345155;-3.03888822116588;-15.489139618709;-2.18327080224262;-13.8708166509038;9.94022167390629
4642;942;4640;142;127;-16.8849392904406;-15.7863270017725;-14.3199899329791;-12.5029126557667;-3.03671568679417;-15.4986449293207;-2.18475788140763;-13.8692900445567;9.93225156433428
4667;945;4659;142;127;-16.8931122236336;-15.5068178625137;-14.3281628661721;-12.4986630689612;-3.0372681104161;-15.5068178625137;-2.18569953260241;-13.8685118134801;9.93243738032473
4687;947;4679;142;127;-16.9016793817324;-15.5153850206125;-14.3367300242709;-12.50723022706;-3.04066022853739;-15.5153850206125;-2.18828975103508;-13.8730668057197;9.96155607087849
4709;947;4700;142;127;-16.9106355753963;-15.5243412142764;-14.271578245781;-12.5161864207239;-3.03572750114289;-15.5243412142764;-2.19178093288716;-13.8777286797517;9.97183470743455
4730;952;4717;142;128;-16.9178565665685;-15.8192442779004;-14.352907209107;-12.5111373193043;-3.03937120944286;-15.5315622054486;-2.19416648380864;-13.8907866676156;9.99076473092647
4754;955;4739;142;128;-16.9271628439352;-15.8285505552671;-14.3622134864736;-12.5204435966709;-3.04079874660057;-15.5408684828153;-2.2045641685595;-13.896928949978;10.0129960918231
4774;957;4760;142;128;-16.9360058944509;-15.8373936057828;-14.3710565369894;-12.5292866471867;-3.04063295276281;-15.549711533331;-2.20928348029438;-13.9022194487536;10.0426843424811
4794;962;4782;142;130;-16.9452282960365;-15.8466160073684;-14.380278938575;-12.5385090487723;-3.03851598631248;-15.3357903836024;-2.20914299568907;-13.9274362747807;10.0471859489038
4814;965;4797;144;130;-16.9514920030041;-15.852879714336;-14.3865426455426;-12.5447727557399;-3.03852810889114;-15.34205409057;-2.20724883532981;-13.9515703121149;10.0486891724621
4835;966;4810;144;130;-16.9569047261996;-15.8582924375315;-14.3919553687381;-12.5501854789354;-3.037345913215;-15.3474668137655;-2.20866292523701;-13.9531689354004;10.0534995954538
4855;971;4830;145;130;-16.9652034932932;-15.8665912046251;-14.4002541358317;-12.5707543386208;-3.036003600778;-15.3557655808591;-2.2098212328998;-13.9648286659902;10.0656674491919
4875;972;4845;145;130;-16.9714050486497;-15.8727927599816;-14.4064556911882;-12.5646858013855;-3.0352444576853;-15.3619671362156;-2.21453502184263;-13.9687824613458;10.0813163956366
4895;972;4856;145;130;-16.9759406654787;-15.8773283768106;-14.4109913080171;-12.5692214182144;-3.03708656019736;-15.3665027530446;-2.21539410811183;-13.9717755559275;10.0938019178051
4915;975;4881;146;130;-16.9862107917743;-15.8875985031062;-14.4212614343128;-12.57949154451;-3.03548775500301;-15.3767728793402;-2.21467276809801;-13.9835315588028;10.1111863282118
4939;980;4909;146;132;-16.9976510681161;-15.899038779448;-14.4327017106546;-12.6156244334422;-3.03589700983369;-15.388213155682;-2.22027621038318;-14.0093636112921;10.0970454446446
4959;987;4930;148;132;-17.0061885340735;-15.9075762454054;-14.4412391766119;-12.6494797073839;-3.03835439297844;-15.3967506216394;-2.21650067334358;-14.0220780223637;10.0530302965645
4979;990;4952;148;132;-17.0150936287289;-15.9164813400608;-14.4501442712673;-12.633066994055;-3.04420371749435;-15.4056557162948;-2.21708259003219;-14.0216729872006;10.0568641275623
4999;993;4973;148;132;-17.0235571174295;-15.9249448287614;-14.4586077599679;-12.6415304827556;-3.04286268409217;-15.4141192049954;-2.21752592001461;-14.0209910767877;10.0717309509121
5000;994;4974;148;132;-17.0239592487267;-15.9253469600586;-14.4590098912652;-12.6419326140528;-3.04326481538939;-15.4145213362926;-2.21712098981442;-14.0206698217701;10.0759641277011
5020;996;4987;148;132;-17.0291796110922;-15.9305673224241;-14.4642302536307;-12.6471529764184;-3.04246658491849;-15.4197416986581;-2.21689128154115;-14.0150067141687;10.0477506776022
5040;998;5008;148;132;-17.0375838255599;-15.9389715368918;-14.4726344680983;-12.6431346708874;-3.04523169854442;-15.4281459131258;-2.22283868658523;-14.0212086971873;10.0718464749853
5060;1001;5033;148;132;-17.0475430135527;-15.9489307248846;-14.4825936560912;-12.6287024057561;-3.04363688303379;-15.4381051011186;-2.22639437722712;-14.0226380279545;10.0767128056097
5081;1006;5058;149;134;-17.0574528544598;-15.9588405657917;-14.4925034969983;-12.7007440277702;-3.04500802733375;-15.4480149420257;-2.2223692469218;-14.0573037051915;10.0630778933096
5101;1009;5075;149;134;-17.06416360782;-15.9655513191519;-14.4992142503584;-12.7074547811304;-3.04250185435226;-15.4547256953859;-2.22230612429621;-14.0553116705049;10.0800824774833
5121;1012;5099;149;134;-17.0735994421103;-15.9749871534422;-14.4345421124951;-12.6915728074364;-3.04093523654005;-15.4641615296762;-2.22602851993009;-14.0564758442147;10.0985672333462
5141;1016;5117;149;134;-17.0806472176102;-15.9820349289421;-14.4415898879949;-12.6986205829363;-3.04138609260303;-15.4712093051761;-2.22896411830495;-14.0579642827994;10.1147975829874
5162;1018;5138;149;134;-17.0888383553397;-15.9902260666715;-14.4497810257244;-12.6943892006672;-3.043383424164;-15.4794004429056;-2.23156208881947;-14.0617092114331;10.1384979969363
5182;1019;5162;149;134;-17.0981587605571;-15.999546471889;-14.4591014309419;-12.6673419617138;-3.0418313482086;-15.488720848123;-2.23365342024732;-14.0664184009804;10.1651503077732
5202;1020;5175;149;134;-17.1031892362671;-16.004576947599;-14.4641319066519;-12.6723724374238;-3.04290515070424;-15.493751323833;-2.2359015660387;-14.0689485032256;10.1768898368104
5222;1024;5202;149;134;-17.1135968920172;-16.0149846033491;-14.4745395624019;-12.6827800931739;-3.0453529130186;-15.5041589795831;-2.23634897869889;-14.0650646940109;10.1687950140598
5242;1027;5226;149;134;-17.1228028921611;-16.024190603493;-14.4837455625459;-12.6919860933178;-3.04525427677524;-15.513364979727;-2.24694558833582;-14.0709736984097;10.196190676754
5262;1028;5244;149;134;-17.1296796897672;-16.0310674010991;-14.4906223601519;-12.6988628909239;-3.04181797964855;-15.5202417773331;-2.25492434039367;-14.0763765666315;10.2115978139861
5282;1029;5258;149;134;-17.1350120105797;-15.7487176494598;-14.4959546809644;-12.7041952117363;-3.04216066743027;-15.5255740981456;-2.25516595843152;-14.0728175716935;10.1895153535621
5303;1032;5280;149;134;-17.1433627534006;-15.7570683922807;-14.5043054237854;-12.7125459545573;-3.04658767146837;-15.5339248409665;-2.26092804777666;-14.0730697596554;10.1948767259583
5323;1035;5298;149;134;-17.150169339664;-15.7638749785441;-14.5111120100488;-12.6958220434105;-3.04704146134435;-15.5407314272299;-2.25595944641352;-14.0652910241937;10.1912628919124
5343;1035;5326;149;134;-17.1607115327478;-15.7744171716279;-14.5216542031325;-12.7063642364942;-3.04281158705947;-15.5512736203137;-2.26036311953721;-14.072421421417;10.2136812894386
5363;1039;5346;149;136;-17.1682077933977;-16.0695955047296;-14.5291504637825;-12.7373909945544;-3.04293865233066;-15.5587698809636;-2.2583704497631;-14.0984055672702;10.2236099959038
5386;1039;5372;149;136;-17.1779111152863;-16.0792988266181;-14.538853785671;-12.7470943164429;-3.03943918272872;-15.5684732028522;-2.26124982655923;-14.1054039375552;10.2519790874619
5406;1043;5391;149;136;-17.1849723509033;-15.7986779897834;-14.5459150212881;-12.7306250546498;-3.04406567062748;-15.5755344384692;-2.261891745062;-14.1025751441896;10.2541056608379
5428;1045;5418;150;136;-17.1949640452901;-16.096351756622;-14.5559067156748;-12.7523127887998;-3.04537267932054;-15.585526132856;-2.2607693265654;-14.1143925873595;10.2606671896763
5448;1048;5433;151;136;-17.200493493103;-16.1018812044349;-14.5614361634878;-12.7696766942597;-3.04708671286654;-15.5910555806689;-2.26010756040251;-14.1258896620735;10.2675801107568
5469;1056;5456;151;136;-17.2089423990466;-15.8226480379267;-14.5698850694313;-12.7662911425563;-3.04931816051656;-15.5995044866125;-2.26349919582485;-14.1185149731504;10.2456906821846
5489;1057;5472;151;136;-17.2147989186048;-15.8285045574849;-14.5067487175026;-12.7604516223513;-3.0496700563207;-15.6053610061707;-2.26461193814183;-14.120546619615;10.2619708052062
5509;1059;5490;151;136;-17.2213670690072;-15.8350727078873;-14.5133168679049;-12.7670197727536;-3.0483918789899;-15.6119291565731;-2.26684055534126;-14.1247195128436;10.2843046544295
5529;1065;5519;151;136;-17.231903926879;-15.8456095657591;-14.5238537257768;-12.7545671124008;-3.04667427107134;-15.6224660144449;-2.2684250444667;-14.1251419680193;10.3123839896427
5549;1065;5532;151;136;-17.2366093855693;-15.8503150244494;-14.5285591844671;-12.7592725710911;-3.05069456358204;-15.6271714731352;-2.27023285587024;-14.1289130295412;10.3244566034775
5569;1070;5554;151;137;-17.2445473357335;-15.8582529746136;-14.5364971346313;-12.7672105212553;-3.04982530000591;-15.6351094232994;-2.27396728401352;-14.1357145221374;10.3042296307401
5590;1073;5577;151;137;-17.2528125527791;-15.8665181916592;-14.5447623516769;-12.7754757383009;-3.05104009369111;-15.643374640345;-2.27525398036448;-14.1386736318521;10.332048169204
5610;1078;5604;151;137;-17.2624718149138;-15.8761774537939;-14.5544216138116;-12.7626621445835;-3.05498944191284;-15.6530339024797;-2.28131232006324;-14.1389397609724;10.3359889547964
5630;1081;5622;151;137;-17.268885502933;-15.8825911418131;-14.5608353018307;-12.7690758326027;-3.05638632768301;-15.6594475904989;-2.28240478611087;-14.1386419895978;10.3629893561309
5654;1083;5648;151;137;-17.2781135583462;-15.8918191972263;-14.5700633572439;-12.7783038880159;-3.05656472323315;-15.6686756459121;-2.28402677637346;-14.142265713451;10.3829491453617
5676;1088;5667;153;139;-17.2848303123392;-15.8985359512193;-14.576780111237;-12.8304830160857;-3.05695649332582;-15.6753923999051;-2.27998171776409;-14.1866665066548;10.3516167690753
5696;1093;5686;153;141;-17.2915245844219;-15.905230223302;-14.5834743833197;-12.8371772881684;-3.05734579774904;-15.6820866719878;-2.27639478514956;-14.2022162195594;10.2965134505848
5716;1095;5704;153;142;-17.2978459241883;-15.9115515630684;-14.658788594573;-12.867029125345;-3.05934669650624;-15.6884080117542;-2.27982382902902;-14.2167487603274;10.3025864739774
5737;1098;5726;153;142;-17.3055449713161;-15.9192506101962;-14.5974947702139;-12.8511976750626;-3.06112364864167;-15.696107058882;-2.28050258904876;-14.2180670145221;10.3282711204786
5757;1100;5746;154;142;-17.3125184790785;-16.2139061904104;-14.6044682779763;-12.8466103604239;-3.06020565769699;-15.7030805666444;-2.2804834199482;-14.2304813092944;10.3346374388173
5777;1103;5767;154;142;-17.3198145872308;-15.9335202261109;-14.6117643861286;-12.8424777727526;-3.05964128519446;-15.7103766747967;-2.28509370780393;-14.2258583662728;10.3125746260027
5798;1109;5787;154;142;-17.3267386031477;-15.9404442420278;-14.6186884020455;-12.8494017886695;-3.05711119518414;-15.7173006907136;-2.28422899148918;-14.216306483192;10.2856289265183
5818;1110;5803;154;142;-17.3322606083812;-15.9459662472613;-14.624210407279;-12.854923793903;-3.05484033872632;-15.7228226959471;-2.28660407153703;-14.2183935724769;10.2941974300219
5838;1112;5814;154;142;-17.3360481622376;-15.9497538011178;-14.6279979611354;-12.8587113477594;-3.05474281980169;-15.7266102498035;-2.28568900124889;-14.2152455415925;10.2815773315078
5858;1115;5834;154;142;-17.3429163008553;-15.9566219397354;-14.6348660997531;-12.8542799311232;-3.05547210231596;-15.7334783884212;-2.28612501516678;-14.2150796484457;10.2792322898708
5878;1118;5853;154;142;-17.3494192585824;-15.9631248974626;-14.6413690574802;-12.8551962385512;-3.05589225986258;-15.7399813461483;-2.29471567444436;-14.2145972454048;10.2761899125027
5899;1120;5875;154;142;-17.3569226780247;-15.9706283169048;-14.6488724769225;-12.8571130076945;-3.05379575959157;-15.7474847655906;-2.29652609337564;-14.2173868210979;10.2958961849245
5919;1126;5894;154;143;-17.3633803265953;-15.9770859654754;-14.6553301254931;-12.863570656265;-3.0576677570771;-15.7539424141612;-2.29980611033217;-14.2301515141409;10.3046831765021
5941;1130;5919;154;143;-17.3718455893815;-15.9855512282616;-14.6637953882792;-12.8720359190512;-3.05624907194605;-15.7624076769473;-2.29943861739021;-14.228845849963;10.3246276274394
5961;1131;5941;154;143;-17.3792654967115;-15.9929711355916;-14.6712152956093;-12.8794558263812;-3.05131701543494;-15.7698275842774;-2.30447950815704;-14.2339774585987;10.3415742403177
5981;1135;5958;154;145;-17.3849802665465;-15.9986859054266;-14.6769300654442;-12.8851705962162;-3.05103371726579;-15.7755423541124;-2.30023767414179;-14.2536509268339;10.3183694853286
6000;1139;5981;154;146;-17.3926861140891;-16.0063917529692;-14.6846359129869;-12.8928764437588;-3.05246182019868;-15.783248201655;-2.30205775778983;-14.2692805368848;10.3339577865688
6021;1141;6007;154;146;-17.4013614697003;-16.0150671085804;-14.6933112685981;-12.9015517993701;-3.05395170397574;-15.7919235572662;-2.30300251131564;-14.2694786286545;10.3445258482952
6041;1144;6034;154;146;-17.410330839438;-16.0240364783181;-14.7022806383358;-12.8994713329212;-3.05387019024223;-15.61857137021;-2.30470813026593;-14.2733611244808;10.3764948743738
6061;1146;6056;154;146;-17.4176095902346;-16.0313152291147;-14.7095593891324;-12.8958210131855;-3.05397877983064;-15.6258501210065;-2.30482579359893;-14.2707990668645;10.360540767324
6084;1149;6083;154;146;-17.4265065486414;-16.0402121875215;-14.7184563475392;-12.9047179715924;-3.05698329938223;-15.6347470794134;-2.30761106737793;-14.2713423232634;10.3556220397586
6104;1152;6108;154;146;-17.434709332677;-16.0484149715572;-14.7266591315748;-12.9021098395238;-3.05503107674263;-15.642949863449;-2.30922352081268;-14.2736581403477;10.3756247717362
6124;1154;6127;154;146;-17.4409210254513;-16.0546266643314;-14.7328708243491;-12.9083215322981;-3.05477561306918;-15.6491615562233;-2.30970918607604;-14.2744585133682;10.3918340157089
6144;1155;6151;154;146;-17.4487398984167;-16.0624455372968;-14.7406896973145;-12.9161404052635;-3.05281142488778;-15.6569804291887;-2.3117324673325;-14.279619794473;10.4107368490531
6165;1156;6176;154;146;-17.4568521834092;-16.0705578222893;-14.748801982307;-12.924252690256;-3.05208936838122;-15.6650927141812;-2.31329600765235;-14.2819181238949;10.4229493990192
6185;1156;6196;154;146;-17.4633184030735;-16.0770240419536;-14.7552682019713;-12.8989702116057;-3.05458100483184;-15.6715589338455;-2.31301995899301;-14.2847532385788;10.4447872409985
6207;1160;6215;154;146;-17.4694420078896;-16.0831476467697;-14.7613918067874;-12.9050938164218;-3.05555549443193;-15.6776825386616;-2.31376637126269;-14.2813803175371;10.4306177015098
6228;1161;6233;154;146;-17.4752260736177;-16.0889317124978;-14.7026373513779;-12.9108778821499;-3.05860687256079;-15.6834666043896;-2.31415383012618;-14.2800886124975;10.4211656840106
6248;1161;6255;154;146;-17.482272845802;-16.0959784846821;-14.7096841235622;-12.9179246543342;-3.05719456187397;-15.690513376574;-2.31585031567136;-14.284853492363;10.4413650025133
6268;1162;6273;154;146;-17.4880199761935;-16.1017256150736;-14.7154312539537;-12.9236717847257;-3.05811923056173;-15.6962605069654;-2.31798440079831;-14.2851695522029;10.4254805181716
6288;1164;6291;154;146;-17.4937506391401;-16.1074562780202;-14.7211619169003;-12.9294024476722;-3.05694127374122;-15.701991169912;-2.3164863941895;-14.2836373828381;10.4444624720967
6310;1164;6314;154;146;-17.5010493382359;-16.114754977116;-14.7284606159961;-12.936701146768;-3.05438137167167;-15.7092898690078;-2.31988497741401;-14.2898513419211;10.4598128794196
6330;1165;6340;154;146;-17.5092680948625;-16.1229737337427;-14.7366793726228;-12.9449199033947;-3.05486804018989;-15.7175086256345;-2.31934119092161;-14.2851570545048;10.4417324589928
6350;1168;6360;154;146;-17.5155673126683;-16.1292729515484;-14.7429785904286;-12.9305998339978;-3.05613343234521;-15.7238078434403;-2.32007276214524;-14.2869171225665;10.4578868875046
6371;1169;6378;154;146;-17.52121969514;-16.1349253340201;-14.7486309729002;-12.9362522164694;-3.05498053750202;-15.729460225912;-2.32081150102218;-14.2865502776633;10.4455477156864
6393;1172;6395;154;146;-17.5265434280259;-16.140249066906;-14.7539547057861;-12.9314235778913;-3.05558340300791;-15.7347839587978;-2.31777952890868;-14.280563267853;10.4361906985819
6413;1175;6412;154;146;-17.5318530274589;-16.145558666339;-14.7592643052191;-12.9266828414708;-3.05677482349791;-15.7400935582308;-2.31720172760055;-14.2773038034466;10.4377749386628
6433;1176;6431;154;146;-17.5377706522697;-16.1514762911498;-14.7651819300299;-12.9326004662816;-3.05740436941009;-15.7460111830417;-2.31940585793123;-14.2814071558706;10.4538638245703
6453;1177;6455;154;146;-17.5452206065615;-16.1589262454416;-14.7726318843217;-12.9008297074201;-3.0575567045415;-15.7534611373334;-2.32379592003624;-14.2856753816985;10.4760553282598
6473;1180;6468;154;147;-17.549244441394;-16.1629500802741;-14.7160310973378;-12.9242716281097;-3.05808287208653;-15.7574849721659;-2.32164824517975;-14.2947938466609;10.4740080801795
6493;1183;6486;154;147;-17.5548025737345;-16.1685082126146;-14.7215892296783;-12.9298297604503;-3.0543302444543;-15.7630431045065;-2.32337453408894;-14.2904253275917;10.4448835845258
6500;1183;6493;154;147;-17.556959905017;-16.1706655438971;-14.7237465609608;-12.9319870917327;-3.0544580752791;-15.7652004357889;-2.32448951472193;-14.2923375240617;10.4491098510109
6523;1189;6518;154;148;-17.564645718795;-16.1783513576751;-14.7314323747388;-12.9396729055107;-3.05605498251539;-15.772886249567;-2.32381337446724;-14.2939838950992;10.3955700053143
6543;1189;6542;154;148;-17.5719964161967;-16.1857020550768;-14.7387830721404;-12.9470236029124;-3.05475561774196;-15.6260862671413;-2.32656320393432;-14.2987413364375;10.4121146502137
6563;1191;6559;154;148;-17.5771868625875;-16.1908925014676;-14.7439735185313;-12.9327959634461;-3.05592587965559;-15.6312767135322;-2.32554375727232;-14.2995973801711;10.4323936148027
6583;1196;6586;154;148;-17.5854029258726;-16.1991085647527;-14.6950311679765;-12.9314425757151;-3.0578410027467;-15.6394927768173;-2.32455699115583;-14.2950530676052;10.423913137822
6603;1198;6602;154;148;-17.5902558248263;-16.2039614637064;-14.6998840669301;-12.9362954746688;-3.05898079643665;-15.644345675771;-2.3236397655185;-14.2943563256042;10.4334952777167
7500;1267;7489;154;150;-17.8423811124987;-16.0506216432707;-14.7978586747753;-13.0060992055473;-3.05112897179649;-15.8964709634434;-2.38294387620204;-14.3767251729571;10.7754012974851
8000;1313;7992;154;150;-17.9723926406568;-16.1806331714287;-14.7943388103088;-12.9887860189484;-3.06119005383548;-15.8929510989769;-2.41642450438018;-14.3756110161982;10.8513690078976
8500;1362;8476;154;150;-18.0899878387764;-16.1440776897211;-14.7577833286012;-13.0148140235426;-3.05279993097806;-16.0105462970965;-2.46143637630281;-14.3929043375817;10.968957744124
9000;1401;9007;154;150;-18.2115146635675;-16.1320731218877;-14.8103172819053;-13.013032894584;-3.04813305564609;-16.0142900862313;-2.50267891183801;-14.4172007516507;11.1089859557975
9500;1431;9509;154;150;-18.3199879950789;-16.2405464533991;-14.8542520922792;-13.0317209643844;-3.05062957323544;-16.1227634177427;-2.5394584588083;-14.452444888368;11.3262644283065
10000;1474;10035;154;150;-18.4276685224609;-16.2304439451247;-14.8441495840048;-13.0570304943332;-3.05742547694138;-16.1250834294668;-2.56503560640778;-14.4558743239664;11.4156889084934
10500;1503;10542;154;150;-18.5262451148303;-16.2236600218363;-14.8626834687007;-13.0539744411588;-3.04738438253566;-16.1283498420319;-2.589007771737;-14.4702871203986;11.5201362008447
11500;1570;11583;154;150;-18.7145875698647;-16.2296809200767;-14.9079250800944;-13.0726804989266;-3.04349802995941;-16.2296809200767;-2.63603421176086;-14.4932856556809;11.729089951119
12000;1614;12129;154;150;-18.8067091166178;-16.3218024668298;-14.8554653980363;-13.0637059288083;-3.03936882212208;-16.3218024668298;-2.66544406134249;-14.4885212085755;11.6853218760142
13000;1667;13111;154;150;-18.9624137029988;-16.2543635018966;-14.9193624351643;-13.068010868734;-3.03504874673583;-16.3974643455373;-2.71217348311156;-14.5224476080008;11.8551507528387
13500;1704;13624;154;150;-19.039176444685;-16.3311262435828;-14.8960417182935;-13.0628255353871;-3.03654462082755;-16.4001191150698;-2.73090598790788;-14.5230184023875;11.8955462575933
14000;1741;14151;154;150;-19.1150811439047;-16.342492421665;-14.8809746393075;-13.0855992536588;-3.03174092631672;-16.4070309428025;-2.75051236487034;-14.5198062159991;11.8494805791739
14500;1770;14628;154;150;-19.1813855585385;-16.2910138006424;-14.9047194395225;-13.0946108316262;-3.02961956929897;-16.4087968362988;-2.78113372477284;-14.534362059543;11.9656663832258
15000;1793;15160;154;150;-19.2528313183927;-16.3624595604966;-14.909025896539;-13.0937359299008;-3.02641046081901;-16.4802425961529;-2.79893772953005;-14.5463146871412;12.0379488666479
15500;1823;15661;154;150;-19.3178576489329;-16.3221253753789;-14.9234084942604;-13.1032495505107;-3.02589104718348;-16.5452689266931;-2.82300251549995;-14.5493599162906;12.0498536180979
16000;1857;16160;154;150;-19.3805886641502;-16.3848563905962;-14.8807789938199;-13.107711657604;-3.02186245473806;-16.6079999419104;-2.84505388070599;-14.5537723530422;12.1151666010648
16500;1892;16640;154;150;-19.4391294287504;-16.394606991027;-14.8852525371499;-13.1005353505472;-3.02067588409188;-16.6665407065106;-2.86522625056833;-14.5591203389162;12.2150977442728
18000;1968;18135;154;150;-19.611198103434;-16.4331442730861;-14.9290668763098;-13.1144231132481;-3.01858602125557;-16.5201556500757;-2.9210002030234;-14.5867637518912;12.49755548317
18500;1996;18662;154;150;-19.6684892995879;-16.4496134747197;-14.9322908511934;-13.1260173390811;-3.02306772661171;-16.5774468462296;-2.95052290233713;-14.606614862308;12.646199708891
19000;2017;19152;154;150;-19.7203248555955;-16.462228317574;-14.941201362484;-13.1341532007408;-3.02577765117667;-16.5422710252476;-2.96770500987932;-14.6222789977418;12.7872289037646
19500;2040;19662;154;150;-19.7728862358537;-16.4770493698494;-14.9853944930717;-13.1174458854861;-3.02883054998422;-16.5540104109855;-2.98390317493726;-14.6350040688662;12.9382674115576
20000;2073;20174;154;150;-19.8242998512296;-16.4570040212431;-14.956765400774;-13.122339485227;-3.03084051283155;-16.6054240263614;-2.99165444751962;-14.6261892523915;12.8893801612837
21500;2147;21649;154;150;-19.9654290859749;-16.4996931831751;-14.9349911645824;-13.1174238113985;-3.0242333507429;-16.6332245757997;-3.03134651439629;-14.6349678116195;13.0510609962188
24500;2267;24663;154;150;-20.2261188476405;-16.4884492293571;-14.9686234756127;-13.1195127099132;-3.0263414237741;-16.6152009349963;-3.11901928492494;-14.6347144179188;13.0908314323722
25000;2288;25164;154;150;-20.2663393613798;-16.4821497274616;-14.9680219948318;-13.1258863182787;-3.02754839002105;-16.5774599072659;-3.12650947833285;-14.6345461525916;13.1133840972545
25500;2302;25668;154;150;-20.3060007177408;-16.4993382279705;-14.963666465776;-13.1289819518309;-3.02098434079907;-16.5924286510365;-3.13831878509254;-14.6415721466681;13.1465029810438
26500;2340;26644;154;150;-20.3806385270661;-16.468615521638;-14.9689924752111;-13.1307129903482;-3.02127249513228;-16.6429689087828;-3.16153888317923;-14.645171729872;13.1699023724178
27000;2363;27143;154;150;-20.4177489304627;-16.4665052118813;-14.962427815105;-13.1315581540235;-3.01817549866866;-16.6800793121793;-3.17634164656125;-14.6549138409089;13.2577072186609
28000;2406;28131;154;150;-20.4892549001755;-16.481921714943;-14.959825812664;-13.1240747741545;-3.01395647450112;-16.7280547844819;-3.19918730402792;-14.6615123245056;13.3432879668526
29000;2439;29096;154;150;-20.5567119733336;-16.4962689627872;-14.9694703286874;-13.137331390415;-3.01577838613275;-16.7500494835633;-3.2134040999023;-14.6655967856979;13.3715229158175
29500;2455;29617;154;150;-20.5922075995508;-16.4978630373287;-14.9754365018842;-13.1334450732704;-3.01509049686848;-16.7855451097804;-3.22275880200054;-14.6688588590899;13.4249822675639
30000;2479;30131;154;150;-20.6266196421714;-16.4834849157799;-14.9741304619028;-13.1344165995527;-3.01379556014625;-16.7979782456823;-3.23722457483974;-14.6625159742956;13.3448627365058
30500;2505;30692;154;150;-20.6635146265951;-16.4891273566995;-14.9664267704984;-13.1244875707711;-3.01661013775569;-16.7716943284845;-3.24959241259909;-14.6574298699499;13.3266559493487
31000;2529;31172;154;150;-20.6945510699269;-16.4750433647508;-14.9709659679745;-13.1274642598087;-3.0189651623382;-16.8027307718163;-3.26603882593699;-14.6586392973401;13.3734819929896
32000;2571;32149;154;150;-20.7562732499659;-16.5077780079165;-14.9739889009049;-13.1326313034543;-3.01692588513982;-16.8244476172416;-3.28673752775707;-14.6632714612165;13.4059333018226
32500;2590;32640;154;150;-20.7865876181561;-16.50992149914;-14.9694764581929;-13.128360537834;-3.01761685751942;-16.7792544329236;-3.29944995061138;-14.6677128066515;13.4543941912159
33000;2607;33115;154;150;-20.8154832618382;-16.5388171428221;-14.9748416044648;-13.1293209583453;-3.01708885537121;-16.8081500766057;-3.31002866662971;-14.6719588757606;13.5157184741356
33500;2629;33567;154;150;-20.8425974409517;-16.5184867140403;-14.9789662653536;-13.1332900132833;-3.0182526430832;-16.8352642557192;-3.32113197281286;-14.6777855199265;13.5698728876431
34000;2646;34061;154;150;-20.8718166274774;-16.5280112056237;-14.9857125960273;-13.1372577831227;-3.01754800429868;-16.8644834422449;-3.33177196463345;-14.6760684655243;13.5172327801353
34500;2666;34546;154;150;-20.9000940965065;-16.5180674618326;-14.973168070536;-13.1400556887615;-3.0164384035857;-16.8747424057713;-3.34248187534338;-14.67374756721;13.5251988121121
35500;2706;35513;154;150;-20.9553082112256;-16.4779713967474;-14.9738939999711;-13.1342676952971;-3.01628468861833;-16.912256943391;-3.36385463393622;-14.6692155983901;13.4968814866828
36000;2729;36009;154;150;-20.9830483723869;-16.5057115579087;-14.9717811979827;-13.1259545074844;-3.01613299873371;-16.9226053618405;-3.37167833426605;-14.6681282445585;13.515354117671
36500;2747;36514;154;150;-21.0109020553469;-16.5110923850166;-14.9706473440695;-13.1248206535712;-3.01562075977266;-16.9333646114412;-3.37840805237954;-14.6670049233944;13.496547944123
37000;2769;37011;154;150;-21.0379408894791;-16.5053413963259;-14.9764839705511;-13.1273502772227;-3.01256454887232;-16.9604034455734;-3.40301304225187;-14.6730828350756;13.5601393189036
37500;2790;37508;154;150;-21.064619045079;-16.5002708536112;-14.9755741696322;-13.1308221702636;-3.01247916749313;-16.9870816011733;-3.41231648420294;-14.6746673155947;13.5980989248542
38000;2800;38018;154;150;-21.0916300215322;-16.5272818300644;-14.9691372120178;-13.1330531177183;-3.01051239605869;-17.0140925776265;-3.42065698957057;-14.6780547942417;13.6110904666651
38500;2817;38564;154;150;-21.1201489555685;-16.5149787695805;-14.9716806596509;-13.1272044082504;-3.0132089612999;-17.0258043933464;-3.42625232369439;-14.6769185913954;13.6154245982079
39000;2833;39089;154;150;-21.147192752939;-16.5222199396547;-14.9734066490371;-13.1315351383817;-3.01290817523696;-17.0528481907169;-3.43132820849836;-14.6779486489675;13.6431687655362
40500;2884;40626;154;150;-21.2243270694274;-16.523846703635;-14.9704982578519;-13.1226493219728;-3.01152517738957;-17.0048193642513;-3.46248249886431;-14.6785071729144;13.647869464942
41000;2896;41122;154;150;-21.2485970741571;-16.530098202862;-14.9757200676109;-13.1206020183851;-3.01130608932369;-17.0144905695598;-3.46577927877351;-14.6768923888574;13.6460083649099
41500;2917;41639;154;150;-21.2735850141414;-16.5114110793436;-14.9636667359149;-13.1244174933674;-3.0130326006236;-17.0109051371001;-3.48091973058873;-14.6705037688054;13.5844246272674
42500;2950;42630;154;150;-21.3206270195185;-16.5084426641461;-14.9610531508461;-13.1219875642211;-3.01417497536471;-17.0301675783701;-3.49329704543007;-14.6679684126855;13.5613117358047
43000;2961;43125;154;150;-21.3437163086673;-16.5074344017158;-14.958523331544;-13.1222373614001;-3.01222614353193;-17.0396512154632;-3.49878239616701;-14.6692496305976;13.5906612153016
43500;2972;43628;154;150;-21.3669088500973;-16.5148785861777;-14.9699791948811;-13.1294295614836;-3.01056648731181;-17.0628437568931;-3.50741361795245;-14.6761577705721;13.6295483406176
44500;3001;44540;154;150;-21.4082858816227;-16.5254839590363;-14.9625660622371;-13.1326548270447;-3.00878076710273;-17.0775525413364;-3.52473503872751;-14.6748720433824;13.6213213077074
45000;3016;45005;154;150;-21.4290577473824;-16.5237829689439;-14.961359021278;-13.1300205657693;-3.00984508052804;-17.0723489206928;-3.53237645560605;-14.6775272944181;13.6653769951258
45500;3035;45506;154;150;-21.4511989287541;-16.5095565061448;-14.9589590937337;-13.1234730252236;-3.00873070509964;-17.0944901020646;-3.53721653748076;-14.6755585113985;13.6625605655221
48000;3090;47974;154;150;-21.556828952938;-16.5069729456884;-14.9637844187955;-13.1196535223176;-3.00807476389567;-17.1623797982655;-3.5624364872667;-14.6808602920214;13.7632801810962
49000;3123;48993;154;150;-21.5988654194897;-16.5174610545052;-14.9708240433102;-13.1253107342072;-3.00855208423539;-17.2044162648173;-3.57756330886944;-14.6847180116829;13.8126634311323
50500;3165;50534;154;150;-21.6608033120948;-16.5309045971718;-14.9687195695882;-13.1297072155096;-3.00776379966932;-17.2419627042982;-3.59981255275174;-14.6882953520384;13.8852669830351
51000;3176;51047;154;150;-21.6810041119005;-16.516218137977;-14.9716997716422;-13.1276718738684;-3.00933628657273;-17.2621635041039;-3.60786533053153;-14.6886115736934;13.8900276754495
52500;3213;52580;154;150;-21.7401821965677;-16.5279712413425;-14.9774526896359;-13.1269520810332;-3.00688117578214;-17.3093653977244;-3.63403484332024;-14.6895869657735;13.8693488751761
53000;3229;53071;154;150;-21.7587718373638;-16.5170248223042;-14.9743147747262;-13.1311114494877;-3.00511295404452;-17.3279550385205;-3.64174032517956;-14.6887819479175;13.8713771307738
53500;3242;53613;154;150;-21.7790937099298;-16.5060941513661;-14.9755884523215;-13.1319254420918;-3.00532451783282;-17.3482769110865;-3.64594783593072;-14.6876100774637;13.8718659748963
56000;3318;56168;154;150;-21.8722049573942;-16.5227221252974;-14.9704677507376;-13.1221556487937;-3.00824286517047;-17.4178576611407;-3.68256152617355;-14.6780110578322;13.767799145329
56500;3330;56674;154;150;-21.890141661512;-16.5148632538279;-14.9665130333736;-13.1193147556497;-3.01011709015713;-17.4357943652585;-3.68636222975056;-14.678445066767;13.7899334046797
57500;3366;57689;154;150;-21.925643586148;-16.5095431839436;-14.9690981429964;-13.1195191028796;-3.00936646901397;-17.4597354674934;-3.70573452053417;-14.6754637954138;13.7564477759671
58500;3400;58691;154;150;-21.96008334417;-16.5047622288123;-14.9629454448923;-13.1138745896753;-3.01063839128541;-17.4827465296918;-3.72011668568622;-14.6767994638676;13.8134290729142
60000;3435;60217;154;150;-22.0114199669167;-16.5060884309844;-14.9621651256609;-13.1163384351626;-3.00964933707114;-17.5227835971846;-3.73188210389642;-14.6741832547907;13.8146230364072
60500;3445;60730;154;150;-22.0283861777832;-16.4989570902718;-14.9610663291298;-13.1157782141123;-3.00872278957545;-17.528576507453;-3.73450603201659;-14.6757166896953;13.8286505160584
61000;3457;61249;154;150;-22.0454056034862;-16.5080713364676;-14.9611823431781;-13.1152423117427;-3.00921880151292;-17.5455959331559;-3.73740740483422;-14.6760690352233;13.8454859720773
61500;3467;61732;154;150;-22.0611154280414;-16.5081558431198;-14.9540996221224;-13.1171523811889;-3.00907495898712;-17.5502559215246;-3.73996674048565;-14.6726984387834;13.7852121265419
62500;3493;62706;154;150;-22.0924248316451;-16.5089285228634;-14.9583311104523;-13.1174904375958;-3.00848763190454;-17.5598253384919;-3.74673893146241;-14.6713707935589;13.7692084532714
63000;3499;63203;154;150;-22.1082140947256;-16.5024120284296;-14.9535987378119;-13.1160297325526;-3.0078129574444;-17.5756146015723;-3.75207703459078;-14.6717988451375;13.7752247963002
63500;3514;63715;154;150;-22.1243505852928;-16.4895609821235;-14.9492441594058;-13.1102691762011;-3.00780515654208;-17.5810558030228;-3.75759384564449;-14.6661895144988;13.737772227004
64500;3545;64725;154;150;-22.1558056092395;-16.4928451291035;-14.947945737807;-13.1106937792532;-3.01046043256918;-17.5708381305689;-3.76814684872396;-14.6679831805006;13.7973843695784
65500;3570;65712;154;150;-22.1860736723927;-16.4957142180686;-14.9518964926428;-13.1129287764255;-3.01050908578646;-17.5909538222581;-3.77714750356372;-14.6724476477907;13.8400212306896
66500;3597;66750;154;150;-22.217419152525;-16.4938340505726;-14.9450207599549;-13.1102195394683;-3.01155119841679;-18.0277644104986;-3.786778681724;-14.6709540137906;13.8393545893387
67500;3612;67726;154;150;-22.2464508648809;-16.5034476770714;-14.9493598597205;-13.1131002401449;-3.00965214001886;-18.0567961228545;-3.79406666863754;-14.6762382813682;13.9081601185476
68000;3619;68213;154;150;-22.2607808830049;-16.505038669418;-14.9502307244705;-13.1164734873391;-3.00932444678483;-18.0711261409785;-3.79793545594216;-14.6783743109677;13.9348944253713
68500;3627;68703;154;150;-22.2750962907586;-16.5067752949648;-14.9486306769183;-13.1139461629732;-3.00751575563804;-18.0854415487321;-3.80426973051991;-14.6799325219241;13.9447092628542
69000;3641;69183;154;150;-22.2890208933707;-16.5082773775784;-14.9501327595318;-13.1105840917253;-3.00721609432756;-18.0993661513443;-3.80800065059854;-14.6788607038004;13.9473180033329
69500;3654;69654;154;150;-22.3025908151322;-16.5034981606717;-14.9437607281824;-13.1120450704842;-3.00692457973708;-18.1129360731058;-3.81333606607181;-14.6779049817682;13.949405480722
70500;3681;70674;154;150;-22.3316660663737;-16.4997835890902;-14.9439568272926;-13.1182304944593;-3.00752004621339;-18.1420113243473;-3.82084907708903;-14.6770651004699;13.9776023117194
71000;3695;71235;154;150;-22.3474790993027;-16.5039346822713;-14.9462478348896;-13.1159155708263;-3.00727611841739;-18.1578243572762;-3.82807206256439;-14.6799268683367;14.0214110667063
71500;3704;71751;154;150;-22.3619141416139;-16.5011279181481;-14.9515670437929;-13.1160620454031;-3.0088769453719;-18.1722593995875;-3.82984841261666;-14.6810697801062;14.0285025370624
72000;3717;72279;154;150;-22.3765778190494;-16.5016470881973;-14.9461693179954;-13.116305078325;-3.0091128323265;-18.1869230770229;-3.83784817256412;-14.6817244887867;14.052513744618
72500;3725;72777;154;150;-22.3903105004023;-16.5042064689522;-14.9402309305948;-13.11962789942;-3.0104877943477;-18.2006557583759;-3.83795928802129;-14.6813932363521;14.0789359505275
73000;3740;73297;154;150;-22.4045499186856;-16.5184458872354;-14.9403270277258;-13.1133671588653;-3.01016741204055;-18.2148951766591;-3.84440894743466;-14.6837822848281;14.1267871036478
73500;3755;73814;154;150;-22.4186073889889;-16.4997135347158;-14.9393077512061;-13.1124115478801;-3.00923844709044;-18.2289526469625;-3.8510091128933;-14.6801456601585;14.0714873492485
74500;3777;74831;154;150;-22.4459750332187;-16.5058037804982;-14.9471052992417;-13.1127095646577;-3.00961084248648;-18.2563202911922;-3.86034315348169;-14.6812172597342;14.0711350821719
75000;3786;75285;154;150;-22.4580723815143;-16.5074298289266;-14.9481893203594;-13.1125894194116;-3.01100670282673;-18.2684176394879;-3.86456625201722;-14.6821184186249;14.088601225446
76000;3798;76279;154;150;-22.4843059000644;-16.5028916888099;-14.9495432430269;-13.1208153485945;-3.01017764627166;-18.294651158038;-3.8718204567883;-14.6825315426251;14.0988463898616
76500;3811;76758;154;150;-22.4968257890902;-16.4929387219836;-14.9524936810365;-13.1190662157935;-3.01023692529444;-18.3071710470638;-3.87485444367528;-14.6783899031081;14.056649447561
77500;3833;77773;154;150;-22.5230992124622;-16.4936173222162;-14.9459772815855;-13.1178915049962;-3.01132991226772;-18.2464330934461;-3.88120276630308;-14.6752778791737;14.049267363151
78500;3855;78777;154;150;-22.5487527101373;-16.4943133638679;-14.9478502505952;-13.1130312919067;-3.009878774146;-18.2720865911213;-3.89106646517552;-14.67652961776;14.0679540173261
79500;3872;79787;154;150;-22.5742317257978;-16.4965894824488;-14.9476615195071;-13.1125880367136;-3.0091751235756;-18.2975656067817;-3.89826251497106;-14.6743097080593;14.008745455492
81000;3900;81283;154;150;-22.61138434316;-16.4899892289273;-14.9432906340776;-13.1133869018572;-3.01080297897762;-18.1805675443167;-3.9100222975662;-14.6732543180934;13.9943487169358
82000;3915;82322;154;150;-22.6367873312905;-16.4969027790643;-14.9492495111117;-13.113097140114;-3.01197081629202;-18.2059705324472;-3.91567381911375;-14.6745425227176;14.0067721341062
82500;3927;82832;154;150;-22.6491394782834;-16.4964067835793;-14.9508834992065;-13.1149418195662;-3.01009227545077;-18.2183226794401;-3.9206429423413;-14.6742713662331;13.997859474118
83000;3935;83324;154;150;-22.6609838038076;-16.4955659495762;-14.9507786093751;-13.1141711952102;-3.01008455010004;-18.2301670049643;-3.92242868198395;-14.6753067636002;14.0162743546816
83500;3944;83799;154;150;-22.6723527064495;-16.4985666025476;-14.9527791115504;-13.11587269245;-3.00895233420874;-18.2415359076062;-3.9278098214121;-14.6769736906823;14.0325952821815
84500;3961;84778;154;150;-22.6955827083178;-16.5093740844173;-14.950579904802;-13.1167184885569;-3.00878332973001;-18.2647659094745;-3.93314058282173;-14.6805849530715;14.0880807737192
85000;3972;85289;154;150;-22.7076015370809;-16.5091228205886;-14.9533344438279;-13.1171138649809;-3.00996932236035;-18.2767847382376;-3.93783715135049;-14.6830209233972;14.1198285003993
86000;3994;86336;154;150;-22.7320038791349;-16.5054672098474;-14.9487798627988;-13.1147328068889;-3.00974347225738;-18.3011870802915;-3.94568957474903;-14.6817544973055;14.1187331594704
88000;4035;88352;154;150;-22.7781682294598;-16.5090719457535;-14.9461540489543;-13.1200698371852;-3.00977497365778;-18.2673087229429;-3.96373817343601;-14.6827251819987;14.1381644507486
88500;4040;88846;154;150;-22.7893196257465;-16.5051854646757;-14.9462556090545;-13.1189628310577;-3.01017201374682;-18.2784601192297;-3.9668997264349;-14.6829109626655;14.1464857136968
89500;4056;89817;154;150;-22.8110590919007;-16.5084401161558;-14.9477923678911;-13.115826478185;-3.01079174864536;-18.3001995853838;-3.97271240696379;-14.6826314540924;14.1703996455036
91000;4081;91323;154;150;-22.8443159032306;-16.5145949977079;-14.9559814728396;-13.1173866347885;-3.00895806099672;-18.1999250040892;-3.98307037553165;-14.686094055971;14.1997785284487
91500;4094;91852;154;150;-22.8558677300775;-16.503238333758;-14.9548606780851;-13.1129011664118;-3.01023734571805;-18.2114768309361;-3.98886586807527;-14.6830913136451;14.1841892043769
93500;4134;93888;154;150;-22.8997157230053;-16.5111543174597;-14.9499185068435;-13.1220465766611;-3.00958474427029;-18.1812168517102;-4.00325245483226;-14.6860452477733;14.2319622459077
94000;4143;94392;154;150;-22.9104232055595;-16.5134935503434;-14.9466152523281;-13.1160811251632;-3.00940748988133;-18.1919243342644;-4.00974393566963;-14.6878532974255;14.2627108126512
94500;4151;94880;154;150;-22.9207364284631;-16.5089181607532;-14.9517246473566;-13.1162133920559;-3.00928910265016;-18.202237557168;-4.01556431128564;-14.6874809147752;14.2676912383955
95000;4156;95366;154;150;-22.9309547995658;-16.5142225170535;-14.95401610153;-13.1184866454169;-3.00971102031101;-18.2124559282707;-4.01740352205186;-14.6900573420618;14.2965224756896
95500;4162;95773;154;150;-22.9394721741493;-16.5081410922158;-14.9505899208401;-13.1167609375171;-3.00993077147973;-18.2209733028542;-4.01954997861624;-14.6893231828711;14.2907923357706
96000;4175;96269;154;150;-22.9498032705322;-16.5048777324892;-14.9519720480323;-13.1187253776834;-3.00956007780964;-18.2313043992371;-4.02516969241886;-14.6891642995035;14.2895233007114
96500;4183;96744;154;150;-22.9596471869302;-16.5044486235901;-14.95327961928;-13.1190195825169;-3.00966961305594;-18.2411483156351;-4.0263351823557;-14.6899566007447;14.3078904773257
97000;4195;97245;154;150;-22.9699776925544;-16.5085095162007;-14.9467530078377;-13.1187839347394;-3.01025526046542;-18.2514788212593;-4.03051734576375;-14.6902945119371;14.3172096745026
97500;4208;97768;154;150;-22.9807052082357;-16.5068145118834;-14.9463987447233;-13.118873495359;-3.00921664007086;-18.2622063369406;-4.03513777034227;-14.6902904673474;14.3133656168666
98000;4213;98283;154;150;-22.9912127023995;-16.5020077710742;-14.9488349040066;-13.1170767398166;-3.00939147459661;-18.2727138311044;-4.03725739431508;-14.6914953507163;14.3320201333164
99500;4246;99744;154;150;-23.0207243651341;-16.5060116742616;-14.9501308740433;-13.1106584972379;-3.01024068745765;-18.2332326223521;-4.04874003838894;-14.6930152759701;14.377998311994
1e+05;4252;100229;154;150;-23.0304256938327;-16.5083328956626;-14.9520475902062;-13.1155037636709;-3.01041168790608;-18.2429339510507;-4.05161546022492;-14.6950327164137;14.3937289071072
100500;4257;100712;154;150;-23.0400404748922;-16.5062516369588;-14.9520929202495;-13.1143756660437;-3.00978099042246;-18.2525487321101;-4.05360270762372;-14.695029053307;14.4027660348682
101000;4262;101188;154;150;-23.0494709034592;-16.5041212431248;-14.9549398566233;-13.1162304116183;-3.00895119800627;-18.2619791606771;-4.05908923226639;-14.6968539998107;14.4176284563084
103000;4308;103244;154;150;-23.0897007955092;-16.5035291406545;-14.9511360582476;-13.1189284961675;-3.00886540151211;-18.3022090527272;-4.07953511287166;-14.6961544401879;14.4393015326275
103500;4315;103734;154;150;-23.0991704186657;-16.508869370469;-14.9513032887417;-13.1215500246963;-3.00764511032805;-18.3116786758836;-4.08473669924746;-14.6992059662599;14.461710230138
104500;4327;104775;154;150;-23.1191409455865;-16.5097917024192;-14.9506545284599;-13.1164417429795;-3.0072507150317;-18.3316492028045;-4.08925913714354;-14.7007257531665;14.4985619071112
105000;4331;105239;154;150;-23.1279784660372;-16.5105754880628;-14.9527123619252;-13.1179710701234;-3.00694737668421;-18.3404867232552;-4.09302630617474;-14.7036515158041;14.5218919183943
105500;4343;105731;154;150;-23.1373068234708;-16.5132424774919;-14.9530720493759;-13.1176375166452;-3.00697461756093;-18.3498150806887;-4.09765384027763;-14.704451333936;14.5242739631753
106000;4353;106252;154;150;-23.1471378202778;-16.5190964440983;-14.9537376265442;-13.1193993093037;-3.00675111111679;-18.3596460774958;-4.10103089963339;-14.706434826302;14.5444504103079
107500;4376;107778;154;150;-23.1756576699938;-16.5163637503101;-14.9563315760877;-13.1185052735905;-3.00767447189799;-18.3881659272117;-4.10870992882611;-14.6990111657919;14.4126735368013
108500;4400;108793;154;150;-23.1944045461978;-16.5223716007367;-14.9569252575842;-13.118014857811;-3.0087356275709;-18.4069128034157;-4.11907252157935;-14.7007601955723;14.4412011766401
109500;4418;109810;154;150;-23.2130137571835;-16.5209300146769;-14.9590051666187;-13.1159350555952;-3.0078118893988;-18.4255220144015;-4.12415233826684;-14.6989927043684;14.4426526076013
110000;4430;110313;154;150;-23.2221541173548;-16.5226537771931;-14.9565039517744;-13.1170327646408;-3.00845353876862;-18.4346623745727;-4.12719938130076;-14.6992072281198;14.4588538685501
111000;4450;111364;154;150;-23.2411187889268;-16.5221056345415;-14.9619290439244;-13.1143080053651;-3.00801151335834;-18.3890885250072;-4.13362958673429;-14.6993015709061;14.4627933751817
112000;4472;112405;154;150;-23.2597273988762;-16.5263255070389;-14.9606902172632;-13.1099854528021;-3.00852760448854;-18.4076971349566;-4.14222180030504;-14.7023029571471;14.5059988914397
112500;4485;112908;154;150;-23.2686572135895;-16.5287292201078;-14.9614448609037;-13.1103724166883;-3.00820457351956;-18.4166269496699;-4.14811730492417;-14.7020712302564;14.4980676155097
113500;4506;113908;154;150;-23.2862927680376;-16.517799556389;-14.9578417012183;-13.1070314722249;-3.00847531991341;-18.434262504118;-4.15486836858287;-14.6946189505248;14.3631607945787
114500;4520;114912;154;150;-23.3038437940516;-16.5182561490437;-14.9581509207978;-13.1063815156897;-3.0086353339335;-18.451813530132;-4.16168625447772;-14.6940412451131;14.3568378170472
115000;4527;115413;154;150;-23.3125445567157;-16.5213230939895;-14.9599902150404;-13.1068804855774;-3.0089265904569;-18.4605142927961;-4.16568286494374;-14.6957313378007;14.3740013016339
115500;4537;115923;154;150;-23.3213629131537;-16.5189681498294;-14.9587204815861;-13.1085541130623;-3.00833143362651;-18.4693326492341;-4.16807787074164;-14.6947883129112;14.3639310253198
116000;4549;116430;154;150;-23.3300910260621;-16.5111669607866;-14.9544613989677;-13.1094779101654;-3.00818111449132;-18.4174361403261;-4.17147701443688;-14.6927191906879;14.3496224536462
117000;4565;117416;154;150;-23.3469569265821;-16.5139251937959;-14.9485472711558;-13.1109334485317;-3.00879927409825;-18.434302040846;-4.17837990385673;-14.69249302715;14.352588269473
117500;4573;117953;154;150;-23.356083038037;-16.51982376076;-14.9520585698064;-13.1120956872444;-3.00863752521688;-18.443428152301;-4.18395876709793;-14.694975878668;14.37402062918
118000;4582;118507;154;150;-23.3654546190852;-16.5068895842939;-14.9518457439256;-13.1124375907712;-3.00806645299905;-18.4527997333492;-4.18636374995591;-14.6932789938765;14.3575802341002
119500;4607;120003;154;150;-23.3905440429034;-16.5070814564903;-14.9523940588276;-13.1095794187993;-3.00868917365847;-18.4778891571673;-4.19544318775221;-14.6906112337488;14.3267954586165
120000;4616;120482;154;150;-23.3985112863231;-16.5048549317204;-14.9508825582928;-13.1112931178248;-3.00910743466994;-18.485856400587;-4.19950632661449;-14.6893611901112;14.3265503369088
121000;4633;121464;154;150;-23.414746403124;-16.5150232958392;-14.9513760184053;-13.1132884603345;-3.00923194275488;-18.444933103548;-4.20284345179467;-14.6908754884875;14.3477464562621
122500;4662;122947;154;150;-23.439017294368;-16.5114593880896;-14.947141910936;-13.1158495962969;-3.00989097302066;-18.469203994792;-4.2128211590495;-14.6912442532803;14.3724072564
123500;4687;123947;154;150;-23.4552186677253;-16.4986732245737;-14.9438423818647;-13.1138634309535;-3.01031388322332;-18.4854053681493;-4.21906367842354;-14.6876084808814;14.3430241399187
124500;4698;124917;154;150;-23.4708095914776;-16.5085661272114;-14.9492260517601;-13.1130667666639;-3.01067662630162;-18.5009962919016;-4.22455395442163;-14.6898930608087;14.3636437543089
125000;4706;125406;154;150;-23.4786235058526;-16.5022754354048;-14.9439834008326;-13.1077607754244;-3.01056469065114;-18.4547429850063;-4.22580345693806;-14.6891843814532;14.3622443164597
125500;4716;125879;154;150;-23.4861528141461;-16.5032900626772;-14.9471981309484;-13.1106638650873;-3.01028944347722;-18.4622722932999;-4.23158969927903;-14.6922134191085;14.3848578966718
126500;4735;126926;154;150;-23.5027190369061;-16.5133837709316;-14.9501587016526;-13.1111116981396;-3.01024759447647;-18.3610554804035;-4.24214847015899;-14.6955602102322;14.4106025365074
127500;4748;127886;154;150;-23.5177890421193;-16.5101884281675;-14.9521867296498;-13.1103645521345;-3.00967050687506;-18.3248321912291;-4.24717678602995;-14.6959432748208;14.4221774104148
128000;4751;128370;154;150;-23.5253439961579;-16.5132287018516;-14.9517704713056;-13.1123316673936;-3.00919868261125;-18.3323871452677;-4.24825825369318;-14.6963907770894;14.4309880181739
128500;4756;128895;154;150;-23.5335067968309;-16.5124228325417;-14.9533388062532;-13.1126550436892;-3.00972611249145;-18.3405499459407;-4.24988840266636;-14.695667542497;14.439937560994
129000;4765;129355;154;150;-23.5406316833592;-16.5124302513012;-14.9518622934538;-13.1118980089888;-3.00985446950938;-18.347674832469;-4.25555501753136;-14.6949630978316;14.4424482396363
130000;4780;130429;154;150;-23.5571685927743;-16.5087825614677;-14.9532474146633;-13.1143263791691;-3.01018216084059;-18.3642117418841;-4.26176820029836;-14.6953277439434;14.44414619223
130500;4787;130915;154;150;-23.5646070732479;-16.5127514502921;-14.9522855367401;-13.1105156469374;-3.0105981966055;-18.3716502223577;-4.26426432515313;-14.6954160446019;14.4426579704607
132500;4807;132889;154;150;-23.5945389445531;-16.504462108777;-14.9470194914613;-13.1101215145781;-3.01080138968253;-18.4015820936629;-4.26965566141873;-14.6932162304851;14.4385186325952
133000;4814;133387;154;150;-23.6020199128812;-16.4995205571066;-14.9488982042407;-13.107141241952;-3.01084343906953;-18.409063061991;-4.27223810488708;-14.690984492922;14.4141823549668
134000;4827;134325;154;150;-23.616035031194;-16.5061555681218;-14.9483550657117;-13.1066480681506;-3.01021048280621;-18.4230781803038;-4.27633490153177;-14.6934674265366;14.4446044224576
134500;4835;134796;154;150;-23.6230356068591;-16.5066414627657;-14.9473867333929;-13.1082619002434;-3.01070047028518;-18.4300787559689;-4.27997064607866;-14.6933356781839;14.451416043462
135000;4844;135368;154;150;-23.6315045494969;-16.5046137405981;-14.9510027548959;-13.1065538056993;-3.01111141094913;-18.4385476986067;-4.2840693577902;-14.6943558112001;14.4584240786947
135500;4858;135867;154;150;-23.6388634900905;-16.5047697688977;-14.9502411972415;-13.1059675979615;-3.01199062215314;-18.4459066392003;-4.28903142726784;-14.6948494705125;14.476180349492
136000;4862;136346;154;150;-23.6459021031529;-16.5070351032074;-14.9507301043769;-13.1063405830898;-3.01245599018638;-18.4529452522627;-4.2897835481883;-14.6944232551581;14.4733046964103
136500;4864;136819;154;150;-23.6528283268306;-16.5107917521238;-14.9465035003929;-13.1060405661291;-3.01272452836539;-18.4598714759404;-4.28980329175116;-14.6947552172249;14.4842928758
137000;4870;137311;154;150;-23.6600074101601;-16.512841684839;-14.9502123661486;-13.108683899774;-3.0128000347973;-18.4670505592699;-4.29579497349377;-14.6966027720329;14.5008350226202
138000;4888;138333;154;150;-23.6748382018065;-16.510891517464;-14.9486815226499;-13.1099780700477;-3.01133029286417;-18.4818813509163;-4.30434996486006;-14.6972413675279;14.5111297415639
138500;4894;138830;154;150;-23.6820108840577;-16.5126611637009;-14.9537467225615;-13.1105144878723;-3.01160672866999;-18.4890540331675;-4.30920741492418;-14.6993841074277;14.5283397650132
139500;4901;139818;154;150;-23.6961937117168;-16.5108066961364;-14.9536194740461;-13.1097103347796;-3.01116596046019;-18.5032368608266;-4.31201826238971;-14.6996150520543;14.5303904002614
140500;4916;140814;154;150;-23.7103902991625;-16.5032714429547;-14.9540227393595;-13.1086436619133;-3.01134465024151;-18.5174334482723;-4.31759941845741;-14.6991388188599;14.5280983086161
141000;4922;141298;154;150;-23.7172528285816;-16.5031170092991;-14.9542157767795;-13.1098275632122;-3.01123700123373;-18.4755058135219;-4.31929326194263;-14.6997518352518;14.5353646828946
142500;4942;142819;154;150;-23.7386667465162;-16.5044895667664;-14.9552705143253;-13.1080171535175;-3.01233518171943;-18.3915592157988;-4.32336615838243;-14.6998326470189;14.5492347986355
143000;4946;143310;154;150;-23.7455307901042;-16.5070339492099;-14.9580051645713;-13.1053936700867;-3.01244038070696;-18.3984232593868;-4.32380370762599;-14.6995725487799;14.5517049078502
144000;4967;144285;154;150;-23.7590915785097;-16.4978664865377;-14.951619867862;-13.1043058687715;-3.01298509841989;-18.4119840477922;-4.3304198891552;-14.6969468336396;14.5444154029822
145000;4984;145290;154;150;-23.7729740481308;-16.4998814521312;-14.9480021257908;-13.1072448245749;-3.01308574844678;-18.4258665174133;-4.33378842888831;-14.6934884564966;14.5119679926197
146000;4993;146329;154;150;-23.7872255803889;-16.4996649400792;-14.9501251692262;-13.1080896257811;-3.01358687241462;-18.4401180496715;-4.33985818346442;-14.6953619244044;14.5350060622772
149500;5037;149721;154;150;-23.8330576822609;-16.5079087243053;-14.9562339190803;-13.1072386297999;-3.01485835735871;-18.4258859108008;-4.35826130412797;-14.6998541071036;14.5838550222125
151000;5054;151212;154;150;-23.8528762093154;-16.5042886783878;-14.95451060236;-13.1069597735036;-3.01505368243981;-18.4412301574603;-4.36209901258167;-14.6966004254722;14.5450314118442
152000;5062;152219;154;150;-23.8661511047217;-16.4984425323473;-14.955430451874;-13.1094830286402;-3.01537857249824;-18.4456161054494;-4.36507500068236;-14.6987289471653;14.5693863821956
152500;5067;152707;154;150;-23.8725526633507;-16.5004346350129;-14.9514956451933;-13.109249537677;-3.01554555018187;-18.4476026458693;-4.36541457028163;-14.695606691302;14.5267729752555
153000;5075;153209;154;150;-23.8791165625988;-16.5044875473799;-14.9531304729817;-13.1100213939098;-3.01524861023451;-18.4541665451174;-4.36926560304969;-14.696538797218;14.5331709495063
153500;5080;153756;154;150;-23.8862444185952;-16.5084855103673;-14.9516577651889;-13.1044484339873;-3.01540233239235;-18.4612944011138;-4.37188871789624;-14.6970602226727;14.5458258819009
155000;5099;155241;154;150;-23.9054680542017;-16.5011889361644;-14.9528626783093;-13.1059741539171;-3.015572642299;-18.4761224252473;-4.37805203918071;-14.6960892853606;14.551675094376
155500;5106;155758;154;150;-23.9121175993931;-16.5017705015721;-14.9515214605283;-13.1025310768148;-3.0149775727387;-18.4740382904699;-4.37965646141747;-14.6943610339857;14.5276640505028
156000;5112;156211;154;150;-23.9179258728868;-16.5009462515056;-14.9536143255033;-13.1038438101513;-3.01529450221411;-18.475508162365;-4.38393898236817;-14.6951246599887;14.5326958226838
157000;5120;157194;154;150;-23.9304719806198;-16.5054121561946;-14.9561071708356;-13.104910585099;-3.01443705456889;-18.4837346089535;-4.3873503866425;-14.6977872576259;14.5596278612548
157500;5124;157705;154;150;-23.9369629564379;-16.510116353535;-14.9575463230949;-13.1054438662642;-3.01480076342071;-18.4902255847716;-4.38852759340153;-14.6990840422697;14.5750581939741
158000;5132;158205;154;150;-23.9432938787577;-16.5049103487133;-14.9582243897241;-13.1059213211361;-3.01436067977792;-18.4922554251919;-4.39266461798089;-14.7003487249326;14.5920277764367
158500;5143;158694;154;150;-23.9494661972329;-16.5058026853102;-14.9595231819817;-13.1081906840921;-3.01465205637514;-18.4984277436672;-4.39501452384883;-14.701227460497;14.602916771689
159000;5149;159173;154;150;-23.9554938800382;-16.5077425999903;-14.956368488511;-13.1053417190043;-3.01467023905803;-18.4916620750126;-4.39564304139219;-14.701156055362;14.6091694420852
159500;5154;159698;154;150;-23.9620796212863;-16.5090972918209;-14.9575341622897;-13.1050440885203;-3.01540314149781;-18.4982478162607;-4.39764441636672;-14.6983586247157;14.5542123903911
160000;5157;160228;154;150;-23.968706159734;-16.5070657675254;-14.9571216975188;-13.1082850968617;-3.01570868862665;-18.5048743547084;-4.39932172420822;-14.6996092659882;14.5653514198198
160500;5160;160725;154;150;-23.9749002180198;-16.5063869465234;-14.9552967289139;-13.1098140853666;-3.01497018699224;-18.5068400768846;-4.40064005548409;-14.7008987791582;14.5767946303291
161000;5162;161239;154;150;-23.9812860305537;-16.5082169425215;-14.9566730085063;-13.1114612351735;-3.01539804866664;-18.5090153568823;-4.40242041480571;-14.697899443563;14.5122260038122
161500;5167;161735;154;150;-23.9874289447194;-16.5058732428098;-14.9547808611535;-13.1110152513499;-3.01507994569387;-18.5067900213774;-4.40313053120729;-14.6965320081285;14.5068981734331
162000;5176;162251;154;150;-23.9937995957511;-16.5021542776743;-14.9506951431508;-13.1098173267023;-3.01503039194606;-18.5131606724091;-4.404808519003;-14.6948357661139;14.5023356059162
162500;5179;162734;154;150;-23.9997444898924;-16.5042025460081;-14.9460579279616;-13.1086881035664;-3.01484438255162;-18.5149475564017;-4.4051462306848;-14.6948844413129;14.5036798776723
163500;5187;163736;154;150;-24.0120213073186;-16.5021382461637;-14.9522712939749;-13.1093275260121;-3.01491515455898;-18.5148530820254;-4.41025291294367;-14.6980694703295;14.5273193787077
164500;5199;164750;154;150;-24.0243689047295;-16.5038634189608;-14.949733741155;-13.1101991137108;-3.01602215140644;-18.5190373687971;-4.41288962731865;-14.6974693542068;14.5246484446205
165000;5208;165234;154;150;-24.0302358600616;-16.5045958850201;-14.9505738117276;-13.1088852293484;-3.01564192051684;-18.5249043241293;-4.41420907352069;-14.697456557442;14.5296842149425
166000;5218;166205;154;150;-24.0419544903736;-16.5071918333361;-14.9511862535383;-13.1103039426972;-3.01543467882455;-19.1744200399181;-4.4179537491275;-14.6973659395046;14.5173048508373
167000;5228;167231;154;150;-24.0542627382912;-16.505180166129;-14.9541837668062;-13.1099950956778;-3.01524190745297;-19.1867282878356;-4.42224348752492;-14.6989759492868;14.5382245956568
167500;5231;167680;154;150;-24.0596253602296;-16.5037202666183;-14.95286930451;-13.1063482096028;-3.01576565480232;-19.0967807299697;-4.42494535429291;-14.6979080053977;14.534122747742
168000;5240;168167;154;150;-24.0654256245326;-16.4991146097601;-14.9506604810991;-13.1022399368796;-3.01565027160915;-19.1025809942727;-4.42568416342509;-14.6952997388283;14.5014885533798
168500;5249;168679;154;150;-24.0715055589156;-16.4990025738952;-14.9532804758473;-13.1065193196499;-3.01600786592474;-19.1086609286557;-4.42884210695736;-14.6964052911528;14.5172736053242
169000;5255;169136;154;150;-24.0769168080169;-16.5008195987515;-14.9531154114705;-13.1079515713253;-3.01589513718426;-19.114072177757;-4.43228053395523;-14.6974133690399;14.5261267079259
170500;5276;170574;154;150;-24.0938489982852;-16.5009787104404;-14.9496484288136;-13.1083359606854;-3.01639702772075;-19.1310043680253;-4.43978518889418;-14.6991813237506;14.5558910149827
171500;5294;171599;154;150;-24.1058312770264;-16.5029313128279;-14.9498414998003;-13.104014809302;-3.01680549205055;-19.1429866467665;-4.44579614775632;-14.6996594467903;14.5625724010918
172500;5301;172617;154;150;-24.1176610928163;-16.4969560059781;-14.9532599582628;-13.1060070584287;-3.01738495714774;-19.1548164625564;-4.44680958007423;-14.7003920564977;14.5705502694896
173000;5305;173138;154;150;-24.1236884867146;-16.4980934145822;-14.9550037900073;-13.1074639592619;-3.01825737208862;-19.1608438564547;-4.44958572577279;-14.7014220688799;14.5789654961589
174000;5317;174188;154;150;-24.1357809093804;-16.4961386215224;-14.954303189356;-13.1093462432937;-3.01885847786498;-19.1729362791205;-4.45107683063285;-14.6984017184227;14.5554819204759
174500;5322;174709;154;150;-24.1417540233626;-16.4965955011688;-14.9562700917571;-13.1086482349569;-3.01882117483002;-19.1789093931027;-4.45227164359084;-14.6987209706261;14.5546109341729
175000;5328;175216;154;150;-24.1475495550311;-16.4935803745523;-14.9502944226036;-13.1072240807462;-3.01870179013354;-19.1847049247712;-4.45353256833423;-14.6975966387068;14.5417687354706
175500;5332;175707;154;150;-24.153146228038;-16.4920898456762;-14.950636435177;-13.1079630942997;-3.01789616534874;-19.1903015977781;-4.45440825545469;-14.6979518717649;14.5484053211357
