21;19;23;9;9;-6.2709884318583;-6.2709884318583;-4.88469407073841;-4.47922896263024;-2.39978742095041;-5.17237614319019;-0.668869610978598;-5.00801699243695;2.94102242694216
42;35;44;12;17;-7.56837926783652;-6.87523208727658;-6.18208490671663;-5.26579417484248;-2.70084481738094;-6.87523208727658;-0.578122767342642;-5.9678546243572;2.88018597025206
63;50;62;18;21;-8.25426877009018;-7.56112158953024;-6.86797440897029;-5.95168367709614;-2.77362984674819;-7.56112158953024;-0.632583771365572;-6.80057355045455;3.29328086776851
84;63;81;22;21;-8.78889830934488;-8.09575112878493;-7.40260394822499;-6.14984097972962;-2.86197228337447;-8.09575112878493;-0.649749630460812;-7.04304961041328;3.41850218529034
104;73;96;24;25;-9.12869638293567;-8.43554920237573;-7.74240202181578;-6.48963905332041;-2.92818720889298;-8.43554920237573;-0.772846341928198;-7.45960391710375;3.69250889832111
124;93;126;29;29;-9.67256381390296;-8.97941663334301;-8.06312590146886;-7.0335064842877;-3.10168085156337;-8.97941663334301;-0.754717071375776;-7.8818744643984;3.85714535791535
144;105;149;32;29;-10.0078926118909;-9.31474543133097;-8.21613314266286;-7.1746792678347;-3.16627713541333;-9.31474543133097;-0.785426060116895;-8.06595618210645;4.13933345045277
164;116;169;35;29;-10.2597974298461;-9.16118514117804;-8.46803796061809;-7.26406515629216;-3.23871346555701;-9.5666502492862;-0.814226845420608;-8.18102919465111;4.20226756743275
184;122;185;35;29;-10.4407116501566;-9.05441728903676;-8.36127010847681;-7.2626578198087;-3.26140368065262;-9.7475644695967;-0.849745460085948;-8.22922365778477;4.34159008913489
204;131;206;35;29;-10.6557523375792;-9.26945797645927;-8.45852776024294;-7.25455495591701;-3.25025667437969;-9.96260515701922;-0.902274052369742;-8.2710923052975;4.55630197979147
225;140;224;36;31;-10.8232921037101;-9.43699774259019;-8.52070701071603;-7.42209472204792;-3.24770745215229;-10.1301449231501;-0.911935592795256;-8.40274899894539;4.62224726640358
245;145;245;36;31;-11.0025164210895;-9.61622205996956;-8.60462114829108;-7.44716835960004;-3.14078934326547;-10.3093692405295;-0.9843617935752;-8.46540599650554;4.74904275803178
265;153;263;37;31;-11.1443080643555;-9.75801370323564;-8.65940141456753;-7.56078912589942;-3.09360468288523;-10.4511608837956;-1.05745783051704;-8.55779011413582;4.90985069085606
286;161;282;37;32;-11.2838141418762;-9.67437622944213;-8.71886478441469;-7.59493468776229;-3.10882960893314;-10.5906669613163;-1.06789093054713;-8.59553233284928;4.93218308730408
306;170;311;38;34;-11.4795858243585;-10.0932914632386;-8.99467917457047;-7.79070637024453;-2.96139313260915;-10.7864386437985;-1.16518138503593;-8.79137723553447;5.12771983167176
327;179;336;39;36;-11.6342223199264;-10.2479279588065;-9.14931567013841;-7.94534286581247;-2.97709328821265;-10.9410751393665;-1.1923718006312;-8.97444660552445;5.40415499529513
347;185;361;39;36;-11.7777559166658;-10.1683180042317;-9.1386985870505;-7.90655490575787;-3.04464521902705;-11.0846087361058;-1.19570196844722;-8.97514665380039;5.43571479398906
367;197;384;45;37;-11.9012851051755;-10.5149907440556;-9.41637845538745;-8.16361548689209;-3.09157156466719;-11.2081379246155;-1.20675263380292;-9.23523862078573;5.57399360917005
387;205;405;47;38;-12.0077741342131;-10.6214797730932;-9.52286748442508;-8.27010451592971;-3.10395892249016;-11.3146269536531;-1.20205420705384;-9.34612725652717;5.68483860196081
407;210;424;48;38;-12.0994669104639;-10.713172549344;-9.61456026067592;-8.31527727654565;-3.07353026148601;-11.406319729904;-1.22650811358291;-9.39866118129788;5.78301641434855
427;212;438;48;38;-12.1644378207529;-10.778143459633;-9.67953117096489;-8.293236809845;-3.07063126503266;-11.4712906401929;-1.26052061423758;-9.43353306683786;5.8985969407486
448;215;451;49;38;-12.2229346790054;-10.8366403178855;-9.73802802921736;-8.35173366809747;-3.06641711372668;-11.5297874984454;-1.28420071342294;-9.47203570807598;5.92093223198505
468;227;469;52;42;-12.3012055368926;-11.2025932482244;-9.90331026409419;-8.56353591860919;-3.10516694962724;-11.6080583563326;-1.26441445589839;-9.72273338775244;6.13872482924678
488;231;487;52;42;-12.3765282461652;-11.2779159574971;-9.89162159637718;-8.54788684967608;-3.12217098877222;-11.6833810656052;-1.28829658133165;-9.75594976689162;6.27933016756768
500;236;505;52;42;-12.4491168585507;-11.0628224974308;-9.96421020876272;-8.57791584764283;-3.13676156116781;-11.7559696779908;-1.28496903205886;-9.72292359794072;6.16987210735135
522;242;526;52;42;-12.5306024254754;-11.1443080643555;-9.89154509586016;-8.57935870689399;-3.18346101200709;-11.8374552449155;-1.29158762887305;-9.70732192623862;6.15204998468868
542;249;547;53;42;-12.608897604844;-11.2226032437241;-9.90084740374175;-8.58354591410881;-3.16364322595465;-11.915750424284;-1.2992272832573;-9.74532986056025;6.25637410546278
562;254;564;53;42;-12.6701085029961;-11.2838141418762;-9.96205830189391;-8.57576394077402;-3.19119242830789;-11.9769613224362;-1.32392262669356;-9.76472154963659;6.39826177878006
583;260;587;55;42;-12.7500496396562;-11.3637552785363;-9.97746091741641;-8.65570507743409;-3.21530961229307;-12.0569024590962;-1.33490239760467;-9.82644632699883;6.43299142088171
604;265;612;55;45;-12.8334645650247;-11.4471702039048;-10.1254143639224;-8.77302155447823;-3.21300327340411;-12.1403173844647;-1.34056835302826;-9.97851093741551;6.66202831792248
625;273;629;58;45;-12.8882625134009;-11.501968152281;-10.2492051837856;-8.82781950285446;-3.21211480431037;-12.1951153328409;-1.35563246515632;-10.0528373235886;6.66750490342154
646;279;646;58;46;-12.9415990075652;-11.5553046464453;-10.233548806463;-8.8472544453431;-3.21306025749362;-12.2484518270053;-1.37576804850006;-10.0934745111281;6.72099282312054
666;283;666;58;46;-13.0025793410808;-11.6162849799609;-10.2622598794098;-8.90823477885868;-3.20345280386939;-12.3094321605208;-1.39324430086292;-10.1056249138893;6.72757367073833
687;287;679;58;46;-13.0412422551174;-11.6549478939975;-10.2686535328776;-8.89810752872586;-3.21226275475633;-12.3480950745574;-1.39541309448317;-10.1054259714474;6.785909472637
708;293;697;58;46;-13.093570821521;-11.4841329090869;-10.2031990636249;-8.90391607949462;-3.22887607370407;-12.4004236409611;-1.38870355637987;-10.0753250638518;6.71805492227504
728;298;709;58;47;-13.1277110530643;-11.5182731406302;-10.2373392951681;-8.90820334788815;-3.23609367309861;-12.4345638725043;-1.39260249787494;-10.1102031658751;6.72153143009512
749;303;732;59;47;-13.1915610279226;-11.5821231154885;-10.3011892700265;-8.94306578587326;-3.22938012904728;-12.4984138473627;-1.40391715689247;-10.1272693853923;6.68607176767145
769;311;754;59;50;-13.2507847360159;-11.864490374896;-10.3604129781197;-9.00228949396655;-3.2397889757645;-12.557637555456;-1.40324590390947;-10.2351077980908;6.82712876794723
789;317;773;61;52;-13.3005580971748;-11.914263736055;-10.5925078960726;-9.11090335514842;-3.27026169777502;-12.6074109166149;-1.41484224243311;-10.3770259031596;6.97486903850502
809;325;796;61;52;-13.3591983716888;-11.9729040105689;-10.586609649449;-9.08253225267271;-3.30806697724008;-12.6660511911288;-1.41233696663468;-10.3569648371406;6.92760433851115
829;327;814;61;52;-13.4039207320051;-12.0176263708852;-10.5135489741089;-9.09985563880091;-3.29329706630056;-12.7107735514451;-1.42727382949818;-10.3841025708279;7.02996030144086
849;334;834;61;56;-13.4524668047175;-12.0661724435976;-10.7444166036153;-9.23295909954139;-3.28969665425128;-12.7593196241575;-1.42891173519178;-10.5213471252682;7.14898855751335
869;344;859;64;58;-13.5115378439685;-12.1252434828486;-10.946588486507;-9.32188310194208;-3.27788360737445;-12.8183906634086;-1.41568193089734;-10.6449302226087;7.19949341406753
889;348;874;64;59;-13.5461607513111;-12.1598663901912;-10.9812113938495;-9.35650600928465;-3.27660748644952;-12.8530135707511;-1.41573880578906;-10.6740692428983;7.24656889382124
909;357;898;64;60;-13.6003401366044;-12.2140457754845;-10.9612828069891;-9.35184489455504;-3.29552937512744;-12.9071929560445;-1.41584869910783;-10.6961273287091;7.30533170169147
930;363;913;64;60;-13.6334717611899;-12.24717740007;-10.9254215600877;-9.32940666798577;-3.29031092921591;-12.94032458063;-1.42623978793992;-10.6933025954155;7.32574789751408
951;370;930;68;60;-13.6703691722946;-12.2840748111747;-11.0313118426793;-9.49598190239897;-3.28334497623016;-12.9772219917347;-1.42258852486466;-10.7906248609092;7.36277488640323
972;375;950;68;61;-13.7129239691892;-12.3266296080693;-11.1109206256508;-9.52326922716275;-3.25624119652054;-13.0197767886292;-1.44065636267571;-10.8284562654139;7.39426109677674
992;378;964;68;61;-13.7421825892211;-12.3558882281012;-11.1031252596058;-9.52267488404499;-3.24282997893157;-13.0490354086611;-1.44280632113131;-10.8300944745861;7.40322204537021
1000;380;968;68;61;-13.7504641745532;-12.3641698134333;-11.1114068449379;-9.52365706966647;-3.24167753203028;-13.0573169939932;-1.44637592128228;-10.8304219660274;7.42319990845655
1020;388;984;68;64;-13.7832517941045;-12.3969574329846;-11.218302436643;-9.57867057050324;-3.24580989582125;-13.0901046135446;-1.45016331115439;-10.9096349970991;7.46736546685099
1040;392;1014;69;64;-13.8433163683023;-12.4570220071824;-11.204259038687;-9.62380866312615;-3.25481461843637;-13.1501691877423;-1.4809282449546;-10.9670673628769;7.59974192747098
1063;399;1029;69;64;-13.8726854716681;-12.4863911105482;-11.2336281420528;-9.61010479113539;-3.25416694507202;-13.1795382911082;-1.5082680965032;-10.9611081846471;7.61506742684328
1084;404;1049;70;64;-13.9111852167926;-12.5248908556727;-11.2721278871773;-9.6207257756442;-3.26397619773359;-13.2180380362326;-1.51213548678049;-10.9713355007788;7.54229770319271
1107;411;1072;71;66;-13.9545626832615;-12.5682683221416;-11.3155053536462;-9.67789656424544;-3.25555188354855;-13.2614155027015;-1.51391210879145;-11.0429550800308;7.58163440911629
1127;416;1087;71;66;-13.9823537742424;-12.5960594131225;-11.3432964446272;-9.70568765522636;-3.26202020506066;-13.2892065936825;-1.52625419556428;-11.0397369481912;7.54620043818756
1147;418;1101;72;66;-14.0079482734454;-12.6216539123255;-11.3688909438301;-9.73128215442931;-3.26461916119848;-13.3148010928854;-1.52356987609197;-11.0556447225115;7.51713431118116
1167;421;1116;72;68;-14.0350122858825;-12.6487179247626;-11.3959549562673;-9.75834616686646;-3.27307500116208;-13.3418651053226;-1.52704406008599;-11.1188923123733;7.58139850407307
1188;428;1144;72;70;-14.0845723438795;-12.6982779827596;-11.4455150142642;-9.80790622486343;-3.26980660129275;-13.3914251633195;-1.53785403972428;-11.1783025362339;7.6308998817427
1208;437;1172;72;71;-14.1329339402739;-12.746639579154;-11.4938766106587;-9.80220059998758;-3.28340269771429;-13.0343216516058;-1.52440069565588;-11.1762083259816;7.58967312786085
1229;445;1189;76;72;-14.1617357933816;-12.7754414322617;-11.5226784637663;-9.9276292887843;-3.28090003967037;-12.7754414322617;-1.51767922138056;-11.2819330672745;7.61397460568524
1249;455;1214;76;75;-14.2033519432389;-12.817057582119;-11.6384025857773;-10.0367167666112;-3.26903142445594;-12.817057582119;-1.53361446625972;-11.34917066903;7.68694746868506
1270;463;1238;76;76;-14.2425049064891;-12.8562105453692;-11.6775555490275;-10.0528501644627;-3.27748407352627;-12.8562105453692;-1.53514195417626;-11.3576886918978;7.66829384539156
1290;465;1248;76;76;-14.2585950978587;-12.8723007367389;-11.6195377682435;-10.0689403558323;-3.26493073547561;-12.8723007367389;-1.53808037581804;-11.3609366590419;7.69061242746087
1311;468;1269;76;76;-14.2919689354288;-12.9056745743089;-11.6529116058135;-10.0434736933794;-3.26527404736916;-12.9056745743089;-1.55075763777034;-11.3735649718787;7.76244488083673
1332;473;1286;76;76;-14.3185838095951;-12.9322894484752;-11.6795264799799;-10.0419176905791;-3.27572597591872;-12.9322894484752;-1.56547126503136;-11.3700057554376;7.72233625860058
1352;474;1306;76;76;-14.3494486196728;-12.9631542585529;-11.7103912900575;-10.0727825006567;-3.28259153125324;-12.9631542585529;-1.57985638738346;-11.3918537348831;7.79111606063985
1373;480;1331;77;76;-14.3873716367902;-13.0010772756703;-11.748314307175;-10.0566382965039;-3.28981011210741;-13.0010772756703;-1.59040604473886;-11.4213049942596;7.85158330617368
1393;482;1349;78;76;-14.4142377124155;-13.0279433512956;-11.7751803828003;-10.1375715933995;-3.29074653848092;-13.0279433512956;-1.59513580516055;-11.4484833451644;7.87568893754838
1415;488;1368;78;76;-14.442210196365;-13.0559158352451;-11.7341599952628;-10.0855013696754;-3.29140303499956;-13.0559158352451;-1.59643597923057;-11.4504372403209;7.90526983517009
1437;492;1389;82;76;-14.4726786855087;-13.0863843243888;-11.8336213558934;-10.2241834434593;-3.28161274479183;-13.0863843243888;-1.59090516502247;-11.5403933083713;7.97611312766465
1459;494;1403;82;76;-14.4927361602049;-13.106441799085;-11.8536788305897;-10.2160700411889;-3.26546815193815;-13.106441799085;-1.60032193980342;-11.5521863128772;8.00094857125682
1480;502;1420;83;81;-14.5168243011906;-13.4182120125225;-11.9518749437291;-10.3271695591642;-3.25879108584917;-13.1305299400707;-1.59710356225066;-11.6759327840933;8.02524433115902
1500;507;1445;83;81;-14.5517292010931;-13.453116912425;-11.9867798436315;-10.3470365817021;-3.26024873080146;-13.1654348399732;-1.60377159315783;-11.6850825673371;8.11006124675435
1520;511;1466;83;81;-14.5805857648932;-13.4819734762251;-12.0156364074317;-10.3464792602959;-3.27350435415911;-13.1942914037733;-1.61085621831346;-11.6964031288839;8.17962885829156
1541;517;1492;83;81;-14.6157455615274;-13.2294512004075;-11.9766882319122;-10.3672503194781;-3.27842426560361;-13.2294512004075;-1.61577809273753;-11.6995608047951;8.23471077571321
1561;526;1516;83;81;-14.6476611324046;-13.2613667712847;-12.0086038027894;-10.3709950133886;-3.27372191074189;-13.2613667712847;-1.63233745748131;-11.7055359075098;8.28047760951524
1581;533;1540;83;81;-14.6790753908153;-13.2927810296955;-11.9710251897131;-10.3096275383483;-3.28651128251631;-13.2927810296955;-1.62057449644719;-11.6772428917899;8.20307604311549
1601;537;1563;83;83;-14.708724660843;-13.3224302997231;-12.0006744597407;-10.3520158341534;-3.27129890527437;-13.3224302997231;-1.62065877555734;-11.7248427678819;8.23746301401785
1623;542;1582;83;83;-14.7328902966552;-13.3465959355353;-12.024840095553;-10.3508636619813;-3.2671403001774;-13.3465959355353;-1.63444877894758;-11.7212616202269;8.21616603432267
1644;545;1604;83;83;-14.7605115768529;-13.374217215733;-12.0524613757507;-10.378484942179;-3.26600469740671;-13.1510736644188;-1.64461103867634;-11.7377156125003;8.28274581734279
1664;552;1624;85;84;-14.7852950414432;-13.3990006803234;-12.077244840341;-10.4158471889762;-3.26602971592684;-13.1758571290091;-1.65375589050358;-11.8030929800963;8.35062338674299
1686;554;1645;86;84;-14.8109913263989;-13.4246969652791;-12.1029411252967;-10.4802579861126;-3.27548278942846;-13.2015534139648;-1.65802309211729;-11.8342016479303;8.40512941017328
1706;561;1663;86;84;-14.8327569583859;-13.446462597266;-12.0601682361461;-10.4383078037134;-3.27490593006263;-13.2233190459518;-1.65281358935132;-11.8084878946843;8.30062143996231
1727;564;1681;86;84;-14.8542882668172;-13.4679939056973;-12.0816995445775;-10.4354476590206;-3.27512572407385;-13.2448503543831;-1.6550082937089;-11.8076914764889;8.29989060711505
1747;568;1698;86;87;-14.8744127337426;-13.4881183726227;-12.1663625326404;-10.517703907053;-3.27608051183049;-13.2649748213085;-1.64605644068747;-11.8651832964798;8.3223902314123
1767;570;1717;86;87;-14.896667721795;-13.5103733606751;-12.1240789995552;-10.4899484745307;-3.27555174937384;-13.2872298093609;-1.64679806636998;-11.8746483869552;8.38543066240776
1788;572;1742;86;87;-14.9255783148249;-13.539283953705;-12.1529895925851;-10.5188590675606;-3.27524149403171;-13.3161404023908;-1.65543479214136;-11.8925186372597;8.45056298157815
1808;579;1765;86;87;-14.9518119387348;-13.5655175776149;-12.179223216495;-10.5209951398915;-3.27012308156946;-13.0059017896795;-1.65898199810866;-11.8821488132837;8.44265838045152
1828;584;1781;86;87;-14.9698605665793;-13.5835662054594;-12.1972718443395;-10.5155132703258;-3.27648195587517;-13.023950417524;-1.6637216898679;-11.8893177479082;8.49852890187649
1849;588;1801;86;87;-14.9921946903519;-13.605900329232;-12.2196059681121;-10.5148578758737;-3.27313349048847;-13.0462845412966;-1.6764906896712;-11.8933365546388;8.51676014455175
1869;591;1824;88;87;-15.0175743412686;-13.6312799801487;-12.2449856190288;-10.563227045015;-3.28454995517034;-13.0716641922132;-1.67947719732505;-11.9433679988827;8.5873599504735
1890;598;1846;88;88;-15.0415528301256;-13.6552584690057;-12.2689641078858;-10.575644711471;-3.28973645687352;-13.0956426810703;-1.67423900948198;-11.9456593118778;8.54666815226791
1911;602;1867;89;88;-15.0641762870834;-13.6778819259636;-12.2915875648437;-10.5756030446792;-3.29471891745373;-13.1182661380281;-1.67569722904208;-11.9690748719926;8.59287087564356
1931;605;1885;89;88;-15.0833661997642;-13.6970718386443;-12.3107774775244;-10.5780316113407;-3.2988880442721;-13.1374560507089;-1.6803740661633;-11.9722147798263;8.59765123186724
1951;608;1903;89;88;-15.1023737345923;-13.7160793734724;-12.2691603905361;-10.5805851575433;-3.29954366881719;-13.156463585537;-1.69546018401672;-11.9826570249185;8.64589104501439
1971;614;1924;89;88;-15.1243232624513;-13.7380289013314;-12.2339515045551;-10.5810284801813;-3.28393747502088;-13.178413113396;-1.70403396046717;-11.9729720358;8.59068053111503
1993;622;1948;89;88;-15.149116968405;-13.7628226072851;-12.2587452105088;-10.5847687769371;-3.28353662915889;-13.2032068193496;-1.70572717208316;-11.9458707348287;8.43094333415893
2000;622;1952;89;88;-15.1532195339461;-13.7669251728262;-12.2628477760499;-10.548049347958;-3.28529452774075;-13.2073093848908;-1.70613122150179;-11.9484589779164;8.44363846061131
2022;630;1972;89;93;-15.1736070703252;-13.7873127092053;-12.3403937262689;-10.6737973999949;-3.29271070167435;-13.2276969212698;-1.69661724571958;-12.0329677630619;8.4266563597102
2042;636;1991;92;93;-15.1927846081284;-13.8064902470085;-12.3595712640722;-10.7619678092851;-3.295059434427;-13.2468744590731;-1.69171633789097;-12.0926026080012;8.50497684540272
2064;642;2007;93;93;-15.2087926975927;-13.8224983364728;-12.4362039753529;-10.7779758987494;-3.30057367983578;-13.2628825485374;-1.69060655036793;-12.1102479526567;8.53991284389065
2084;645;2025;94;93;-15.2266499590813;-13.8403555979614;-12.4540612368415;-10.795833160238;-3.3132049283959;-13.1472084174014;-1.69046316839216;-12.1286773500343;8.55039493203335
2104;649;2043;94;95;-15.2443491896352;-13.8580548285154;-12.4717604673955;-10.8135323907919;-3.31304897242417;-13.4525897204072;-1.68709265476556;-12.1590879340536;8.5370323227808
2124;652;2063;94;95;-15.2638330261425;-13.8775386650226;-12.4912443039027;-10.8330162272992;-3.32446404667892;-13.4720735569144;-1.69275094484977;-12.1663307886575;8.57274896413956
2146;657;2080;94;95;-15.2802463453907;-13.8939519842708;-12.4470330013345;-10.8494295465474;-3.3283629708303;-13.4884868761627;-1.69333041891915;-12.1625063192496;8.59222586400218
2166;660;2098;94;95;-15.2974795779125;-13.9111852167926;-12.4642662338563;-10.8548283214222;-3.31732934114696;-13.5057201086844;-1.70001185207661;-12.1668875263209;8.61095071771082
2187;668;2120;94;95;-15.3183427353321;-13.9320483742122;-12.427970977436;-10.8185330650019;-3.31373776943829;-13.5265832661041;-1.70729137347792;-12.1638645253295;8.63718600241111
2208;671;2145;94;95;-15.3417896627242;-13.9554953016043;-12.4514179048281;-10.8200010856752;-3.2983065374186;-13.5500301934962;-1.7153026699237;-12.1728937717734;8.67405149892244
2228;681;2168;99;95;-15.3631207251191;-13.9768263639992;-12.5299073810629;-10.9204694686288;-3.30230509224604;-13.571361255891;-1.71190596847236;-12.2527734024272;8.71657513735818
2248;685;2190;99;95;-15.3833136456211;-13.9970192845012;-12.4929418877249;-10.9174055269665;-3.30590426131858;-13.591554176393;-1.71804823733859;-12.2529312933305;8.72715779833895
2269;690;2226;99;95;-15.415923063671;-14.0296287025511;-12.5255513057748;-10.9161133933407;-3.2889747976068;-13.6241635944429;-1.7394631011491;-12.2641748475919;8.78883419065009
2289;697;2253;99;95;-15.4400358808645;-14.0537415197446;-12.5496641229683;-10.9074363877112;-3.28166299421174;-13.6482764116364;-1.73614650681779;-12.2563553717289;8.79367842079852
2310;700;2275;99;95;-15.4594706627701;-14.0731763016502;-12.5690989048739;-10.8951224713023;-3.27671782256154;-13.667711193542;-1.7463805024053;-12.2659580897127;8.83160202099898
2330;703;2295;99;95;-15.4769762449893;-14.0906818838694;-12.5866044870931;-10.9126280535215;-3.27804906761999;-13.6852167757612;-1.75006851151389;-12.2669915477448;8.8340949218774
2350;707;2310;102;95;-15.4900056070317;-14.1037112459118;-12.5996338491355;-10.9574061138784;-3.27558787876601;-13.6982461378036;-1.74926816545744;-12.3229888598858;8.88684128553519
2371;714;2328;102;99;-15.5055296177027;-14.1192352565828;-12.6151578598065;-11.0168932479705;-3.28270802221451;-13.7137701484746;-1.73853411175463;-12.3867049034862;8.89635162461166
2391;716;2347;102;99;-15.521786391702;-14.1354920305822;-12.6314146338059;-11.0219767213718;-3.2842150791125;-13.730026922474;-1.74316494718345;-12.3921438979341;8.9378772773207
2412;721;2366;102;101;-15.5379120890767;-14.1516177279568;-12.6475403311805;-11.0381024187464;-3.2752700920586;-13.7461526198486;-1.7452311551441;-12.429755990511;8.96384946751743
2432;726;2382;102;101;-15.5513914998305;-14.1650971387106;-12.6610197419343;-11.0515818295002;-3.27565287606721;-13.7596320306024;-1.7431190740576;-12.4211953112298;8.93071470441379
2452;731;2408;102;101;-15.5731036128574;-14.1868092517375;-12.6827318549613;-11.0405041197042;-3.26954134604999;-13.7813441436294;-1.75140523897484;-12.4144767042782;8.90106473071552
2472;735;2424;102;101;-15.5863486943784;-14.2000543332585;-12.6959769364822;-11.0220005029106;-3.27183428511463;-13.7945892251504;-1.74855525416147;-12.4102065507071;8.9178510327146
2492;738;2444;102;102;-15.602782640583;-14.2164882794631;-12.7124108826868;-11.0489057489824;-3.26755190137491;-13.8110231713549;-1.75272960304785;-12.4300852210425;8.92387732586727
2500;739;2451;102;102;-15.6085027670562;-14.2222084059363;-12.7181310091601;-11.0546258754557;-3.26669802722281;-13.8167432978282;-1.7544688544212;-12.430373844526;8.92553179602551
2520;743;2472;102;102;-15.6255656371552;-14.2392712760353;-12.735193879259;-11.050907802086;-3.25311028613254;-13.8338061679271;-1.76529492939368;-12.4305693451339;8.91934526280381
2540;745;2488;103;102;-15.6384689077181;-14.2521745465982;-12.748097149822;-11.0741207162503;-3.24769420769495;-13.8467094384901;-1.76400194216276;-12.4444756500216;8.91991813414019
2560;751;2508;103;104;-15.6544818035056;-14.2681874423857;-12.7641100456095;-11.1006049119051;-3.24962387515083;-13.8627223342776;-1.76015174722189;-12.4722397367112;8.9184510575089
2581;755;2530;105;104;-15.6719491634431;-14.2856548023232;-12.781577405547;-11.1286543811731;-3.25310658702631;-13.8801896942151;-1.75985650763261;-12.5131386078863;8.98342693208033
2602;756;2547;105;104;-15.6853429499589;-14.299048588839;-12.7949711920628;-11.1209947584911;-3.24859915669396;-13.8935834807309;-1.76189948776711;-12.5178779070871;9.00436184759134
2622;761;2568;105;104;-15.7017653296197;-14.3154709684998;-12.8113935717235;-11.1270543511163;-3.24727912593349;-13.9100058603916;-1.76455851376147;-12.5200366364843;9.02364375452736
2643;767;2589;105;104;-15.7180539595031;-14.3317595983832;-12.8276822016069;-11.1229341093685;-3.25343973126754;-13.6386124178232;-1.76676154311313;-12.5224103485233;9.06336226214236
2664;769;2613;105;104;-15.7365085310412;-14.3502141699213;-12.8461367731451;-11.1413886809066;-3.25747412721598;-13.6570669893614;-1.77240470710714;-12.5321646112729;9.1089576943501
2684;773;2631;105;106;-15.7502385620806;-14.3639442009607;-12.8598668041844;-11.155118711946;-3.25772461353476;-13.6707970204007;-1.76770961239782;-12.5581973214299;9.08962043768882
2705;776;2650;105;106;-15.7646298379605;-14.3783354768406;-12.8742580800644;-11.1594596519724;-3.25831927553479;-13.6851882962807;-1.77258946299412;-12.5616911062148;9.12005730003003
2725;779;2669;106;106;-15.778918298809;-14.3926239376892;-12.8885465409129;-11.173748112821;-3.26143484725303;-13.6994767571292;-1.76760743193839;-12.577564013369;9.16208070737893
2746;784;2692;106;108;-15.7960793815292;-14.4097850204093;-12.9057076236331;-11.2010105491999;-3.2573417377208;-13.7166378398494;-1.77007777869417;-12.6105817132413;9.16460585633014
2767;788;2710;106;108;-15.8094078277475;-14.4231134666276;-12.9190360698513;-11.2042376417594;-3.25511437399015;-13.7299662860677;-1.77568023384218;-12.6178148954558;9.20771380261825
2789;792;2733;107;108;-15.8263103718561;-14.4400160107362;-12.93593861396;-11.2311905217215;-3.25080056700526;-15.1331631912962;-1.7757213676217;-12.6365874406972;9.23215894675147
2814;801;2761;107;111;-15.8466964238603;-14.4604020627404;-13.0741077016205;-11.2515765737257;-3.24618928437108;-15.1535492433004;-1.77732612412007;-12.6760466145558;9.19253157039538
2834;802;2783;107;111;-15.8625695230518;-14.4762751619319;-13.089980800812;-11.2674496729172;-3.25171200071831;-15.1694223424918;-1.7787883314561;-12.680768063338;9.22211870934298
2854;805;2810;107;113;-15.8818795246556;-14.4955851635357;-13.1092908024158;-11.3175313331877;-3.25111447258968;-15.1887323440956;-1.77806258915851;-12.7113576457275;9.22149202113004
2874;806;2830;107;113;-15.8960639812746;-14.5097696201547;-13.1234752590348;-11.311096502604;-3.25116237605089;-15.2029168007146;-1.77948855133522;-12.7167877186619;9.24943416979152
2896;809;2843;107;113;-15.905230223302;-14.5189358621821;-13.0720168792458;-11.3202627446314;-3.25185019580543;-15.2120830427421;-1.78137651063827;-12.7171752767799;9.27459018829899
2916;810;2860;107;114;-15.9171538076278;-14.5308594465079;-13.0839404635716;-11.35280561616;-3.24844208471494;-15.2240066270679;-1.78252573889545;-12.7382875367342;9.29791374981562
2937;814;2885;107;114;-15.9345603578844;-14.5482659967645;-13.0441885999882;-11.3394405077498;-3.25357739063679;-15.2414131773245;-1.78553335592456;-12.7353697061276;9.29009316259273
2958;823;2909;107;115;-15.9511293169904;-14.5648349558705;-13.1179159729342;-11.3459591310023;-3.2611501370455;-15.2579821364305;-1.79882443142464;-12.7574083400613;9.33515491412543
2979;828;2926;107;118;-15.9627831631601;-14.5764888020402;-13.1901944409204;-11.4089062715596;-3.26066153262702;-15.2696359826002;-1.80224705269661;-12.8032881845509;9.33872151602546
2999;833;2945;108;118;-15.9757281921714;-14.5894338310515;-13.2031394699316;-11.4113800007035;-3.26344053543289;-15.2825810116114;-1.80282155035227;-12.8197657594381;9.37726060606689
3019;838;2970;108;120;-15.9926344635935;-14.6063401024736;-13.2200457413537;-11.4600349704402;-3.26959707729797;-15.2994872830335;-1.80470967663849;-12.8525189175783;9.40464955478567
3039;844;2992;108;122;-16.0073946781887;-14.6211003170688;-13.234805955949;-11.4747951850355;-3.27337384033585;-15.3142474976288;-1.80469568427445;-12.877538396587;9.39377065962617
3059;851;3023;108;123;-16.0280099895589;-14.641715628439;-13.2554212673191;-11.4954104964057;-3.27754542477915;-15.334862808999;-1.80837655721261;-12.8893785653724;9.38176626324425
3079;854;3044;109;124;-16.0418554379632;-14.6555610768433;-13.2692667157234;-11.5092559448099;-3.27255069409447;-15.3487082574032;-1.80612515852223;-12.9218395218069;9.40708740935927
3100;858;3066;109;124;-16.0562581188635;-14.6699637577436;-13.2836693966237;-11.5236586257103;-3.27501134648207;-15.3631109383036;-1.8103843328635;-12.9267887433973;9.45308726961649
3122;861;3084;109;124;-16.0679654693664;-14.6816711082465;-13.2953767471267;-11.5246706870964;-3.27717475114002;-15.3748182888065;-1.8131888789033;-12.9273357551766;9.45462303176161
3142;867;3106;109;124;-16.0821820074173;-14.6958876462974;-13.3095932851775;-11.5283051158167;-3.284441350277;-15.3890348268573;-1.81849557168389;-12.9259175488348;9.45655817260563
3163;871;3130;109;124;-16.0975765670684;-14.7112822059485;-13.3249878448286;-11.5332283756006;-3.28017164306109;-15.4044293865085;-1.82597623008728;-12.9320250390375;9.49724214198433
3183;876;3154;109;124;-16.112853535046;-14.7265591739261;-13.3402648128062;-11.5381425565426;-3.2832892999929;-15.419706354486;-1.82741060037436;-12.9332242237418;9.52796889366491
3204;879;3177;109;124;-16.127385268539;-14.7410909074191;-13.3547965462993;-11.5424177898685;-3.28171390940659;-15.4342380879791;-1.82943498117576;-12.9417645367561;9.57370408623699
3224;881;3194;109;124;-16.1380586575499;-14.75176429643;-13.3654699353101;-11.5429388074153;-3.28089857083694;-15.44491147699;-1.83113651462612;-12.9429087787983;9.57645980800217
3244;885;3216;109;124;-16.1517872605977;-14.7654928994778;-13.2614155027015;-11.5466170746096;-3.2866672817046;-15.4586400800378;-1.83065559891663;-12.9420038035211;9.57520722911503
3264;887;3239;110;124;-16.1660398383427;-14.7797454772228;-13.3328264942864;-11.5608696523546;-3.28954375184602;-15.4728926577827;-1.83853234286825;-12.9679335669677;9.62357054697761
3284;891;3253;110;124;-16.1746658529467;-14.7883714918268;-13.3414525088905;-11.5496930396624;-3.28663337249716;-15.4815186723868;-1.8405031782696;-12.9653691081273;9.60381727027375
3304;896;3274;110;124;-16.1875355158622;-14.8012411547423;-13.297163757966;-11.5431446167208;-3.28362670028591;-15.4943883353022;-1.83819302059369;-12.9483205528732;9.50656836335531
3328;899;3295;110;124;-16.2003228938732;-14.8140285327533;-13.309951135977;-11.5559319947318;-3.28694871493978;-15.5071757133133;-1.83805254762509;-12.9506823506646;9.52899472313616
3348;907;3319;110;127;-16.2148376234399;-14.8285432623201;-13.3244658655438;-11.5801086352103;-3.29517811811237;-15.52169044288;-1.8344315257062;-12.9822870211532;9.51216534318204
3369;907;3336;110;127;-16.2250555269573;-14.8387611658374;-13.3346837690611;-11.5806646278159;-3.29600509090848;-15.5319083463973;-1.83743555247619;-12.9899552227002;9.53925953445674
3389;916;3363;110;127;-16.2411774234805;-14.8548830623606;-13.3508056655844;-11.587217073323;-3.29636300983203;-15.5480302429206;-1.84709138248302;-12.9887050670567;9.57623308395189
3409;919;3383;110;128;-16.2530363375614;-14.8667419764415;-13.3626645796653;-11.5895972434493;-3.30389603396578;-15.5598891570015;-1.8498418977548;-13.0058636388704;9.60353562809088
3432;925;3409;110;130;-16.2683485442758;-14.8820541831559;-13.3779767863796;-11.6143881941183;-3.29789469329355;-15.5752013637159;-1.84777803398896;-13.0277410636191;9.58770510353285
3454;929;3426;110;130;-16.2782973577681;-14.8920029966482;-13.387925599872;-11.6148582636561;-3.29890175593535;-15.5851501772082;-1.84716774113994;-13.0245953367738;9.59190339916853
3474;934;3451;113;130;-16.292838646196;-14.9065442850761;-13.4024668882998;-11.6581096579664;-3.29848820187632;-15.5996914656361;-1.84651971661783;-13.0796753457054;9.66264081425309
3495;938;3469;113;130;-16.3032432939395;-14.9169489328196;-13.4128715360433;-11.6588523947981;-3.29727666353386;-15.6100961133796;-1.84595937936104;-13.0742090802938;9.65548931230351
3515;945;3495;117;130;-16.3181773093358;-14.9318829482159;-13.4278055514397;-11.7130071233477;-3.30205483501663;-15.6250301287759;-1.84356509836855;-13.1428273228226;9.7409562647563
3535;950;3511;117;130;-16.3273123523369;-14.941017991217;-13.4369405944407;-11.7221421663488;-3.30659417869474;-15.6341651717769;-1.84450230575039;-13.1379051553474;9.71763148127252
3555;953;3528;117;130;-16.3369728342534;-14.9506784731335;-13.4466010763572;-11.7120000209691;-3.30732141495658;-15.6438256536934;-1.84921192144213;-13.1424547579601;9.74226860141061
3575;958;3560;117;130;-16.3550316476922;-14.9687372865723;-13.464659889796;-11.7106407485508;-3.30944132909374;-15.6618844671322;-1.85524262018279;-13.1464707507386;9.76143956128151
3596;958;3579;117;130;-16.3656774215321;-14.9793830604122;-13.4753056636359;-11.7212865223907;-3.30743878421781;-15.6725302409721;-1.85945514634247;-13.1549719975129;9.78714040732277
3616;959;3602;117;130;-16.3784890514718;-14.9921946903519;-13.4881172935756;-11.7245287013143;-3.3058875101572;-15.6853418709119;-1.86047323665045;-13.1611430203058;9.82669112613485
3636;962;3626;117;130;-16.3917707826296;-15.0054764215097;-13.5013990247334;-11.7378104324721;-3.30431774141506;-15.6986236020696;-1.8647487055527;-13.1594780931066;9.80989175806395
3657;966;3642;117;130;-16.4005765205751;-15.0142821594552;-13.5102047626789;-11.7277476861132;-3.30603870833589;-15.7074293400152;-1.8685734180559;-13.1562500784291;9.78700197798117
3678;970;3659;117;131;-16.4098903300384;-15.0235959689185;-13.5195185721422;-11.7559299798809;-3.30567870337715;-15.7167431494785;-1.87537626605647;-13.1737424344315;9.80467144026083
3699;976;3681;117;131;-16.421879466758;-15.0355851056382;-13.4774404875916;-11.7397482396338;-3.30494077639894;-15.7287322861981;-1.88007471114778;-13.1722959590772;9.81582849218196
3719;979;3700;117;131;-16.4321761972646;-15.0458818361447;-13.4877372180982;-11.7500449701404;-3.30696687341038;-15.7390290167047;-1.88727283987146;-13.1774844019733;9.84552287604323
3739;982;3722;117;131;-16.4440328744044;-15.0577385132845;-13.4483006008504;-11.7619016472802;-3.30035037310751;-15.7508856938444;-1.89599337800298;-13.1804656800692;9.8594671906824
3759;985;3744;117;131;-16.455819675195;-15.0695253140751;-13.460087401641;-11.7462894738826;-3.30270209382167;-15.762672494635;-1.90060330814498;-13.1874819477842;9.89265876593445
3780;986;3759;117;131;-16.4638164871284;-15.0775221260085;-13.4680842135744;-11.754286285816;-3.2992963264308;-15.7706693065684;-1.90263983060015;-13.1907259121082;9.91344544938187
3801;990;3773;117;133;-16.4712514399286;-15.0849570788087;-13.5268124607622;-11.7799035576995;-3.30371012889688;-15.7781042593687;-1.90304966320821;-13.2157418886228;9.90634827680079
3821;991;3793;117;134;-16.4818250833778;-15.0955307222579;-13.5373861042114;-11.7996938562536;-3.30321181582733;-15.7886779028179;-1.90356665812374;-13.2327035582994;9.9283830109089
3841;996;3812;118;134;-16.4918185295482;-15.1055241684283;-13.5473795503817;-11.809687302424;-3.30392587197015;-15.7986713489882;-1.90399754688822;-13.2455048812387;9.92667844721779
3861;999;3832;118;134;-16.5022842781815;-15.1159899170616;-13.5578452990151;-11.8109363959524;-3.30765419414146;-15.8091370976216;-1.90874279948247;-13.2491415010161;9.94627788862187
3881;999;3849;118;134;-16.5111373065675;-15.1248429454476;-13.5666983274011;-11.8106569407751;-3.30386676447625;-15.8179901260075;-1.91313075831259;-13.2567608175612;9.9646436230783
3901;1005;3870;121;134;-16.5220195720477;-15.1357252109278;-13.6316478141515;-11.8776286729063;-3.30807477621901;-15.8288723914877;-1.91204789422325;-13.3068340164472;10.0231254894992
3921;1007;3886;121;134;-16.5302712598748;-15.1439768987549;-13.6398995019786;-11.8858803607334;-3.31114421403813;-15.8371240793148;-1.91379777224664;-13.3108431034437;10.0448449675365
3942;1011;3904;121;134;-16.539513895066;-15.1532195339461;-13.6491421371698;-11.8855535449084;-3.31252387121996;-15.846366714506;-1.9183943647355;-13.3054577231599;10.0175601541863
3964;1016;3927;122;135;-16.551262109156;-15.1649677480361;-13.6608903512599;-11.9068712100146;-3.31352214482739;-15.8581149285961;-1.91780511740704;-13.3339972750514;10.0557224441856
3984;1018;3949;122;135;-16.5624353225733;-15.1761409614534;-13.6720635646771;-11.9084749724158;-3.31012496889616;-15.8692881420134;-1.92164160205728;-13.3347071490582;10.0568104780035
4000;1019;3964;122;135;-16.5700177908998;-15.1837234297799;-13.6796460330036;-11.8878865637755;-3.30732567525766;-15.8768706103398;-1.92335574068515;-13.3353400267561;10.0503967194692
4020;1023;3990;122;135;-16.5830930197678;-15.1967986586479;-13.6927212618717;-11.9009617926436;-3.30652982088656;-15.8899458392079;-1.92712666935612;-13.3358986069352;10.0676268544634
4040;1023;4003;122;135;-16.5895987179851;-15.2033043568653;-13.699226960089;-11.9074674908609;-3.30561321308978;-15.8964515374252;-1.92974465946011;-13.3413163596953;10.0823140460333
4060;1032;4031;124;135;-16.6035395262343;-15.2172451651144;-13.7131677683382;-11.9495791760768;-3.29968160058003;-15.9103923456744;-1.93148909005894;-13.370920649545;10.1241972223898
4081;1033;4056;124;135;-16.615905090542;-15.2296107294221;-13.7255333326459;-11.9337738634178;-3.29698857409703;-15.9227579099821;-1.93537351642177;-13.3781204729058;10.1499449711288
4101;1037;4078;125;135;-16.6267239022688;-15.2404295411489;-13.7363521443726;-11.9586781136279;-3.29776107561099;-15.9335767217089;-1.937637647622;-13.3948065959191;10.1747747691495
4121;1041;4102;126;137;-16.6384598772647;-15.2521655161448;-13.7480881193685;-12.0134870639804;-3.30111416082682;-15.9453126967047;-1.93751581225366;-13.4376934584841;10.193125884669
4142;1043;4122;126;137;-16.6481875229008;-15.2618931617809;-13.7578157650046;-12.0134585346712;-3.30066662358321;-15.9550403423409;-1.93729204464264;-13.4327852129508;10.1691359311656
4164;1047;4142;126;138;-16.6578680839111;-15.2715737227912;-13.7674963260149;-12.0231390956814;-3.2942587960628;-15.9647209033511;-1.94043106805585;-13.4489802713708;10.1830725707768
4185;1052;4165;126;138;-16.6689431092019;-15.282648748082;-13.7785713513057;-12.0245522100605;-3.29324068776832;-15.9757959286419;-1.94531109723354;-13.4492250727751;10.196746761153
4206;1060;4189;126;138;-16.6804346418941;-15.2941402807742;-13.7900628839979;-12.0264742917365;-3.29135954085561;-15.9872874613341;-1.94832899837592;-13.4431058678138;10.1889508632293
4226;1061;4210;127;138;-16.6904358533529;-15.304141492233;-13.8000640954567;-12.0460449542115;-3.29144123968383;-15.9972886727929;-1.95169191953699;-13.4645998932251;10.2140654770529
4246;1064;4233;127;138;-16.7013324810418;-15.315038119922;-13.8109607231457;-12.0473721308843;-3.28978316256323;-16.0081853004819;-1.95484318996376;-13.4672035009477;10.2210700092022
4266;1070;4253;129;138;-16.7107597905073;-15.3244654293874;-13.8203880326111;-12.0663688913659;-3.29318674423059;-16.0176126099473;-1.95622253276712;-13.4974626062724;10.2522537349138
4289;1071;4273;129;138;-16.7201428712881;-15.3338485101682;-13.8297711133919;-12.0661825211305;-3.29390128972987;-16.0269956907281;-1.95616717376214;-13.500097518828;10.2782289000056
4310;1072;4289;129;138;-16.7276177690338;-15.3413234079139;-13.8372460111376;-12.0641786749217;-3.29231986332877;-16.0344705884738;-1.95740493948844;-13.5031714536313;10.2998487637273
4332;1073;4301;129;138;-16.7332056655675;-15.3469113044476;-13.8428339076713;-12.0697665714554;-3.2928497542888;-16.0400584850075;-1.95774430037289;-13.5058395505254;10.3169400135418
4355;1078;4323;129;140;-16.7434097693353;-15.3571154082154;-13.8530380114391;-12.0990188701939;-3.29139738065785;-16.0502625887753;-1.95430607602389;-13.5247986847027;10.3005793078155
4376;1082;4334;129;140;-16.7484923641926;-15.3621980030727;-13.8581206062964;-12.1041014650512;-3.28947962299787;-16.0553451836327;-1.95885282498811;-13.520936494638;10.293883802185
4396;1085;4362;129;140;-16.7613718935231;-15.3750775324033;-13.871000135627;-12.0979773012134;-3.29060770863233;-16.0682247129632;-1.96068243101183;-13.5244462549624;10.3110813281296
4419;1087;4380;129;140;-16.769608006741;-15.3833136456211;-13.8251690275745;-12.0967791722791;-3.2942903986748;-16.076460826181;-1.96176572851481;-13.5252536059367;10.3268297643997
4440;1089;4405;130;140;-16.7809910767406;-15.3946967156207;-13.8906193188444;-12.127030726583;-3.29875846258728;-16.0878438961806;-1.96277285322559;-13.5421311931262;10.3294447753669
4460;1089;4420;130;140;-16.7877899501435;-15.4014955890236;-13.843350970977;-12.133829599986;-3.29888526186817;-16.0946427695835;-1.96580468798909;-13.5475361427122;10.345265037248
4483;1089;4435;130;140;-16.7945657894874;-15.4082714283675;-13.8501268103209;-12.1406054393298;-3.29644215688129;-16.1014186089274;-1.96731251171804;-13.5508496085891;10.3562652393116
4500;1095;4453;130;140;-16.8026666106434;-15.4163722495235;-13.858227631477;-12.1205353835192;-3.2985572117515;-16.1095194300835;-1.96528047031209;-13.5451384929769;10.3600015303151
4520;1096;4465;130;140;-16.8080489866212;-15.4217546255013;-13.8636100074548;-12.125917759497;-3.29840755414806;-16.1149018060613;-1.96652909140847;-13.547547111161;10.3700147167212
4541;1103;4495;130;140;-16.8214418938114;-15.4351475326916;-13.8257096202575;-12.1300940115823;-3.30224253233036;-16.1282947132515;-1.96947959793067;-13.5398012901915;10.3303032423001
4561;1106;4524;130;140;-16.834303674472;-15.4480093133521;-13.838571400918;-12.1158048031769;-3.30370569421959;-16.1411564939121;-1.97238822410156;-13.5410033639414;10.326106086053
4584;1111;4547;130;140;-16.84444590765;-15.4581515465301;-13.848713634096;-12.1082474592555;-3.30795901456689;-16.1512987270901;-1.97134820117057;-13.5375997198142;10.3159764574123
4604;1111;4566;130;140;-16.8527856541795;-15.4664912930596;-13.8570533806255;-12.116587205785;-3.30708319741841;-16.1596384736195;-1.97473533477543;-13.5437226432339;10.3371905026598
4625;1113;4581;130;140;-16.8593451877735;-15.4730508266536;-13.8636129142195;-12.123146739379;-3.30926218135338;-16.1661980072135;-1.97488427203355;-13.5445966922679;10.3598411507689
4645;1116;4605;132;140;-16.8697958973788;-15.4835015362589;-13.8740636238248;-12.142447237534;-3.30685770141956;-16.1766487168189;-1.97570060333641;-13.5782563667341;10.3958922932292
4665;1119;4623;132;140;-16.8775982479765;-15.4913038868566;-13.8818659744225;-12.141399799582;-3.31010555792393;-16.1844510674165;-1.98038049056113;-13.5808697724385;10.4218632327613
4685;1124;4648;132;141;-16.8883845970635;-15.5020902359436;-13.8926523235095;-12.152186148669;-3.30852928626304;-16.1952374165035;-1.98281623592984;-13.5949042113885;10.4343891633024
4705;1127;4671;132;143;-16.8982569210042;-15.5119625598843;-13.9025246474502;-12.1977765552118;-3.30734722571671;-16.2051097404443;-1.98197673643297;-13.6194958496137;10.4247978040429
4725;1132;4694;132;143;-16.9080807528219;-15.521786391702;-13.9123484792679;-12.2076003870295;-3.30495186352784;-16.214933572262;-1.99215220411792;-13.6191945636832;10.4161614970908
4745;1136;4712;132;143;-16.9157354506628;-15.529441089543;-13.9200031771089;-12.2152550848704;-3.3020485859406;-16.2225882701029;-1.99721263145582;-13.6212478660774;10.4383096862152
4766;1138;4733;132;143;-16.9246290598125;-15.5383346986926;-13.9288967862585;-12.188430611418;-3.30792560155083;-16.2314818792526;-1.99837904543571;-13.6234259063753;10.4516840260729
4786;1141;4756;132;143;-16.9343245156213;-15.5480301545015;-13.9385922420674;-12.1981260672269;-3.31161503329947;-16.2411773350614;-2.00002558202576;-13.6252708591536;10.4698252862186
4807;1143;4779;132;143;-16.9439731971563;-15.5576788360364;-13.9482409236023;-12.1990410687931;-3.31364107297565;-16.2508260165964;-2.00285275417442;-13.6308636445778;10.4981726494426
4827;1146;4799;132;143;-16.9523256837165;-15.5660313225966;-13.9565934101625;-12.1987354926101;-3.31384948444412;-16.2591785031565;-2.00999802550801;-13.6331349335808;10.5111155783141
4848;1146;4815;132;143;-16.9589826484645;-15.5726882873446;-13.9632503749105;-12.2053924573581;-3.31053781159468;-16.2658354679045;-2.01195288909018;-13.6362599559329;10.5212090069299
4870;1149;4828;132;143;-16.9643751644348;-15.578080803315;-13.9198527267114;-12.2022012296371;-3.31036640636126;-16.2712279838749;-2.01275937844235;-13.6371197253564;10.5368608946543
4891;1153;4850;132;145;-16.9734679678631;-15.5871736067432;-13.9777356943091;-12.2461193080183;-3.31097806178152;-16.2803207873031;-2.01364830797026;-13.6625967091959;10.5386638625749
4911;1155;4871;132;145;-16.9821090676131;-15.5958147064932;-13.9375866298897;-12.2459106192186;-3.31430996584717;-16.2889618870531;-2.02020831500351;-13.6687149742126;10.5628250086734
4935;1156;4893;132;145;-16.9911217825782;-15.6048274214584;-13.9465993448548;-12.2549233341838;-3.31587034055943;-16.2979746020183;-2.02402104462218;-13.6749539992109;10.5910073265482
4956;1158;4914;132;145;-16.9996871061622;-15.6133927450424;-13.9551646684388;-12.2460969150559;-3.31582970581072;-16.3065399256023;-2.02491830460765;-13.6780976893984;10.6185257101795
4976;1159;4933;132;145;-17.0074052024675;-15.6211108413476;-13.9628827647441;-12.2452312676697;-3.31380468453893;-16.3142580219075;-2.02515901783839;-13.6738231895095;10.6080141337056
4999;1161;4955;132;145;-17.0163048935282;-15.6300105324083;-13.9717824558048;-12.2371814004166;-3.31492990631543;-16.3231577129682;-2.02657439030732;-13.6753552773272;10.6088922326155
5021;1166;4976;133;145;-17.024763268838;-15.6384689077181;-13.9802408311146;-12.237271526056;-3.31531013598324;-16.3316160882781;-2.02391333562271;-13.677593070257;10.5612358569549
5042;1170;5002;133;146;-17.0351862228751;-15.6488918617552;-13.9906637851517;-12.2560627297636;-3.31674398934609;-16.3420390423152;-2.02349997926415;-13.6855399719628;10.5389172128538
5062;1175;5026;133;146;-17.0447594362071;-15.6584650750872;-14.0002369984837;-12.257267693425;-3.31810632180161;-16.3516122556471;-2.02645256571201;-13.6886579036718;10.5668148596077
5082;1180;5050;134;146;-17.0542870445388;-15.6679926834189;-14.0097646068154;-12.2751635514273;-3.31903471747153;-16.3611398639789;-2.03118005552123;-13.7037159649372;10.5841265475027
5103;1181;5069;134;146;-17.0617976769447;-15.6755033158248;-14.0172752392213;-12.2826741838332;-3.31746523351558;-16.3686504963848;-2.03270047605205;-13.7078296952578;10.609532411645
5124;1184;5095;134;146;-17.0720298913137;-15.6857355301938;-14.0275074535902;-12.2845381485316;-3.31751852530845;-16.3788827107537;-2.03591303577902;-13.7128442490041;10.6351498354727
5144;1186;5115;134;146;-17.0798653567715;-15.6935709956516;-14.035342919048;-12.267681001399;-3.32007471836455;-16.3867181762115;-2.03623557981029;-13.7149248165042;10.6535884906169
5165;1188;5133;134;146;-17.0868911251206;-15.4774532126865;-14.0423686873972;-12.2666420787832;-3.32225289753009;-16.3937439445607;-2.03218812021837;-13.7050558215891;10.6129570956091
5185;1191;5166;134;146;-17.0997079473116;-15.4902700348775;-14.0551855095881;-12.2634260403601;-3.31884784206903;-16.4065607667516;-2.03372074679005;-13.7026723341136;10.6045104736889
5205;1194;5191;134;146;-17.1093632716545;-15.4999253592204;-14.064840833931;-12.2573330077348;-3.32167005315863;-16.4162160910945;-2.03496567848686;-13.6991425314233;10.5814403799321
5225;1195;5208;134;146;-17.1159023677768;-15.5064644553427;-14.0713799300534;-12.2638721038572;-3.31937077641034;-16.4227551872169;-2.03592333316026;-13.7024678830709;10.598876958115
5246;1200;5231;134;147;-17.1247154867412;-15.5152775743071;-14.0801930490178;-12.2726852228216;-3.32231448473067;-16.4315683061813;-2.04209086027245;-13.7088536045299;10.5643348246954
5267;1204;5248;135;147;-17.1312046612478;-15.5217667488138;-14.0866822235244;-12.2949227542964;-3.32114895396654;-16.4380574806879;-2.04529050679469;-13.7241440161884;10.5808211181713
5287;1205;5265;135;147;-17.1376728491362;-15.5282349367021;-14.0931504114127;-12.3013909421847;-3.32157546338899;-16.4445256685762;-2.04739128594723;-13.7284147184001;10.6014855590042
5310;1208;5286;135;147;-17.1456341903285;-15.5361962778944;-14.101111752605;-12.2780997398729;-3.32330195301726;-16.4524870097685;-2.04730240246654;-13.7213150016372;10.5507942701161
5330;1209;5302;135;148;-17.1516787736979;-15.5422408612638;-14.1071563359745;-12.3153968667465;-3.32376544901663;-16.458531593138;-2.04737533356134;-13.7366864641088;10.5666111022839
5350;1210;5326;135;148;-17.1607115327478;-15.5512736203137;-14.1161890950243;-12.3244296257963;-3.32481812369283;-16.4675643521878;-2.05049928696574;-13.7431926814316;10.5921366730073
5370;1210;5348;135;148;-17.1689558764437;-15.5595179640096;-14.1244334387202;-12.309143472082;-3.32203774083986;-16.4758086958837;-2.05176131002546;-13.7479259727476;10.6175645523852
5393;1210;5364;135;148;-17.1749304888031;-15.565492576369;-14.1304080510797;-12.3151180844415;-3.32405664801289;-16.4817833082432;-2.05235142360842;-13.7505555029486;10.6384326743904
5414;1216;5395;135;148;-17.1864557553845;-15.5770178429504;-14.141933317661;-12.3036538327981;-3.32552260191237;-16.4933085748245;-2.05405102287164;-13.7502847652492;10.6547280552851
5434;1221;5417;136;148;-17.1945948713158;-15.5851569588817;-14.1500724335924;-12.3347824669541;-3.32150432172131;-16.5014476907559;-2.05684965468783;-13.7666868210457;10.6854074652886
5454;1222;5440;137;148;-17.2030686797;-15.5936307672659;-14.1585462419766;-12.3432562753383;-3.31955934419645;-16.50992149914;-2.05756748098678;-13.7838371632502;10.7102984421032
5474;1224;5462;138;148;-17.2111406040673;-15.6017026916332;-14.1666181663439;-12.3513281997056;-3.31987343370378;-16.5179934235074;-2.05871554799076;-13.8016921660632;10.7405318284903
5494;1225;5478;138;148;-17.216990699646;-15.6075527872119;-14.1724682619226;-12.3494562491905;-3.32079271880483;-16.5238435190861;-2.05846339180916;-13.800241989862;10.7305078925707
5500;1228;5482;139;150;-17.2184505537255;-15.8321561926056;-14.173928116002;-12.3981689881204;-3.32225257288425;-16.5253033731655;-2.05523054995687;-13.8359783217198;10.7337341972568
5520;1231;5496;139;151;-17.2235516678044;-15.8372573066845;-14.1790292300809;-12.4360599250223;-3.32282534399568;-16.5304044872444;-2.05717316931433;-13.8499775381193;10.7428718010349
5540;1236;5521;139;153;-17.2326285645681;-15.8463342034482;-14.1881061268447;-12.445136821786;-3.31885310538221;-16.5394813840081;-2.05510481148006;-13.8692086623702;10.7197201235711
5565;1237;5546;139;153;-17.2416644523514;-15.8553700912316;-14.197142014628;-12.4541727095694;-3.31958910415914;-16.5485172717915;-2.05866245543519;-13.8752163156113;10.7497304574568
5585;1237;5565;139;153;-17.2485045274193;-15.8622101662994;-14.2039820896959;-12.4610127846372;-3.31738128731286;-16.5553573468593;-2.06085887936304;-13.8804026392262;10.7692367859114
5605;1240;5578;139;153;-17.2531711363749;-15.866876775255;-14.2086486986514;-12.4656793935928;-3.32034431834365;-16.5600239558149;-2.06100199262165;-13.881095606988;10.7936991867592
5626;1243;5594;139;153;-17.2588997475238;-15.8726053864039;-14.2143773098004;-12.4714080047418;-3.32124235580165;-16.5657525669639;-2.06437702941914;-13.8842477364847;10.8173863244227
5647;1243;5607;139;153;-17.2635421922473;-15.8772478311275;-14.2190197545239;-12.4760504494653;-3.32145096707969;-16.5703950116874;-2.0640532028593;-13.8849963961115;10.8310814103259
5668;1249;5627;140;153;-17.2706634388666;-15.8843690777467;-14.2261410011431;-12.4666423941333;-3.32330740864318;-16.5775162583066;-2.06173346338984;-13.8941683697654;10.8435920464169
5688;1253;5646;143;153;-17.2774052176269;-15.891110856507;-14.2328827799034;-12.4899134748448;-3.32021282233534;-16.5842580370669;-2.06021107246059;-13.9335157526471;10.869352586051
5709;1254;5668;143;153;-17.2851832016211;-15.8988888405013;-14.2406607638977;-12.4976914588391;-3.31884175395428;-16.5920360210612;-2.06149179856731;-13.934956026404;10.8824321591329
5731;1257;5691;143;153;-17.2932825172062;-15.9069881560864;-14.2487600794828;-12.5057907744242;-3.32175159978406;-16.6001353366463;-2.06652111790881;-13.9388665572115;10.9045489562834
5752;1259;5708;143;153;-17.2992479571935;-15.9129535960736;-14.25472551947;-12.5117562144114;-3.32234330211822;-16.6061007766335;-2.06524451910421;-13.9347898854996;10.8825519736999
5773;1262;5725;143;153;-17.3051956568449;-15.918901295725;-14.2606732191215;-12.5177039140628;-3.3229324442583;-16.6120484762849;-2.07087853411552;-13.9375650821486;10.9020212498727
5793;1263;5748;143;153;-17.3132144943978;-15.9269201332779;-14.2686920566744;-12.5257227516158;-3.31987244491247;-16.6200673138379;-2.07866362442078;-13.9414426010192;10.9217408336949
5813;1266;5766;144;153;-17.3194677563967;-15.9331733952768;-14.2749453186733;-12.5154467116634;-3.31958774002117;-16.6263205758368;-2.08036512578842;-13.9571413179702;10.9480184512903
5834;1270;5785;144;153;-17.3260472792556;-15.9397529181357;-14.2815248415321;-12.5220262345223;-3.31620013491912;-16.6329000986956;-2.08178626152683;-13.9584419305304;10.9580363863607
5854;1271;5807;144;153;-17.3336387307441;-15.9473443696242;-14.2425962773858;-12.5296176860108;-3.32136145155437;-16.6404915501842;-2.08105538729521;-13.9601290594331;10.9865803464315
5874;1272;5826;144;153;-17.3401718750388;-15.9538775139189;-14.2491294216804;-12.5198903094337;-3.32061088481697;-16.6470246944788;-2.08222318168733;-13.9646392107694;11.0103876710465
5894;1276;5849;145;153;-17.3480519708861;-15.9617576097662;-14.2570095175277;-12.527770405281;-3.31841842482865;-16.6549047903261;-2.08334760759229;-13.9795161532087;11.0307499891438
5914;1276;5867;145;153;-17.3541974178517;-15.9679030567318;-14.2631549644934;-12.5339158522467;-3.31914659261088;-16.6610502372918;-2.08481516201066;-13.9838744986083;11.0506263632113
5934;1276;5883;145;153;-17.3596442297289;-15.973349868609;-14.2686017763706;-12.5393626641239;-3.32019044027986;-16.666497049169;-2.08566307809914;-13.9871167423819;11.0683387515635
5954;1282;5910;145;153;-17.3688022208003;-15.9825078596804;-14.277759767442;-12.540488483498;-3.32077299557797;-16.6756550402403;-2.08908925542725;-13.9887559368372;11.0872076138159
5975;1284;5929;145;153;-17.3752216874147;-15.9889273262948;-14.2841792340564;-12.5469079501124;-3.3196396671156;-16.6820745068548;-2.08963896788574;-13.9884797664546;11.0975231865342
5995;1284;5944;145;153;-17.3802751727952;-15.9939808116753;-14.2892327194369;-12.5519614354929;-3.3187525526131;-16.6871279922352;-2.09220907471622;-13.9928708800297;11.1080687617523
6000;1284;5948;145;153;-17.3816206151601;-15.9953262540402;-14.2905781618018;-12.5453387082086;-3.31812170974979;-16.6884734346001;-2.09277621531455;-13.993932327816;11.1117849779184
6020;1284;5970;145;153;-17.3890044127733;-16.0027100516534;-14.297961959415;-12.5527225058218;-3.3176198372721;-16.6958572322133;-2.09595552426992;-13.9992591373202;11.1286104533063
6042;1285;5984;145;153;-17.3936890393086;-16.0073946781887;-14.3026465859503;-12.5574071323571;-3.31719516995379;-16.7005418587487;-2.09866817725862;-14.0024776135432;11.1432259542561
6063;1289;6005;145;153;-17.4006954690282;-16.0144011079083;-14.3096530156699;-12.5486652051086;-3.31676134896677;-16.3020831803601;-2.101963496167;-14.0012280640742;11.1539785110544
6083;1295;6023;145;153;-17.4066815060874;-16.0203871449676;-14.3156390527291;-12.5546512421678;-3.31669570315867;-16.3080692174193;-2.10622495063367;-14.0012421814929;11.1781227602334
6103;1300;6045;145;153;-17.4139735260978;-15.8045356136637;-14.3229310727395;-12.5464390756422;-3.31873040950493;-16.3153612374297;-2.10710230963375;-13.9997615811447;11.1991685587927
6123;1306;6066;147;153;-17.4209093764971;-16.0346150153772;-14.3298669231387;-12.5688791125774;-3.31752876375078;-16.3222970878289;-2.10892536974244;-14.0266064634726;11.2270950471015
6143;1308;6085;147;153;-17.4271640108433;-16.0408696497234;-14.3361215574849;-12.5751337469236;-3.3195295101557;-16.3285517221751;-2.10770562005131;-14.0276778992508;11.250880776015
6163;1312;6104;147;153;-17.4333991459286;-16.0471047848087;-14.3423566925703;-12.565864695473;-3.31881786310427;-16.3347868572605;-2.1067331883429;-14.0249628755807;11.2587175749197
6183;1318;6134;152;153;-17.4432046893484;-16.0569103282285;-14.398682251625;-12.5990176028898;-3.31920993130308;-16.3445924006803;-2.10501897230361;-14.0896662057417;11.2858218408914
6204;1320;6156;152;153;-17.4503649899175;-16.0640706287976;-14.4058425521941;-12.6061779034589;-3.32215979810019;-16.3517527012494;-2.10721894124836;-14.0918876980192;11.3057223082506
6225;1323;6175;152;153;-17.4565283229924;-16.0702339618725;-14.4120058852689;-12.6044980590727;-3.31973241037854;-16.3579160343242;-2.11163764371461;-14.0952325883946;11.3311041753962
6246;1326;6193;152;153;-17.4623498018761;-16.0760554407562;-14.4178273641527;-12.6103195379565;-3.31946541541875;-16.363737513208;-2.11298818124748;-14.0973087200023;11.3508451129924
6267;1330;6216;152;153;-17.469763784095;-16.0834694229751;-14.4019813385541;-12.6177335201753;-3.31949388424785;-16.3711514954269;-2.11325776526381;-14.0948143885827;11.3497491613897
6288;1334;6238;152;153;-17.4768297943355;-16.0905354332156;-14.3857873409772;-12.6170173899738;-3.31881522751829;-16.3782175056674;-2.11546243686956;-14.0931734520436;11.3497519170896
6310;1338;6258;152;153;-17.4832318484577;-16.0969374873378;-14.3921893950993;-12.6156973980021;-3.32013532647706;-16.3846195597895;-2.12091758023041;-14.0905313308843;11.3385892206425
6500;1365;6439;153;153;-17.5402570550764;-16.1539626939565;-14.3622032247284;-12.6424172551255;-3.31280904654134;-16.4416447664083;-2.13450689860828;-14.1013150793933;11.366663592443
7000;1429;6935;153;153;-17.6886726654979;-16.0792347530638;-14.4305761274764;-12.613498850264;-3.31174679685374;-16.302378304378;-2.16766665827237;-14.1017861278813;11.4769386523612
8000;1552;7943;153;153;-17.9600926332663;-16.014182484211;-14.4337321086501;-12.6129851025488;-3.32142293807309;-16.5737982721464;-2.24056949899386;-14.1304833318896;11.8854638022051
8500;1600;8444;153;153;-18.0824228179364;-16.1365126688811;-14.44483665821;-12.6017838945944;-3.32536400193062;-16.4729849055023;-2.27317880856551;-14.1441052493071;12.0713322465119
9000;1653;8973;153;153;-18.2039506945961;-16.1245091529163;-14.4662810763127;-12.6167020361959;-3.33572903923691;-16.594512782162;-2.30494357765879;-14.1677837929006;12.3280227034299
9500;1697;9499;153;153;-18.3178836177804;-16.1206590404441;-14.4892422212913;-12.6141011431242;-3.33979866610625;-16.5261241485523;-2.33024785278495;-14.1838991946839;12.4778301788577
10500;1805;10533;153;153;-18.5245369296731;-16.1266416568747;-14.4814856618385;-12.5976109037027;-3.34353796104549;-16.5786267806178;-2.39061054857689;-14.1862249304221;12.6386352903353
11000;1856;11066;153;153;-18.6232652469161;-16.1383585971281;-14.4801305205246;-12.6022418975666;-3.34862630967027;-16.4260406695799;-2.42252786866367;-14.2111707407141;12.8668392849595
11500;1897;11542;153;153;-18.7074956705418;-16.2225890207538;-14.4879879653657;-12.6252767601654;-3.35256459627659;-16.4049105775478;-2.45684984569667;-14.2233000905763;12.9634034469364
12500;1954;12505;153;153;-18.8677676866234;-16.2287103570082;-14.5110588599338;-12.6333569609051;-3.34800352229509;-16.5651825936294;-2.4908285773526;-14.265413254995;13.3424615453903
13500;2035;13540;153;153;-19.0268070929325;-16.2542183706928;-14.5269974226023;-12.6382456873869;-3.34482299158913;-16.7242219999385;-2.54514265526882;-14.2813191818155;13.5084781933608
14000;2070;14023;153;153;-19.0969082354533;-16.2065364775571;-14.5751196584043;-12.6261087316707;-3.33816983689449;-16.7943231424593;-2.56715747404207;-14.2904992408036;13.6172536829591
14500;2111;14534;153;153;-19.1684920223532;-16.2240530431867;-14.5633218363651;-12.6318004247619;-3.33903249881236;-16.8659069293591;-2.58646715408988;-14.2854660527102;13.6193807901546
15000;2139;15012;153;153;-19.2332103205098;-16.2374780469558;-14.5510790933856;-12.633339821297;-3.33723674275216;-16.9306252275158;-2.60714562191693;-14.2952820696519;13.7240191306344
15500;2171;15508;153;153;-19.2982225975816;-16.3024903240276;-14.5797237262865;-12.6466507239919;-3.33989929847988;-16.9956375045876;-2.63102082079477;-14.306980385115;13.8249575249332
16000;2200;16018;153;153;-19.3629367377673;-16.3184143000438;-14.5754449949852;-12.6659024901008;-3.330711442284;-17.0603516447732;-2.65236637244745;-14.3213377681908;13.9252593936852
16500;2242;16506;153;153;-19.4229584603053;-16.3319160069469;-14.5866765533538;-12.643036552833;-3.33556782023471;-17.1203733673112;-2.66876598964135;-14.3215408411632;14.0259559857826
17000;2272;17014;153;153;-19.4835836270717;-16.3055297967237;-14.5709287413356;-12.6398336780654;-3.32716843812722;-17.1809985340776;-2.68329047508916;-14.3264827440658;14.1187880689084
17500;2301;17514;153;153;-19.5415116801643;-16.3634578498164;-14.5856846225631;-12.6387689430057;-3.33305461984616;-17.2389265871703;-2.70157410891944;-14.3415747946326;14.2861218123663
18000;2341;18033;153;153;-19.5999173834145;-16.3418208453931;-14.5760368625683;-12.643371940263;-3.33352863194172;-17.2973322904205;-2.72848352995304;-14.3460000747323;14.3832179800172
18500;2373;18558;153;153;-19.6573124838262;-16.3614756178219;-14.5821386685924;-12.6380158301112;-3.3373142419552;-17.3547273908322;-2.74226434035276;-14.3523166941674;14.5080922377994
19000;2405;19052;153;153;-19.7098547238415;-16.342558893855;-14.5858907444382;-12.6485203569311;-3.33695252692685;-17.4072696308475;-2.75697266966361;-14.3543158728866;14.542129198029
20000;2470;20053;153;153;-19.8122680949541;-16.3465321921543;-14.5652440227936;-12.6314368959095;-3.33133985731186;-17.4143728221557;-2.792895456444;-14.3543005645647;14.6397189473199
21000;2525;21043;153;153;-19.9086464844772;-16.3251275460211;-14.5759276912119;-12.6238255719086;-3.33177044993878;-17.5107512116789;-2.81841756875209;-14.3728749237623;14.909358507905
22000;2577;22018;153;153;-19.9992311592607;-16.4157122208046;-14.5875851074057;-12.6429512827099;-3.33317133758743;-17.6013358864623;-2.86306289244119;-14.3854706644575;15.0485653520005
24000;2682;24136;153;153;-20.1829195616778;-16.4217194459842;-14.6069704585315;-12.6354178788628;-3.33416102740304;-17.6179702042163;-2.90812197527676;-14.4104439977408;15.447168622552
24500;2715;24636;153;153;-20.2239281336139;-16.3952867371248;-14.6071570359473;-12.6356044562786;-3.33618269935964;-17.6589787761523;-2.91878153882184;-14.4026548566575;15.3720189103199
25000;2748;25134;153;153;-20.2639535803502;-16.3927525694423;-14.6009931002142;-12.6334923185666;-3.33396306748472;-17.6990042228886;-2.92755704402482;-14.4033748268802;15.4127871291339
25500;2776;25664;153;153;-20.3056890213325;-16.4138687232219;-14.6085955348271;-12.6375953122501;-3.33351443921875;-17.7407396638709;-2.93854363024326;-14.4087473043693;15.4553080887802
26000;2809;26218;153;153;-20.3484029535155;-16.3971592349341;-14.605399765706;-12.6422399833159;-3.33172361923892;-17.7093456239003;-2.96011763629586;-14.4125146154228;15.5076382066914
26500;2845;26730;153;153;-20.3870836182659;-16.3980995717017;-14.6063401024736;-12.6403507105123;-3.32937180090768;-17.7480262886507;-2.9789629883796;-14.407672254146;15.4786702902195
27500;2889;27752;153;153;-20.4621263772992;-16.436774686564;-14.6013401538333;-12.6360823637802;-3.32823440951317;-17.6895376550594;-3.00611659092665;-14.4192261712266;15.6815466572352
28000;2910;28267;153;153;-20.4989006509904;-16.4045560887683;-14.6017467833536;-12.6344807459958;-3.32810541938395;-17.7263119287506;-3.01966830587355;-14.4235831167071;15.7673572017756
28500;2933;28790;153;153;-20.5355667672124;-16.3924320408209;-14.6006725715929;-12.6341894134198;-3.32673576939658;-17.6451950093163;-3.02872226984926;-14.4215997886492;15.8057372561456
29000;2958;29265;153;153;-20.5682950834506;-16.409412000091;-14.5970332436602;-12.6344982086352;-3.32717505838278;-17.6779233255545;-3.03898124161237;-14.4205422107846;15.7916606296275
29500;2983;29773;153;153;-20.6027144430449;-16.4130597010185;-14.5939012576023;-12.644137539231;-3.326879095986;-17.7123426851488;-3.04707531630507;-14.4231294532376;15.8002894249113
30000;3001;30266;153;153;-20.6355604984939;-16.4160527933178;-14.6024742766951;-12.641265512078;-3.32915507048517;-17.7451887405978;-3.0585846739452;-14.430353369545;15.8817763646116
30500;3024;30767;153;153;-20.6683959320007;-16.4199006899513;-14.6069390130726;-12.6383118377331;-3.32732890788273;-17.7780241741045;-3.06914229435408;-14.421452783469;15.7638074852795
31000;3044;31237;153;153;-20.6987171372251;-16.422051018209;-14.60514736718;-12.6388088026468;-3.32669439562459;-17.8083453793289;-3.08294403664361;-14.4226487752202;15.7480107028181
31500;3070;31758;153;153;-20.7317998821721;-16.4143117686358;-14.6093070726577;-12.6438523275294;-3.32850748483871;-17.8414281242759;-3.09786186940112;-14.4295693937566;15.8594910379407
32500;3105;32759;153;153;-20.7938660249412;-16.4371571982516;-14.6200799210392;-12.6477365149158;-3.33028712202579;-17.8494270457747;-3.11619202632323;-14.440325343264;15.9551984940868
33000;3125;33261;153;153;-20.8242816368809;-16.4675728101913;-14.6197238743122;-12.6456428482902;-3.3309647057039;-17.8798426577145;-3.12609690797482;-14.4482060100061;16.0708580594044
33500;3146;33728;153;153;-20.8521672638021;-16.4577181091296;-14.6216858162236;-12.6469488374067;-3.330748074731;-17.9077282846356;-3.13667203121832;-14.451732185117;16.1499817197432
35000;3209;35248;153;153;-20.9403281380842;-16.462991323606;-14.6267800918072;-12.6348441203566;-3.3328338988538;-17.9445958645303;-3.15763458860131;-14.45314615497;16.2277669113043
35500;3230;35716;153;153;-20.9667080932742;-16.4668984229439;-14.6210717324456;-12.6324766635394;-3.33202236773983;-17.9709758197202;-3.16574581265519;-14.4516653541538;16.2344219921174
36000;3248;36242;153;153;-20.9959478925442;-16.4741593154952;-14.6226281029672;-12.6375159935129;-3.33151414172703;-18.0002156189902;-3.17371799225593;-14.4589333911998;16.3451241772446
36500;3270;36731;153;153;-21.0227527282883;-16.4688758366878;-14.6175242702575;-12.6381770614869;-3.33463702068052;-17.9782302905649;-3.1793019220823;-14.4591531728001;16.4080136721885
37500;3321;37776;153;153;-21.0788585186506;-16.4736883326625;-14.6173903422969;-12.6407085345748;-3.33199930444228;-17.2721960288803;-3.19804151995018;-14.452843259145;16.3314459665739
38000;3340;38277;153;153;-21.1052089451797;-16.4608180460383;-14.6190481562356;-12.6433170695486;-3.33043670626846;-17.2765675486906;-3.20808424738897;-14.4582804320586;16.3991898483156
38500;3353;38821;153;153;-21.1334332326176;-16.4794728824601;-14.618720541745;-12.6421734232278;-3.32855292470437;-17.3047918361285;-3.21257211786499;-14.461275615607;16.4147180308753
39500;3408;39858;153;153;-21.1861568337866;-16.4499583853921;-14.6069056217765;-12.637464975311;-3.32815871069794;-17.3149558228787;-3.22668861829025;-14.452153805543;16.3648284090661
40000;3429;40371;153;153;-21.2117339688193;-16.4581437777129;-14.6105038500904;-12.6355174369536;-3.32794770781634;-17.3405329579114;-3.23597324675121;-14.4530181018645;16.395869206344
40500;3448;40841;153;153;-21.2348835155541;-16.4557600224426;-14.6121471916043;-12.6362946859339;-3.32745333315426;-17.3636825046462;-3.24832553570575;-14.4538378089377;16.4077716403565
42500;3522;42816;153;153;-21.3293342869758;-16.4773040230562;-14.6249199320117;-12.6324897673215;-3.329195644943;-17.4581332760679;-3.28351855627198;-14.4619770938849;16.5711393061241
43000;3541;43326;153;153;-21.3530163913585;-16.4702144687721;-14.6243877782738;-12.629785116531;-3.33005135979437;-17.4818153804506;-3.29131198036736;-14.4628758903022;16.6007324617417
43500;3555;43824;153;153;-21.3758737830057;-16.4780339830548;-14.6306374335214;-12.6323421493788;-3.32923736104177;-17.5046727720978;-3.29758997207811;-14.466982717504;16.6434273291289
44000;3570;44326;153;153;-21.3986533826392;-16.4786724568111;-14.6290114057867;-12.6330388327245;-3.32807941463041;-17.5274523717313;-3.30780016437751;-14.469208425288;16.6850953297362
44500;3583;44811;153;153;-21.4204178479568;-16.4787754253475;-14.6359607853192;-12.6347254035056;-3.32765226108462;-17.5492168370489;-3.31787255577922;-14.4739980662768;16.7506436295477
45000;3605;45325;153;153;-21.4432280712461;-16.4734147716701;-14.6297834717352;-12.6339624590768;-3.32747837837966;-17.5720270603382;-3.32496580922274;-14.4760597196867;16.799188173562
45500;3621;45815;153;153;-21.4647336547986;-16.4949203552226;-14.6360215831569;-12.6424114773269;-3.32505812322079;-17.5935326438907;-3.33344929188568;-14.4824758151965;16.8752860165824
46000;3636;46320;153;153;-21.4866582244938;-16.5168449249178;-14.635473297;-12.6473815339084;-3.32500316427675;-17.6154572135859;-3.34224575228048;-14.4891483966788;16.9615437306077
46500;3649;46837;153;153;-21.5088575356763;-16.5116452619121;-14.6419242512144;-12.6467988582808;-3.32601314301688;-17.5968345302481;-3.34777581699183;-14.4921284634369;17.0095446748228
48000;3693;48291;153;153;-21.5700009737487;-16.5201449664991;-14.6473570822728;-12.6553748459215;-3.3258574282937;-17.6579779683205;-3.37184563470239;-14.5022125393676;17.1452579795991
48500;3708;48740;153;153;-21.5885106543584;-16.5322648490101;-14.6492567083169;-12.6539237839687;-3.32649627058831;-17.6764876489302;-3.37942940152861;-14.5027988416003;17.1842140031799
49500;3733;49668;153;153;-21.6262322830735;-16.5386359478411;-14.6536260317717;-12.6478239684446;-3.32638812712677;-17.7142092776453;-3.3914182124214;-14.5101941250541;17.2882577360559
50500;3762;50594;153;153;-21.6631765423393;-16.539212562936;-14.6582945526264;-12.6527515955581;-3.32546638311234;-17.7511535369111;-3.41395947192157;-14.5131126535986;17.310893788943
51000;3790;51063;153;153;-21.6816308869522;-16.5576669075489;-14.6587628008695;-12.6504171808734;-3.32660185950949;-17.7303871683707;-3.42565093337878;-14.5109496632997;17.3018929698569
52500;3835;52566;153;153;-21.7396496037888;-16.535642916712;-14.6529116692783;-12.6467423287048;-3.3293960848856;-17.6792065932424;-3.44782948606459;-14.5097999242612;17.2879366384273
53500;3867;53555;153;153;-21.7769288843975;-16.5351818693378;-14.662159436031;-12.650513747359;-3.33116617927048;-17.5428223798002;-3.46279698410727;-14.5115753411087;17.2898805995439
54000;3888;54027;153;153;-21.7944784011761;-16.5214788426124;-14.6556114012306;-12.6502778317045;-3.33089172361371;-17.5603718965789;-3.46987588690289;-14.5058183048361;17.2067903674005
54500;3895;54507;153;153;-21.8121688255411;-16.5340541663106;-14.6591171906036;-12.6555457360709;-3.33098591432838;-17.535502706525;-3.47471748472037;-14.5068754426787;17.2032712612758
55000;3909;55011;153;153;-21.8305768884345;-16.54230985774;-14.6535581225246;-12.6562782878056;-3.33103949374233;-17.5539107694185;-3.48206502558105;-14.5097183106147;17.2649873399007
56000;3931;55991;153;153;-21.8658924850313;-16.5187849543138;-14.6580326135988;-12.6573537350017;-3.3303832168072;-17.5091836583417;-3.48824505376199;-14.5120920411311;17.3074488627374
56500;3944;56487;153;153;-21.8835316043291;-16.5364240736116;-14.6565955858358;-12.6596828823281;-3.33118288157984;-17.5268227776395;-3.49275355264165;-14.514488439835;17.3691300571684
58000;3989;57953;153;153;-21.9347752323882;-16.5231291805332;-14.650640426193;-12.6509056271239;-3.33134042518632;-17.5039584335449;-3.50724141448122;-14.5050132664273;17.2531436990557
58500;4003;58473;153;153;-21.9526407764335;-16.5232951474791;-14.6514929705775;-12.6504507508274;-3.33116002538009;-17.5218239775902;-3.51032924395717;-14.5040918823428;17.2792460694324
59000;4019;58975;153;153;-21.9697378085518;-16.5230004368854;-14.6432721947114;-12.6517994259776;-3.33196216957943;-17.5389210097084;-3.51544898631614;-14.5028361649812;17.2586553763996
59500;4034;59434;153;153;-21.9852434643403;-16.5214116593146;-14.6457057689326;-12.6502106484068;-3.33250427310814;-17.5193353456857;-3.51980855658839;-14.5045454218131;17.3115613972147
61000;4073;60885;153;153;-22.0334842358822;-16.5322260253375;-14.6408367151606;-12.6480147776936;-3.33074309150737;-17.4691360444144;-3.52959380136792;-14.507707700149;17.3914631120776
61500;4086;61379;153;153;-22.0496460721785;-16.5281851543162;-14.6392989743574;-12.6500085296719;-3.32981229948005;-17.4852978807106;-3.53610325167362;-14.5087566733599;17.4111455197459
62000;4102;61881;153;153;-22.0659369297334;-16.536507842222;-14.6393878573361;-12.6520028656877;-3.33094051737376;-17.5015887382656;-3.54522575482047;-14.5117729747632;17.454576919998
63000;4134;62883;153;153;-22.0980622717773;-16.5373806407618;-14.6468205867897;-12.6526497776217;-3.33024748083891;-17.5029424216428;-3.55728349384617;-14.5150760760918;17.5331123615928
64000;4172;63896;153;153;-22.1300240811944;-16.5316021221961;-14.6445324731637;-12.6504202222905;-3.32889634869594;-17.5050512679102;-3.5709821580865;-14.511633867431;17.5172416783264
64500;4184;64405;153;153;-22.1458930976604;-16.5400910313644;-14.6470233636834;-12.6524812657901;-3.32800684234978;-17.436362896348;-3.57886191107137;-14.5138473335044;17.543306713909
65000;4203;64891;153;153;-22.160928436383;-16.5261388332137;-14.6390691841814;-12.6549378223058;-3.32700128398411;-17.4247299879885;-3.58769232729857;-14.5135842589144;17.5566100037291
65500;4213;65365;153;153;-22.1754844519919;-16.5406948488227;-14.6423256445364;-12.6611950351001;-3.32652814773806;-17.4392860035974;-3.59718626723547;-14.518264197657;17.6117928180908
66000;4221;65879;153;153;-22.1911500101257;-16.5351581993058;-14.646817902072;-12.6582914508622;-3.32715348555319;-17.4549515617312;-3.60388221670794;-14.5211475064974;17.6578068424573
67000;4238;66828;153;153;-22.2197548667553;-16.5533281786429;-14.649311614698;-12.6579129096144;-3.32729294932547;-17.4575809319576;-3.60859430199506;-14.5243057346422;17.7046513694647
67500;4245;67307;153;153;-22.2340390442221;-16.5504592768834;-14.6533392919975;-12.6615586888761;-3.32819416199988;-17.44654730144;-3.61200920406428;-14.5253088391019;17.7407340028514
68000;4257;67820;153;153;-22.2492248313593;-16.5454423567031;-14.6508255020353;-12.6609961190451;-3.32679549149417;-17.4370404759868;-3.62012475126041;-14.5282533301538;17.7822270988325
68500;4268;68318;153;153;-22.2638571080586;-16.5534300906837;-14.6549864788673;-12.6610017871498;-3.32512821170744;-17.4275752011071;-3.62683614305005;-14.5322060663184;17.8266673541171
69000;4282;68854;153;153;-22.2794871995644;-16.5493874165909;-14.6524297825455;-12.657302112516;-3.32550093281882;-17.4196747952028;-3.62905176611062;-14.5288524170365;17.7983964588235
69500;4299;69334;153;153;-22.2933813707075;-16.550378182898;-14.6484620257486;-12.6563363876307;-3.3262886090576;-17.4335689663458;-3.63576218399472;-14.5288453836232;17.8270847700606
70000;4310;69786;153;153;-22.3063773911342;-16.5538047523086;-14.65335697733;-12.6539185934018;-3.32588395291944;-17.4465649867725;-3.6412298135888;-14.5319504491578;17.8755874970601
71500;4348;71208;153;153;-22.3467209012775;-16.5659773854852;-14.6596407454944;-12.6581607452843;-3.32620951319781;-17.4869084969159;-3.6583381639132;-14.5384158763615;17.9952867676241
72000;4356;71707;153;153;-22.3606873016641;-16.5707271307669;-14.6626581313913;-12.6629946621076;-3.324595679125;-17.5008748973025;-3.66449480153334;-14.5424604745172;18.0445942006366
73500;4395;73239;153;153;-22.4029666899082;-16.5681559528456;-14.6618675998729;-12.6619980668699;-3.3233920427129;-17.5201647673218;-3.67843790968331;-14.541716621912;18.0651243064636
74000;4410;73737;153;153;-22.4165199749561;-16.5758783175827;-14.660324631008;-12.6636227810524;-3.32374987837476;-17.5337180523697;-3.68416815929302;-14.5441709604086;18.1113377417448
74500;4422;74263;153;153;-22.4307362510292;-16.5785337712547;-14.6651671699319;-12.6640998812422;-3.32326589308379;-17.5479343284428;-3.68764588717779;-14.5460143601535;18.1385394940141
75000;4433;74762;153;153;-22.4441300269712;-16.5833438035053;-14.6629915171262;-12.6638275750055;-3.32276944429775;-17.5613281043848;-3.69165051434208;-14.5489811031622;18.1829709320989
76500;4475;76298;153;153;-22.4848040092184;-16.5767210710495;-14.6575631074656;-12.6674191557357;-3.32510328619831;-17.57952923078;-3.70644430352193;-14.5476084046318;18.1871127760724
78000;4512;77772;153;153;-22.5230734964314;-16.5881793008118;-14.6559679961147;-12.6694066388793;-3.32200374023621;-17.5958198112742;-3.71985309581071;-14.5513084121974;18.2725240573979
78500;4526;78308;153;153;-22.5368100957929;-16.5835667615051;-14.6537407444871;-12.6710244104408;-3.32137662169207;-17.5880502054147;-3.72185569505698;-14.5488195941572;18.2234966949178
79000;4546;78847;153;153;-22.5505290894857;-16.584382350362;-14.6539763878426;-12.6692871458969;-3.32001960683179;-17.6017691991075;-3.73036764834544;-14.550218799157;18.2473534462098
79500;4559;79370;153;153;-22.5637514841698;-16.5823372729154;-14.6560998894588;-12.6709205118222;-3.320664545659;-17.6149915937917;-3.7364499734734;-14.5519595414737;18.2729613119216
80000;4574;79856;153;153;-22.5759605834188;-16.5844960363108;-14.6558773843655;-12.6714735305496;-3.3195700897762;-17.6272006930406;-3.74367319592124;-14.5513749202691;18.2619015423993
82000;4608;81794;153;153;-22.6239183405347;-16.5908321187359;-14.6583727674047;-12.6672218296675;-3.32193646740714;-17.633485753756;-3.75891870801711;-14.5518262543814;18.2387643389199
82500;4626;82313;153;153;-22.6365686657575;-16.59631395448;-14.6572297704951;-12.6661704079387;-3.32197237782539;-17.6461360789787;-3.76414364706383;-14.5508574307968;18.250259696072
84000;4662;83857;153;153;-22.6737364923519;-16.5689432599369;-14.6541236979516;-12.6560277957258;-3.3210409226016;-17.5497725129487;-3.77691385937605;-14.5384984533028;18.0654199349961
84500;4674;84368;153;153;-22.6858869235405;-16.5546604340574;-14.6483437384218;-12.6563836504215;-3.32149024424824;-17.5619229441372;-3.77954230213854;-14.5358528688142;18.0485568165632
86000;4709;85937;153;153;-22.7227394972886;-16.5573216430571;-14.6524586038947;-12.6586222988275;-3.32105973973462;-17.5752450204751;-3.79286260244033;-14.5373952698273;18.0895209503837
87000;4728;86923;153;153;-22.7455558965417;-16.5655392428891;-14.6539284849406;-12.6590803426684;-3.32082973005161;-17.5980614197282;-3.80193918199019;-14.5419621371991;18.1791366064247
88500;4768;88399;153;153;-22.7792318726891;-16.5807531561968;-14.6477011620849;-12.6580556195217;-3.32371584856391;-17.6317373958757;-3.82057016932497;-14.5432206154594;18.1978919732024
89000;4778;88887;153;153;-22.7902423581761;-16.5756342597539;-14.6493438975683;-12.6513665279093;-3.32403709923395;-17.619758363138;-3.82314700250383;-14.5448702531255;18.2353014997196
89500;4788;89381;153;153;-22.8013268212203;-16.5787505531489;-14.6508589095963;-12.6516043861465;-3.32298150282799;-17.5863910636113;-3.82717749330647;-14.5465504229704;18.2618563473059
91500;4830;91436;153;153;-22.8467891059599;-16.5891215180772;-14.6531124400046;-12.6572207623389;-3.32597334993803;-17.6103471431299;-3.84892802363224;-14.5519752454067;18.356965012536
92000;4844;91901;153;153;-22.8569343793548;-16.5840573728086;-14.6457230175618;-12.6569041259347;-3.32599256138217;-17.6204924165248;-3.8515498398848;-14.5488189638142;18.3515068117474
92500;4854;92378;153;153;-22.867288268085;-16.5906447787434;-14.6412498385995;-12.6540025175324;-3.32609165332172;-17.6308463052551;-3.85501915044731;-14.5495338609407;18.3724791364181
93000;4869;92871;153;153;-22.8779334249039;-16.5789841780479;-14.6415128976385;-12.6512036245174;-3.32682052358482;-17.6204380528761;-3.86007083926572;-14.5452472617331;18.2783143212784
93500;4878;93380;153;153;-22.8888649370499;-16.586245961305;-14.6416448843046;-12.6541330754368;-3.32591811841804;-17.6313695650221;-3.86378263974285;-14.5483941473499;18.3155563555808
95000;4904;94974;153;153;-22.9227168978276;-16.5805954791064;-14.6455591253958;-12.6600176217008;-3.32621067993606;-17.6243995312796;-3.87335332120375;-14.5498166784522;18.3628394030764
96500;4934;96505;153;153;-22.9547001989126;-16.5865130125621;-14.6487219879453;-12.6575502503875;-3.32432082649709;-17.6365802050684;-3.88629089013215;-14.5526803136836;18.3922799593802
97000;4944;96962;153;153;-22.9641488563062;-16.5840263194065;-14.6488270809287;-12.6563969162385;-3.3244010418055;-17.646028862462;-3.88758653901295;-14.5501434977134;18.377210869923
97500;4952;97437;153;153;-22.9739225885848;-16.5836819215195;-14.6469218483431;-12.6549205920875;-3.32416669898352;-17.6558025947406;-3.89004544412733;-14.5516417009537;18.399387216264
99000;4982;98945;153;153;-23.004638838366;-16.5895418791944;-14.6561010129799;-12.6565295691872;-3.3245557071484;-17.648052563694;-3.9038929771156;-14.5556697045314;18.4457900283235
99500;4990;99451;153;153;-23.0148406790715;-16.5981083965591;-14.65875564805;-12.6572883485911;-3.3230747567337;-17.6582544043995;-3.90885152258109;-14.5593635692382;18.4898623569687
1e+05;4996;99948;153;153;-23.0248106594467;-16.5950911814075;-14.657975349619;-12.655233376986;-3.32278222512232;-17.6682243847747;-3.91200955193055;-14.5617292035905;18.5236989077079
100500;5006;100474;153;153;-23.0353085330866;-16.5943619924537;-14.6573774090039;-12.6568298097937;-3.32305242710046;-17.6600301254025;-3.91592096208983;-14.5598413889102;18.4893093599172
102000;5038;101977;153;153;-23.0650051532872;-16.5973064271828;-14.6582966950462;-12.6550313785842;-3.32439370055831;-17.6713776069348;-3.93055407545716;-14.5638121012535;18.5792668495116
102500;5045;102506;153;153;-23.0753532248655;-16.5983808619759;-14.6613007923688;-12.6555451730815;-3.32488535687131;-17.6637071730105;-3.93293734301553;-14.5650178990628;18.6023157894858
103000;5054;103006;153;153;-23.0850850358847;-16.5928452008642;-14.6600071333763;-12.6533249459789;-3.32430849645126;-17.6734389840297;-3.93874337827156;-14.5642696030398;18.5910095619685
103500;5060;103482;153;153;-23.0943059270389;-16.5960237775625;-14.660711759499;-12.6536234957167;-3.32342668973875;-17.6649602980845;-3.94219594611991;-14.5655759512404;18.6242239482991
104000;5071;103984;153;153;-23.1039846402683;-16.5937262997451;-14.66518551628;-12.6545746269287;-3.32346449718721;-17.6746390113138;-3.9456057194133;-14.5646465715679;18.5961486997274
105000;5085;104924;153;153;-23.1219831150785;-16.594025197456;-14.6666653273804;-12.6522730755561;-3.32537685112265;-17.6926374861241;-3.95322281890965;-14.5654421998866;18.5827601213694
105500;5097;105433;153;153;-23.1316619181303;-16.5906319189404;-14.6668152070863;-12.6532196795074;-3.32629487780139;-17.7023162891759;-3.95838207326485;-14.5677291837658;18.621375969546
106000;5106;105892;153;153;-23.1403499715418;-16.5950003112074;-14.666481904864;-12.6515788843217;-3.32611891467306;-17.7110043425874;-3.96012090383745;-14.5668506728439;18.6128725670725
106500;5117;106364;153;153;-23.1492449055463;-16.5981645705029;-14.6691307223715;-12.6514089302729;-3.32595749255613;-17.6854131005207;-3.96336734687664;-14.5670563105726;18.6289210056389
107000;5132;106871;153;153;-23.1587555572761;-16.5906776458642;-14.6674957478864;-12.652839063101;-3.32563052396521;-17.6949237522505;-3.96800201818114;-14.5642200269851;18.5421305604444
107500;5145;107365;153;153;-23.1679790468025;-16.5970960844629;-14.6669152373161;-12.6539653423947;-3.32594705354618;-17.6873401234605;-3.97256384960998;-14.5645517477831;18.5591421995572
108000;5151;107885;153;153;-23.177642247947;-16.5983910359369;-14.6704993923842;-12.6524766640701;-3.32553316871531;-17.6804740226538;-3.97462048765837;-14.5662595387066;18.5973781019766
109000;5164;108905;153;153;-23.1964624430987;-16.60478871109;-14.6713010820332;-12.6550497645028;-3.32453979117625;-17.6830336969337;-3.98199622207565;-14.5688488114323;18.6300377448599
111500;5218;111391;153;153;-23.241603626531;-16.5978138933833;-14.6718179849956;-12.6565355298064;-3.32410697560856;-17.6506166460201;-3.99944365886617;-14.5666388701747;18.5963242268386
112000;5224;111864;153;153;-23.2500782534414;-16.6036877385936;-14.6746161539012;-12.6605940243741;-3.32380126674346;-17.6590912729305;-4.00104846357134;-14.5690240095765;18.6343124332018
112500;5231;112390;153;153;-23.2594604890246;-16.600166569341;-14.6757307738081;-12.6581367664424;-3.3233680866281;-17.6684735085138;-4.00556611632984;-14.5684205001748;18.6232994565923
113000;5241;112868;153;153;-23.2679485465847;-16.5933871547703;-14.6752768939926;-12.6550468410248;-3.32356661808017;-17.6769615660739;-4.01112771358988;-14.5689542165519;18.6423057198081
113500;5247;113388;153;153;-23.2771416891413;-16.6000582278941;-14.6756073492913;-12.6573765386563;-3.32236306635383;-17.6713396228453;-4.0148653590519;-14.5690280239443;18.6483437501701
114000;5254;113870;153;153;-23.2856254516093;-16.5960261824303;-14.6716685917608;-12.65587030518;-3.32245675273742;-17.6798233853133;-4.01643112655772;-14.5685067677154;18.6543766682641
115000;5265;114918;153;153;-23.3039482190614;-16.5983091242014;-14.6753925597917;-12.6590949136949;-3.32099283944366;-17.6691586158922;-4.02171615392944;-14.568273982146;18.5985554509514
116000;5278;115938;153;153;-23.3216216888861;-16.5977892480649;-14.674980430283;-12.6601359834704;-3.31990059755815;-17.6868320857169;-4.02432432914445;-14.5699589038224;18.6397232517826
116500;5286;116426;153;153;-23.3300223140684;-16.5918698194725;-14.6737630745292;-12.6584656544551;-3.32005275419168;-17.6810480759072;-4.02647027856575;-14.5688493595394;18.6317125014897
119000;5329;118888;153;153;-23.3718743048768;-16.6056825902165;-14.6678696513938;-12.6590578174913;-3.32039555819897;-17.7229000667156;-4.03968227643442;-14.5716675345953;18.726733840435
119500;5338;119397;153;153;-23.3804187079937;-16.6050526170573;-14.6696343675253;-12.6577021364265;-3.32030038151365;-17.7174582278577;-4.04282525763343;-14.572225687549;18.7325102251111
120500;5354;120409;153;153;-23.3972991197874;-16.5993587068125;-14.6721166248287;-12.6555472438155;-3.32027984329606;-17.7205453175192;-4.04769449528194;-14.5695465745534;18.6620532253472
121000;5366;120924;153;153;-23.4058350561368;-16.6012205360742;-14.6738531177891;-12.6545497681718;-3.31932215336754;-17.7290812538685;-4.05105505363733;-14.5707696374469;18.6856388210986
121500;5377;121431;153;153;-23.4142029584224;-16.6007583589115;-14.6759483818963;-12.6570450359938;-3.31776326552324;-17.7374491561541;-4.05564939242444;-14.5710203897028;18.6924424826171
122000;5387;121926;153;153;-23.422339164616;-16.5979654945729;-14.6740342522364;-12.65273900715;-3.3181870037056;-17.7218955912253;-4.05690216745692;-14.5702763997945;18.6855705659857
122500;5392;122432;153;153;-23.4306221055998;-16.6019100339582;-14.6690719664702;-12.6535843215325;-3.31774306239284;-17.7301785322092;-4.05912710809443;-14.5709181752207;18.6901190019819
123000;5399;122928;153;153;-23.4387081942148;-16.5981616649261;-14.670600654539;-12.6532315415016;-3.31704011901085;-17.7382646208241;-4.06089428247698;-14.5699739831791;18.6611196583648
124500;5430;124320;153;153;-23.4612283312029;-16.6026632964116;-14.6651920160021;-12.654292154806;-3.31642744168307;-17.7182251433935;-4.07081395105669;-14.5694599637627;18.7001280099634
125000;5438;124810;153;153;-23.469095719825;-16.6021624353631;-14.6688310685147;-12.6568457018355;-3.31644595772818;-17.7260925320155;-4.07263581187175;-14.5689644924107;18.6878687435521
125500;5450;125290;153;153;-23.4767726584792;-16.6015405712026;-14.6675070463099;-12.6531418047534;-3.31725865989445;-17.7337694706697;-4.07469783730833;-14.5682270203362;18.6948427266415
126500;5467;126269;153;153;-23.4923396617277;-16.5996980205556;-14.6697227163836;-12.653229449018;-3.31672420829071;-17.7493364739183;-4.08458596851557;-14.5711396408241;18.7347878199886
127000;5474;126769;153;153;-23.5002436232;-16.6055735837665;-14.6723356602214;-12.6528112620079;-3.31706799629691;-17.7164184408703;-4.08990097916458;-14.5721669031027;18.757344141779
128500;5502;128270;153;153;-23.5237853925878;-16.6021272084367;-14.6696914849323;-12.6554455415631;-3.31696281716236;-17.7399602102581;-4.09783936106861;-14.5720647812129;18.7762043559032
130000;5527;129802;153;153;-23.5475309829078;-16.6044085600884;-14.670009529055;-12.6588238290587;-3.31750311491446;-17.7637058005781;-4.10867398141353;-14.5757476202174;18.8289022807264
131000;5542;130827;153;153;-23.563262237443;-16.603863725309;-14.6685919744587;-12.6580771960908;-3.31773746745854;-17.7794370551132;-4.11379681746608;-14.5737144188945;18.766007067736
132500;5566;132325;153;153;-23.5860325934524;-16.6013162733341;-14.6703317744955;-12.655768947867;-3.3173679253989;-17.8022074111226;-4.12063383835411;-14.5735953766915;18.7968228418907
133000;5572;132793;153;153;-23.5930936075837;-16.6037583416091;-14.6685703814497;-12.6582025160729;-3.31695384385309;-17.8092684252539;-4.12312091164923;-14.5742575937883;18.8122011644426
134000;5586;133801;153;153;-23.6082178009798;-16.6051523421933;-14.6707365725637;-12.65906173827;-3.31696363935672;-17.82439261865;-4.12812513398627;-14.5762952695204;18.826943227194
134500;5593;134320;153;153;-23.6159605835028;-16.6092653566658;-14.6701067263753;-12.6592242840501;-3.3168520314692;-18.5855226621104;-4.12945428282125;-14.5764104782015;18.8325406031952
135500;5618;135339;153;153;-23.6310760419207;-16.6090996188485;-14.6722786957804;-12.6522960060381;-3.3177395605232;-18.6006381205282;-4.1365024869181;-14.5760674529017;18.8476852906238
137000;5642;136837;153;153;-23.653091430874;-16.6108052589343;-14.6745570207907;-12.6494095084871;-3.31863445469985;-18.6226535094816;-4.14754595097036;-14.5779248190433;18.9013258604855
138500;5659;138307;153;153;-23.6744622619558;-16.6148446336644;-14.6807864751961;-12.650633545288;-3.31790513351036;-18.6440243405634;-4.15524142527473;-14.5830937522479;18.9751257219362
139500;5676;139304;153;153;-23.6888277487184;-16.6155580312587;-14.6781585718713;-12.653599432363;-3.31699775522499;-18.658389827326;-4.16061821649391;-14.5851557780486;19.019173798979
140000;5683;139808;153;153;-23.6960506635023;-16.6093127289917;-14.6780821841736;-12.6555637898934;-3.31630572553314;-18.6656127421099;-4.16080909754409;-14.5824303154581;18.9746757200267
140500;5688;140310;153;153;-23.7032190787761;-16.613142243;-14.6768015449608;-12.6535997216039;-3.31710114966528;-18.6156227435437;-4.16172536511753;-14.5825273493858;18.9808046488637
141500;5698;141299;153;153;-23.7172669830135;-16.6147676272388;-14.676292456671;-12.6573071223003;-3.31653412551731;-18.6296706477811;-4.16835646378928;-14.5853423145645;19.0050314173935
142000;5706;141811;153;153;-23.7245009282388;-16.6146214651665;-14.6773856173656;-12.6570816209139;-3.31609414301944;-18.6369045930064;-4.17090274406672;-14.5846505013268;18.9988456266624
143000;5721;142803;153;153;-23.7384426741406;-16.6099467284606;-14.6759064969328;-12.6573006255964;-3.3166368956737;-18.6508463389082;-4.17359763834908;-14.5848026882809;19.0201518448384
143500;5731;143314;153;153;-23.7455866123662;-16.6138881018992;-14.6756583941067;-12.6600038340234;-3.31654961794787;-18.6579902771338;-4.17471379906592;-14.5845231132415;19.0278517369445
144000;5743;143848;153;153;-23.7530249310229;-16.613364595058;-14.6733628826889;-12.6552664858726;-3.31701804805556;-18.6654285957906;-4.17828346407785;-14.5841125016944;19.0339728533929
144500;5753;144367;153;153;-23.760227894935;-16.6126686237456;-14.6722811711729;-12.6551203036566;-3.31661196283915;-18.5672710440448;-4.18134467023811;-14.5839107512837;19.0371090558272
145500;5766;145343;153;153;-23.7737034904252;-16.6128575837609;-14.6727316555044;-12.6564908421204;-3.31728988130474;-18.580746639535;-4.1862974919879;-14.5855031775461;19.0664699819419
146000;5776;145865;153;153;-23.7808736307935;-16.609216808025;-14.6738957718125;-12.6558189655305;-3.31710776272851;-18.5879167799033;-4.19043329447603;-14.5828304512036;19.0309178774089
146500;5787;146406;153;153;-23.7882777265522;-16.6097322427885;-14.6720282779756;-12.6569494873402;-3.31681219390533;-18.595320875662;-4.19398218057074;-14.5846378889586;19.059257567485
147500;5800;147385;153;153;-23.8016069793027;-16.6101776492663;-14.6685797104292;-12.6524673954491;-3.31701721107651;-18.6086501284125;-4.19776899548824;-14.5857759334591;19.0940488453612
148000;5808;147899;153;153;-23.8085697747016;-16.6126325482261;-14.6708000955603;-12.655438398864;-3.31765099419137;-18.6156129238114;-4.19832605714137;-14.586322094106;19.1154864764503
151000;5851;150954;153;153;-23.8494608672491;-16.6152836874993;-14.6758882194652;-12.6551441454112;-3.31775655320665;-18.6565040163589;-4.21049471963146;-14.5896328458098;19.1802345898677
151500;5858;151460;153;153;-23.8561536853356;-16.6190946592109;-14.6773039804508;-12.6558589381811;-3.317237922033;-18.6631968344454;-4.2142192366434;-14.5910867587539;19.2011287975453
153000;5882;152950;153;153;-23.8757326991581;-16.6215548527016;-14.6735253104121;-12.6552204810156;-3.31661779446651;-18.6827758482679;-4.22135483612261;-14.5907954667571;19.2029099618479
153500;5888;153431;153;153;-23.8820124670964;-16.6165827438425;-14.6711722200786;-12.6551171064956;-3.31732520012983;-18.6890556162062;-4.22364234975065;-14.5871354342008;19.0951042746466
154000;5896;153942;153;153;-23.8886623741575;-16.6148760563126;-14.6703538325321;-12.6546574759705;-3.31813263619642;-18.641638301997;-4.22511784304251;-14.5861340310407;19.0881368137372
155000;5906;154882;153;153;-23.9008376313003;-16.6112271098492;-14.669518852939;-12.6581473251782;-3.31859430691394;-18.6538135591399;-4.22728566756913;-14.586533179992;19.1150741910939
155500;5915;155365;153;153;-23.9070649326469;-16.6126876333581;-14.6694012650218;-12.6549848861749;-3.31897607470274;-18.6600408604864;-4.22927786338712;-14.5855707604762;19.1135472232053
156000;5922;155859;153;153;-23.9134140627252;-16.613616695967;-14.6704129085095;-12.6551228161605;-3.31937045676219;-18.6663899905647;-4.23211341697355;-14.5853285607664;19.1072729007918
157000;5939;156912;153;153;-23.9268808352642;-16.6070159054552;-14.667940793452;-12.6510710791751;-3.31976488828287;-18.6798567631037;-4.23515912776983;-14.5840963107394;19.0865544878648
158000;5958;157908;153;153;-23.9395357278763;-16.6006475940374;-14.6665022865617;-12.6504165337704;-3.31961363275501;-18.6925116557158;-4.24069326893415;-14.5828715233146;19.1029391912835
158500;5969;158427;153;153;-23.9460983967644;-16.6013793426147;-14.6652063688373;-12.6523120117171;-3.31959037834579;-18.6990743246039;-4.24320007335581;-14.5811816709597;19.0725350186486
159000;5987;158960;153;153;-23.9528157544514;-16.5876356284304;-14.6627404144564;-12.6538139746864;-3.32007546304922;-18.7057916822909;-4.24875704045548;-14.5774433910753;19.0322503286481
159500;5993;159482;153;153;-23.9593726843482;-16.5929275360206;-14.6624877109719;-12.6529303297991;-3.31986752817953;-18.7123486121877;-4.25053589900059;-14.5775499268626;19.0402826340669
160000;5998;159962;153;153;-23.9653831320167;-16.596412729822;-14.6615524169532;-12.65134772656;-3.31951596903374;-18.7183590598563;-4.25402352710433;-14.5789838851712;19.0611027343718
161000;6009;160972;153;153;-23.977971431597;-16.600837718763;-14.6650744712957;-12.6533051160875;-3.31999425947559;-18.7309473594365;-4.2586363592588;-14.581418071787;19.1072014154662
161500;6014;161441;153;153;-23.98379005964;-16.5973192108101;-14.6662109369942;-12.651990866102;-3.32022526651448;-18.7367659874795;-4.26043736151802;-14.5817614347624;19.1186811110525
163500;6048;163418;153;153;-24.0081332289194;-16.5977861310984;-14.6589008580766;-12.6510548819142;-3.32062302968025;-18.6657989769546;-4.27242245528994;-14.582872250194;19.1564067718086
164000;6057;163897;153;153;-24.0139869214412;-16.5994140400906;-14.6585077837988;-12.6495034618312;-3.32051985856726;-18.6716526694764;-4.27649681250079;-14.5833331434234;19.1751506655733
164500;6066;164411;153;153;-24.020249338683;-16.5996704332722;-14.6597663082771;-12.6512173390874;-3.31996243778475;-18.6779150867182;-4.27828493820941;-14.5843101291334;19.1913545296067
165500;6080;165394;153;153;-24.0321715704369;-16.6056224980396;-14.663546219495;-12.6499244291088;-3.31991158226679;-18.6898373184721;-4.2858709282669;-14.5866684587136;19.23421739963
