22;17;23;7;6;-6.2709884318583;-5.17237614319019;-4.33538792640435;-3.38061667396213;-2.39978742095041;-5.57784125129835;-1.07803158096809;-4.22347446906133;2.80569037546497
43;28;43;11;10;-7.52240023138712;-6.82925305082718;-5.91296231895302;-4.81435003028492;-2.24940067282338;-6.42378794271901;-1.09591177392943;-5.69766281640167;3.91062917999645
64;40;60;18;14;-8.1886891244442;-8.1886891244442;-7.09007683577609;-5.7037824746562;-2.21998156445884;-7.49554194388426;-0.945891201650446;-6.73354917633405;3.98390934735877
84;44;71;18;16;-8.52535975408263;-8.52535975408263;-7.13906539296274;-5.88630242446737;-2.28508390891186;-7.83221257352269;-0.967886852467884;-6.95082400037675;4.22101851200203
107;53;95;19;19;-9.10775378320108;-8.41460660264114;-7.49831587076698;-6.39970358209887;-2.21207108545321;-8.00914149453297;-1.03466258350793;-7.30945283025485;4.49591028949182
127;67;117;19;22;-9.52434786959551;-8.83120068903557;-7.73258840036746;-6.30547204472731;-2.32094234851242;-8.4257355809274;-1.10874453394091;-7.48328018051438;4.72534406903172
147;82;141;19;29;-9.89751978075634;-8.79890749208823;-8.10576031152828;-6.90178750720235;-2.30767826857368;-8.51122541963645;-1.13346651140857;-7.78411488056039;4.7144183107454
167;92;170;20;29;-10.2715968741005;-8.88530251298063;-8.19215533242069;-6.87039949243837;-2.27595326981325;-8.88530251298063;-1.19455934943876;-7.90165464733776;4.94987939436042
188;99;187;20;30;-10.4622172337092;-9.07592287258928;-8.15963214071513;-6.90686917221976;-2.39381427513947;-8.67045776448112;-1.20499327583414;-7.96805491552974;5.2961929756691
208;108;204;22;33;-10.6362399876884;-9.53762769902032;-8.33365489469439;-7.08089192619902;-2.43102156129302;-9.94309280712849;-1.17708831764946;-8.20509715923989;5.30536612803554
230;114;225;27;33;-10.8322008044088;-10.1390536238489;-8.752759262729;-7.30584027979268;-2.40800047984177;-9.73358851574073;-1.14898592809524;-8.53020944819754;5.50280561429765
250;122;238;30;35;-10.944541347343;-10.251394166783;-8.86509980566311;-7.61233683716775;-2.43336622825227;-9.84592905867484;-1.13684909226169;-8.75354819392584;5.52877461910761
271;130;256;32;36;-11.0903548889591;-10.3972077083992;-9.14444473990381;-7.77633420086936;-2.41615794873322;-9.70406052783923;-1.15159672234108;-8.91427506782897;5.72762087617008
291;137;275;33;36;-11.2335421953331;-10.5403950147732;-9.15410065365331;-7.83234481367099;-2.32498282018824;-9.84724783421325;-1.28987285316418;-8.99536458093499;5.8644605393275
311;144;297;35;36;-11.3874642776054;-10.6943170970455;-9.30802273592556;-7.98626689594324;-2.31179880895582;-10.0011699164855;-1.34752460193377;-9.13234110468529;6.02081311707205
331;150;313;37;36;-11.4924063810803;-10.7992592005204;-9.41296483940047;-8.09120899941815;-2.31252521658883;-10.1061120199604;-1.34809254237766;-9.22447338747001;6.16505907180311
351;155;334;38;36;-11.6222819859534;-10.9291348053935;-9.31969689295935;-8.09635417447545;-2.30488254168381;-10.2359876248335;-1.36648400011363;-9.28614064132906;6.25983767003779
371;162;356;40;36;-11.7498614617041;-11.0567142811441;-9.44727636871002;-8.19451340021465;-2.31294344167939;-11.0567142811441;-1.3436308615953;-9.34592618259127;6.302647786235
392;168;379;40;37;-11.8750724101649;-11.1819252296049;-9.57248731717081;-8.18619295605092;-2.27661656841562;-11.1819252296049;-1.37594025843002;-9.42813147081187;6.47575740680117
413;172;401;40;37;-11.9879228546131;-11.2947756740532;-9.59002758181477;-8.25025323632977;-2.29244396580695;-11.2947756740532;-1.40444935179489;-9.47969175289774;6.71319506742236
434;179;422;40;38;-12.090010628072;-11.3968634475121;-9.60510397828402;-8.27235868494232;-2.31720139917801;-11.3968634475121;-1.42960329207888;-9.53598675377861;6.88492090603221
455;189;443;40;41;-12.1871395400903;-11.4939923595303;-9.88455444709623;-8.49826008597634;-2.34723096919701;-11.4939923595303;-1.43102549244888;-9.66406243068032;7.07563661646775
475;194;459;40;41;-12.2581004201211;-11.5649532395611;-9.86020514732272;-8.45143793035077;-2.34649589948301;-11.5649532395611;-1.46267630557938;-9.69112306425731;7.24200657617952
495;195;471;40;41;-12.3097161880328;-11.6165690074729;-9.82480953824484;-8.43851517712494;-2.32885101447536;-11.6165690074729;-1.48674301272603;-9.7291719558466;7.34984888202703
515;202;490;40;43;-12.3888107822093;-11.6956636016494;-9.90390413242134;-8.51760977130145;-2.35429496726681;-11.6956636016494;-1.48605256952289;-9.77839195715853;7.3021042715552
536;207;507;42;43;-12.4570220071824;-11.7638748266224;-9.97211535739437;-8.65035951741205;-2.3382617977126;-11.7638748266224;-1.5033249052063;-9.84172321852334;7.28918901402271
556;212;525;42;43;-12.5267965251832;-11.8336493446233;-10.0418898753952;-8.65559551427536;-2.35194684906244;-11.8336493446233;-1.52944125500977;-9.8601973467477;7.41658363056845
577;216;543;45;43;-12.5942186398679;-11.9010714593079;-10.1093119900799;-8.74407103815781;-2.35823101503436;-11.9010714593079;-1.52833055891677;-9.98694823011984;7.51537696818687
597;222;567;45;43;-12.6807186074555;-11.9875714268956;-10.1958119576675;-8.78910659928749;-2.3512772803839;-11.9875714268956;-1.54884860486368;-9.99919867492556;7.63874300481456
618;231;595;48;45;-12.7771228110913;-12.0839756305313;-10.3792275382929;-8.88530251298063;-2.37553019919852;-12.0839756305313;-1.56155272113519;-10.1866946803182;7.74609605810004
639;240;615;48;47;-12.843244535613;-12.1500973550531;-10.4453492628147;-8.95142423750241;-2.38725213231943;-12.1500973550531;-1.5458789508211;-10.2107969274994;7.60572543173379
659;244;633;50;47;-12.9009408442884;-12.2077936637284;-10.4595398829952;-9.02973983338046;-2.40866712651702;-12.2077936637284;-1.5358659465969;-10.2727630752601;7.63016529268954
680;254;653;51;53;-12.9631542585529;-12.2700070779929;-10.6605691655588;-9.1789646246346;-2.4037023165845;-12.2700070779929;-1.51182763980159;-10.4749129927579;7.57173704814262
700;258;670;52;53;-13.01455542477;-12.3214082442101;-10.711970331776;-9.2078929349997;-2.38178164505808;-12.3214082442101;-1.53781687956157;-10.5057275165421;7.54015238067209
720;261;688;53;53;-13.0675776758667;-12.3744304953067;-10.7649925828726;-9.1963766649588;-2.37611014962444;-12.3744304953067;-1.53796226611129;-10.5297700458845;7.49044422716068
742;264;707;53;53;-13.1220613317931;-12.4289141512332;-10.8194762387991;-9.210038326365;-2.37899132046753;-12.4289141512332;-1.53692683938113;-10.5355779477143;7.57644559108512
766;274;730;53;55;-13.1860890682849;-12.4929418877249;-10.7881937954865;-9.25426343556055;-2.39656382704561;-12.4929418877249;-1.57253124781011;-10.5841660002575;7.54447245345304
786;280;752;53;56;-13.2454726478997;-12.5523254673397;-10.8475773751013;-9.29422892931825;-2.40174348933361;-12.5523254673397;-1.58414441933912;-10.6185216186879;7.630227554385
806;283;767;53;56;-13.2849736027345;-12.5918264221746;-10.8000669529465;-9.27764041750204;-2.3971629079324;-12.5918264221746;-1.60078752832975;-10.6312111112758;7.67188635544538
828;290;791;55;57;-13.3465959355353;-12.4507162009213;-10.9487006627369;-9.39535221695388;-2.38594328424524;-12.6534487549754;-1.60099647851942;-10.7107812149884;7.63359136963507
848;292;818;55;57;-13.4137246732055;-12.3151123845374;-10.9288180234175;-9.42474062664122;-2.36296166002198;-12.7205774926455;-1.62080662426786;-10.732082952449;7.71097591939127
868;297;840;55;57;-13.4668037836747;-12.3681914950066;-10.9818971338867;-9.37245922145262;-2.35368446896098;-12.3681914950066;-1.63573008879215;-10.7423242706541;7.76084129770423
888;299;854;55;58;-13.4998623875771;-12.401250098909;-11.0149557377891;-9.40551782535504;-2.35204734536675;-12.401250098909;-1.62430277007505;-10.760004155182;7.77325485283081
908;303;877;55;58;-13.5530139847444;-12.4544016960763;-11.0681073349564;-9.40987925835283;-2.3527465782961;-12.4544016960763;-1.64745201410484;-10.7802458188451;7.89571816312115
928;307;895;55;58;-13.5936474365497;-12.4950351478816;-10.9545901069345;-9.40399269452329;-2.35663358843235;-12.4950351478816;-1.65100011821504;-10.774756166435;7.8937578159745
948;316;920;57;58;-13.6487473400862;-12.5501350514181;-11.0096900104709;-9.45909259805975;-2.36513441557568;-12.5501350514181;-1.65221740801521;-10.8174539527694;7.91044994119712
968;319;940;58;58;-13.6917597505281;-12.59314746186;-11.0527024209128;-9.50210500850167;-2.34857926014738;-12.59314746186;-1.65685509472179;-10.8513253698615;7.95641219522817
988;320;951;58;58;-13.7150281250908;-12.6164158364227;-11.0759707954755;-9.52537338306436;-2.35810171380543;-12.6164158364227;-1.67452021930327;-10.8683124166369;8.01033343995386
1000;322;970;58;59;-13.7545921429949;-12.6559798543267;-11.1155348133796;-9.54989952360389;-2.35370499621348;-12.6559798543267;-1.68503820481686;-10.9101993511975;8.03557477882304
1021;324;991;58;59;-13.79742906866;-12.6988167799919;-11.1583717390447;-9.54893382661062;-2.36015430369791;-12.6988167799919;-1.69482428653994;-10.9234936594978;8.11044204684586
1041;330;1013;58;62;-13.8413430084974;-12.7427307198293;-11.2022856788821;-9.59284776644801;-2.36518526771935;-12.7427307198293;-1.71865197190624;-11.0206938825225;8.20329089736673
1062;334;1029;58;62;-13.8726854716681;-12.774073183;-11.2336281420528;-9.61010479113539;-2.35816128533417;-12.774073183;-1.72879146731721;-11.0292357585526;8.26098082541465
1082;340;1054;58;62;-13.9206954582026;-12.8220831695345;-11.2816381285874;-9.58996211791628;-2.36547708104214;-12.8220831695345;-1.75584592929808;-11.0364025334029;8.30940194839509
1102;343;1071;58;62;-13.9526961408955;-12.8540838522274;-11.2446459397933;-9.60889071904181;-2.36061759462118;-12.8540838522274;-1.76953394694843;-11.0516117266825;8.38856767001808
1122;347;1090;58;62;-13.9878659504464;-12.8892536617783;-11.2798157493442;-9.63115712375679;-2.3627731886054;-12.8892536617783;-1.78626830280017;-11.0558814244567;8.44739564576273
1145;354;1110;59;62;-14.0242305886128;-12.6379362274929;-11.3161803875105;-9.64220395393888;-2.3635750116182;-12.9256182999447;-1.79158904304044;-11.0640036047441;8.36813981758274
1165;361;1137;59;62;-14.0722969875011;-12.6860026263812;-11.2997082652613;-9.64148018865776;-2.36526962720136;-12.973684698833;-1.79297388023131;-11.0396079038651;8.28807730212956
1185;366;1167;59;62;-14.1243832645731;-12.7380889034532;-11.3517945423333;-9.65847514591853;-2.37749300965709;-13.025770975905;-1.79222878057186;-11.0441642120389;8.4127573047659
1206;368;1183;59;62;-14.1516177279568;-12.7653233668369;-11.2612459700606;-9.67428091347857;-2.36566200606713;-12.7653233668369;-1.7913101204369;-11.0414115629608;8.41423107731883
1226;374;1207;59;64;-14.1917864421951;-12.8054920810752;-11.3014146842989;-9.6919767718648;-2.36763329119804;-12.8054920810752;-1.79331402940593;-11.0792639197361;8.3259294989966
1247;374;1231;59;64;-14.2311642523689;-12.844869891249;-11.3407924944727;-9.70937567531987;-2.36171885547369;-12.844869891249;-1.80356936914342;-11.0995887898709;8.39888810032075
1267;375;1261;59;64;-14.2793206719298;-12.8930263108099;-11.3348816927634;-9.73602588965984;-2.35481549785159;-12.8930263108099;-1.81486861399664;-11.1145456981238;8.45246392133129
1287;381;1281;61;64;-14.3107926037935;-12.9244982426736;-11.4204208458973;-9.78900402674443;-2.35574871306704;-12.9244982426736;-1.81617450862888;-11.1756680130295;8.50408311781598
1309;386;1297;61;65;-14.3356183686329;-12.949324007513;-11.4452466107367;-9.78174147703235;-2.35779604178508;-12.949324007513;-1.81957147778773;-11.1931217760897;8.48082503175267
1329;387;1313;61;65;-14.3601397486056;-12.9738453874857;-11.4697679907094;-9.79579155713776;-2.36004630822005;-12.9738453874857;-1.81932851120537;-11.1972415653018;8.52335524619884
1349;394;1330;61;67;-14.3858684424316;-12.9995740813117;-11.4954966845354;-9.83728260549633;-2.35865336025422;-12.9995740813117;-1.81917813569742;-11.2379626744294;8.48641649185597
1369;398;1349;61;67;-14.4142377124155;-13.0279433512956;-11.5238659545193;-9.80906752642742;-2.36755360705078;-13.0279433512956;-1.82725908027788;-11.2361054906102;8.47189003349604
1391;400;1371;61;67;-14.4465913591246;-13.0602969980047;-11.5562196012285;-9.82161854584036;-2.361466752594;-13.0602969980047;-1.83464368951332;-11.2438412887738;8.52196900767208
1411;406;1396;63;67;-14.4827325666446;-13.0964382055247;-11.5923608087485;-9.86761204980338;-2.35779405751303;-13.0964382055247;-1.837266928344;-11.3083474554725;8.57562864261488
1433;409;1412;63;69;-14.5055248361064;-13.1192304749865;-11.6151530782102;-9.90035465011828;-2.36658607676183;-13.1192304749865;-1.83668090176837;-11.3690665892625;8.64546376189552
1453;415;1437;63;71;-14.540625772158;-13.1543314110382;-11.7680370499183;-9.93545558616996;-2.37857816207786;-13.1543314110382;-1.83384450760437;-11.4152045214818;8.68543855179783
1475;419;1459;65;71;-14.5710130970456;-13.1847187359257;-11.7984243748058;-10.0066649055777;-2.37717498918374;-12.9615751846115;-1.83235529291697;-11.4754632512727;8.7404256290988
1500;427;1481;65;74;-14.6009456285356;-13.2146512674157;-11.8283569062958;-10.0791570514866;-2.38247021628838;-12.9915077161015;-1.8233032151543;-11.5321776179694;8.75021118786834
1520;432;1501;65;74;-14.6277736632669;-13.241479302147;-11.8551849410271;-10.0634254717991;-2.3893887282695;-13.0183357508328;-1.83279830917643;-11.5395456400993;8.83060180859599
1540;438;1523;67;74;-14.6568747057903;-13.2705803446704;-11.9488245046881;-10.1570650354601;-2.39442645273313;-13.0474367933562;-1.83805181677223;-11.5977148040351;8.90242872011874
1560;444;1541;68;75;-14.6803736706402;-13.2940793095203;-11.972323469538;-10.18056400031;-2.40276206432774;-13.0709357582061;-1.83117426517477;-11.6383178685465;8.90068202993932
1580;448;1562;69;75;-14.7074446607993;-13.3211502996794;-12.068387331184;-10.1856560837502;-2.40838270842626;-13.0980067483652;-1.83315553814089;-11.6612489303651;8.87176602708819
1600;455;1581;70;77;-14.7316256744189;-13.3453313132991;-12.0925683448037;-10.2318160040887;-2.40711243169559;-13.1221877619848;-1.84010289473523;-11.7328357611736;8.8995172191999
1620;461;1600;70;79;-14.7555178164557;-13.3692234553359;-12.1164604868405;-10.3247010176124;-2.41215584817372;-12.9637583472277;-1.84501686224776;-11.7685399040993;8.89491333004643
1640;464;1619;70;79;-14.7791279073553;-13.3928335462354;-12.14007057774;-10.348311108512;-2.4005567939799;-12.9873684381272;-1.86854785369452;-11.7851373726265;8.94928251664053
1660;470;1639;70;79;-14.8036831574877;-13.4173887963678;-12.1646258278724;-10.2928236509708;-2.40064667842666;-13.0119236882596;-1.8722914413912;-11.7800633898771;8.97417169723178
1680;476;1666;70;81;-14.8363616454536;-13.4500672843337;-12.1973043158383;-10.3365519751233;-2.40718144925721;-13.0446021762255;-1.87669368370802;-11.8222353601492;9.010424892812
1700;481;1682;73;81;-14.8554776810658;-13.7568653923977;-12.2905283236042;-10.4610285263933;-2.40834298371906;-13.0637182118377;-1.87249821749841;-11.8917997428352;9.03019940188808
1720;483;1700;73;81;-14.8767670600886;-13.7781547714205;-12.3118177026271;-10.4459502612453;-2.4001178100096;-13.0850075908606;-1.88564512781251;-11.9074945013825;9.07356723900536
1741;489;1720;76;81;-14.900159139615;-13.8015468509469;-12.415252489827;-10.5057099849426;-2.40020865509603;-13.1083996703869;-1.88780707608392;-11.967422809059;9.03806157775171
1761;492;1737;76;81;-14.9198295324822;-13.8212172438141;-12.4349228826942;-10.5009889246856;-2.41025067915337;-13.1280700632542;-1.89872841340955;-11.9719953079804;9.05676129920334
1783;497;1752;76;81;-14.9370265429927;-13.8384142543246;-12.4521198932047;-10.5062097441494;-2.42169503717438;-13.1452670737646;-1.9069714555758;-11.9733771468223;9.08906634709901
1803;503;1777;81;81;-14.9653636563093;-13.8667513676412;-12.4804570065213;-10.6886975372932;-2.42907401171329;-13.1736041870812;-1.89609308618191;-12.0755940367019;9.05518916537097
1824;508;1798;83;81;-14.9888604300631;-13.890248141395;-12.5039537802751;-10.7547539254659;-2.433702569861;-13.1971009608351;-1.89063197078964;-12.109102083495;9.0261627536746
1844;513;1815;84;82;-15.0076814933979;-13.9090692047298;-12.6097862205995;-10.7735749888006;-2.43942709427592;-13.2159220241698;-1.8856301646757;-12.1378113736677;9.0203289655301
1864;515;1832;84;82;-15.0263270904682;-13.9277148018;-12.5414204406802;-10.7922205858709;-2.42661228660652;-13.2345676212401;-1.89382924074989;-12.1400709210337;9.01259647366612
1885;521;1854;85;84;-15.0502014922516;-13.9515892035835;-12.6523062194532;-10.8160949876543;-2.42491863682159;-14.3570543116917;-1.89819387936205;-12.2025394177104;9.01722962796846
1908;524;1876;85;84;-15.0737942591323;-13.9751819704642;-12.5888876093443;-10.7971281401163;-2.41970800224805;-14.3806470785724;-1.90467325796053;-12.20966201344;9.07377534984711
1929;526;1897;85;85;-15.09605793987;-13.9974456512019;-12.6981626670717;-10.8619514352728;-2.42419678624859;-14.4029107593101;-1.90646591297025;-12.2377767628482;9.12511408535035
1953;531;1916;85;85;-15.1159899170616;-14.0173776283935;-12.6310832672736;-10.8674946750123;-2.42999425250526;-14.4228427365017;-1.90722501525661;-12.2408025280718;9.18757820566206
1974;533;1936;85;86;-15.136758535673;-14.0381462470049;-12.651851885885;-10.8740786586317;-2.42802147865759;-14.4436113551131;-1.90882866382598;-12.2693270556484;9.22786592748414
1994;544;1959;88;87;-15.1603788358891;-14.061766547221;-12.857793742895;-10.8976989588478;-2.43950846584052;-14.4672316553291;-1.89936543841396;-12.3263380027702;9.17756188006955
2014;547;1980;89;87;-15.1817042473772;-14.0830919587091;-12.8791191543831;-10.9190243703358;-2.43849224119857;-14.4885570668172;-1.90765551227069;-12.345376952677;9.17860043697796
2035;551;1998;89;87;-15.199803918417;-14.1011916297489;-12.8019086456186;-10.9231377994009;-2.43958469959118;-14.1011916297489;-1.91219902112992;-12.350412089243;9.22330280084005
2056;557;2015;92;87;-15.2167489487616;-14.1181366600935;-12.9141638557675;-10.9972412435855;-2.43962896233357;-14.1181366600935;-1.91794963422581;-12.4063566430078;9.21514651576318
2078;557;2039;92;87;-15.2404295411489;-14.1418172524808;-12.9378444481549;-11.0063230365517;-2.43493814648691;-14.1418172524808;-1.92981058149024;-12.426651581567;9.26051625265019
2098;561;2064;92;89;-15.2648022532029;-14.1661899645348;-12.9622171602089;-11.0306957486056;-2.43136171768649;-14.1661899645348;-1.93305678045777;-12.4695230289027;9.28231464759554
2118;566;2086;92;89;-15.2860072711214;-14.1873949824533;-12.9834221781274;-11.0375120290721;-2.43631125325175;-14.1873949824533;-1.94175873384539;-12.471124554507;9.3289871673123
2140;569;2110;92;89;-15.3088864529402;-14.2102741642721;-13.0063013599462;-11.0603912108909;-2.43183555162117;-14.2102741642721;-1.94161333577801;-12.4623433811418;9.30059574796563
2160;573;2127;93;89;-15.3249356304005;-14.2263233417324;-12.9270403576021;-11.0622557533592;-2.43513502622685;-14.2263233417324;-1.94026183613226;-12.4712900222771;9.285256946439
2180;575;2150;93;89;-15.3464462422434;-14.2478339535753;-12.948550969445;-11.0837663652021;-2.43921856475177;-14.2478339535753;-1.94824060719152;-12.4791009857173;9.33661402494394
2201;582;2171;93;89;-15.3658863397566;-14.2672740510885;-12.8809796899686;-11.0892202207405;-2.43520176191089;-14.2672740510885;-1.95407944216082;-12.4706487058167;9.31104222324597
2222;582;2183;93;89;-15.3769107130999;-14.2782984244318;-12.8920040633119;-11.1002445940838;-2.43533327215818;-14.2782984244318;-1.95821577812366;-12.4794710800855;9.3380945680854
2242;583;2210;93;89;-15.4014955890236;-14.3028833003555;-12.9165889392356;-11.0707622487373;-2.43072749259444;-14.3028833003555;-1.96695120386794;-12.4909826958979;9.3648316111237
2262;588;2236;94;89;-15.42488766855;-14.3262753798819;-12.939981018762;-11.1073995550137;-2.42835965999286;-14.3262753798819;-1.96769053896439;-12.5091676846026;9.37399143401297
2282;592;2254;96;89;-15.4409233891994;-14.3423111005313;-12.9560167394114;-11.1101900489131;-2.42490323237151;-14.3423111005313;-1.96532618170328;-12.5358047983518;9.32307449166687
2307;593;2276;96;89;-15.4603495904924;-14.3617373018243;-12.9754429407044;-11.1165441686388;-2.42648961167952;-14.3617373018243;-1.96736931148851;-12.5396875729247;9.32964885111377
2327;599;2301;96;90;-15.4821981800707;-14.3835858914026;-12.9972915302827;-11.138392758217;-2.43508219294125;-14.3835858914026;-1.97020914562241;-12.5605341657564;9.36884826067452
2348;600;2327;96;90;-15.5046703266046;-14.4060580379365;-13.0197636768166;-11.1608649047509;-2.43418989107993;-14.4060580379365;-1.98095026913663;-12.5773678608458;9.42719669310173
2368;605;2345;96;95;-15.5200813617608;-14.4214690730927;-13.2174962687667;-11.2160162685566;-2.43514574580867;-14.4214690730927;-1.97532234332556;-12.6681343822937;9.40812229024484
2388;606;2367;96;95;-15.538757219028;-14.4401449303599;-13.1408619462296;-11.2279806156577;-2.44518639750692;-14.4401449303599;-1.97828472777489;-12.6745436344213;9.44524906318409
2408;612;2388;96;97;-15.556422949025;-14.4578106603569;-13.1585276762266;-11.2523578558208;-2.44429174218691;-14.4578106603569;-1.97667016824788;-12.7017323598627;9.41970183478082
2429;614;2407;96;97;-15.5722728755661;-14.473660586898;-13.1743776027678;-11.2415395352798;-2.44740264295063;-14.473660586898;-1.98073746459594;-12.7081616416553;9.4682325329688
2451;618;2430;96;97;-15.5912930726692;-14.4926807840011;-13.1933977998708;-11.2474876508155;-2.44534208320667;-14.4926807840011;-1.98179735358634;-12.7028503628035;9.44607538062002
2471;624;2461;96;99;-15.6166461007821;-14.518033812114;-13.2187508279837;-11.2859127604958;-2.44844930703461;-14.518033812114;-1.99168485495042;-12.7476141286458;9.4974418035647
2491;624;2478;96;99;-15.6304141243782;-14.5318018357101;-13.2325188515798;-11.2996807840918;-2.44432693261974;-14.5318018357101;-1.9935829639297;-12.7521755928284;9.5249703868543
2511;629;2493;97;99;-15.6424841670471;-14.543871878379;-13.2445888942487;-11.2986787451934;-2.44547353435693;-13.8507246978191;-1.98946900944566;-12.7598388988849;9.50673084659053
2535;632;2512;97;99;-15.6576690551762;-14.5590567665081;-13.1727624053882;-11.3009602284866;-2.43897783414487;-13.8659095859481;-2.00190597661021;-12.7565139210361;9.49246756508671
2557;632;2533;97;99;-15.6743193000034;-14.5757070113352;-13.1894126502154;-11.3176104733138;-2.42886256723711;-13.8825598307753;-2.00935143847333;-12.7696747381359;9.53094125457216
2577;636;2550;99;99;-15.6876972763049;-14.5890849876368;-13.2898020035066;-11.3438918544513;-2.43427756671273;-13.8959378070769;-2.0111292964864;-12.8020527084517;9.51804550164414
2597;638;2569;99;99;-15.7025439942198;-14.6039317055517;-13.3046487214214;-11.3458351675302;-2.43460257729294;-13.9107845249917;-2.0148724895997;-12.8054802458485;9.5374773687455
2617;647;2593;99;104;-15.7211415710773;-14.6225292824092;-13.323246298279;-11.3773361492236;-2.44013476423362;-13.9293821018493;-2.00516188753067;-12.8721178857949;9.4731953435081
2637;650;2614;99;104;-15.7372737883683;-14.6386614997002;-13.33937851557;-11.3934683665147;-2.44069495333107;-13.9455143191403;-2.00883860944178;-12.8761142824231;9.48904963573286
2658;655;2643;99;104;-15.7593398292086;-14.6607275405405;-13.3614445564102;-11.3898919767416;-2.44215336578737;-13.9675803599805;-2.01196251231937;-12.8696928569962;9.50878100968777
2678;657;2668;99;104;-15.778168814071;-14.6795565254029;-13.293262164283;-11.408720961604;-2.4404747262658;-13.986409344843;-2.01623309861535;-12.8804829131899;9.56649977906989
2698;662;2690;99;105;-15.7945929451918;-14.6959806565237;-13.3096862954038;-11.4125663105179;-2.43794827206277;-14.0028334759637;-2.01560737710989;-12.8969375258051;9.57963320413949
2720;669;2712;101;105;-15.8108832981206;-14.7122710094525;-13.4129880253222;-11.4670778762669;-2.44047616860349;-14.0191238288925;-2.01359679405533;-12.9254878640335;9.56993047689089
2743;672;2736;102;105;-15.8285045574849;-14.7298922688168;-13.4306092846865;-11.4846991356312;-2.44191250086871;-14.0367450882568;-2.01752022745312;-12.9472997931854;9.57179041412563
2763;676;2754;102;105;-15.8416193585772;-14.7430070699091;-13.3567127087892;-11.4849105318876;-2.43777258085482;-14.0498598893491;-2.01470507101005;-12.9391867024224;9.56871772607308
2783;681;2778;102;105;-15.8589730466286;-14.7603607579605;-13.3740663968406;-11.4645238919561;-2.43440949625956;-14.0672135774005;-2.02430909168037;-12.937924457601;9.57007644538068
2806;687;2800;107;105;-15.8747493923266;-14.7761371036585;-13.4768541195282;-11.5440160520403;-2.43442695158621;-14.0829899230985;-2.01557512135142;-13.0122601860081;9.55485318378537
2826;689;2817;107;105;-15.8868555357527;-14.7882432470846;-13.4889602629544;-11.5561221954664;-2.4333483784861;-14.0950960665247;-2.02885078217611;-13.0191021151237;9.58363959825451
2846;689;2838;107;105;-15.90170971544;-14.8030974267719;-13.5038144426416;-11.5709763751536;-2.43622482833799;-14.1099502462119;-2.03299968100812;-13.0294384199684;9.62401170558643
2867;693;2862;107;105;-15.9185519202328;-14.8199396315647;-13.5206566474344;-11.5747464983791;-2.4388498192402;-14.1267924510047;-2.03970324883206;-13.0345314678911;9.64219222854559
2890;697;2880;108;105;-15.93109114626;-14.8324788575919;-13.5331958734616;-11.5743823195704;-2.44070703252969;-14.1393316770319;-2.03611435444359;-13.0457848914038;9.63043107913002
2910;703;2908;108;105;-15.9504416773068;-14.8518293886387;-13.4655350275188;-11.5684150426329;-2.44128238167345;-14.1586822080788;-2.05275131227816;-13.0491198138873;9.67639999320646
2931;711;2930;109;107;-15.9655154040222;-14.8669031153541;-13.5676201312239;-11.6347820637359;-2.44241809288563;-14.1737559347942;-2.05008530569673;-13.0855358331843;9.63868356360992
2951;712;2951;109;107;-15.9797987498859;-14.8811864612178;-13.5819034770875;-11.6490654095995;-2.43939368216895;-14.1880392806578;-2.05445041417687;-13.0909338027771;9.66853515075871
2971;715;2970;109;108;-15.9926344635935;-14.8940221749254;-13.5947391907951;-11.6619011233072;-2.44192313221226;-14.2008749943654;-2.05420917080436;-13.107888218404;9.67991737923244
2992;722;2987;110;111;-16.0040496364322;-14.9054373477641;-13.7014645434382;-11.6865615228959;-2.44308558142239;-14.2122901672042;-2.05176158513375;-13.1617360552266;9.63270113166357
3000;725;2995;112;111;-16.0093990210991;-14.910786732431;-13.7068139281051;-11.732732902083;-2.44502647840599;-14.217639551871;-2.04845221534126;-13.1905137001514;9.63161118790134
3022;735;3021;115;111;-16.0266863627733;-14.9280740741052;-13.7241012697793;-11.7500202437573;-2.44987725503923;-14.2349268935453;-2.0586195382405;-13.2304152571999;9.62128696841528
3042;736;3040;115;111;-16.0392255888005;-14.9406133001324;-13.7366404958065;-11.7625594697845;-2.44446395156822;-14.2474661195725;-2.06448043887524;-13.239773942117;9.65038545553106
3062;739;3063;115;111;-16.0543002136655;-14.9556879249974;-13.7517151206715;-11.7502351204614;-2.44729462577694;-14.2625407444375;-2.06569049476946;-13.2456113775812;9.70178043630695
3083;741;3081;115;111;-16.0660189971933;-14.9674067085252;-13.7634339041993;-11.7619539039892;-2.44683967489212;-14.2742595279653;-2.06483334516559;-13.2417586546773;9.699631648142
3103;746;3101;117;111;-16.0789598382009;-14.9803475495328;-13.7763747452069;-11.7748947449967;-2.44987524861567;-14.2872003689728;-2.06516579553243;-13.2703051079554;9.71377146348806
3123;749;3129;117;111;-16.0969374873378;-14.9983251986697;-13.7943523943437;-11.7794493738015;-2.45145634503821;-14.3051780181097;-2.06559161830977;-13.2716024626539;9.7326051839968
3143;750;3145;117;111;-16.1071383382691;-15.008526049601;-13.804553245275;-11.7896502247328;-2.44647737098003;-14.315378869041;-2.07099056723391;-13.2789504985746;9.7547713157837
3163;755;3155;119;111;-16.1134875499506;-15.0148752612825;-13.8109024569566;-11.8368214309346;-2.4485092262909;-14.3217280807226;-2.07258716543844;-13.3056450468001;9.75130353917396
3184;759;3180;119;111;-16.1292729515484;-15.0306606628803;-13.8266878585544;-11.7985396112621;-2.44924998403092;-14.3375134823204;-2.07543391900078;-13.3001897103911;9.70515160759666
3204;761;3203;119;111;-16.1436862992183;-15.0450740105502;-13.8411012062243;-11.812952958932;-2.44767687699948;-14.3519268299903;-2.07970914196927;-13.3072414851053;9.73518851257912
3225;764;3221;119;111;-16.1548942986624;-15.0562820099943;-13.8523092056684;-11.8110888768087;-2.44935933390697;-14.3631348294343;-2.08325967506628;-13.3005388394763;9.6984045681224
3246;767;3237;119;112;-16.1648045078525;-15.0661922191844;-13.8622194148584;-11.8340711675662;-2.4455846102065;-14.3730450386244;-2.08852711447756;-13.3194398516031;9.7169813907127
3266;771;3260;119;112;-16.1789649487215;-15.0803526600534;-13.7810696759231;-11.8222561220319;-2.44405725528933;-14.3872054794935;-2.08895102726783;-13.3057218128485;9.65672291263865
3287;773;3271;119;113;-16.1857020550768;-15.0870897664087;-13.8831169620827;-11.8549687147904;-2.44352054193966;-14.3939425858487;-2.09121823651763;-13.3241329896548;9.66455109284994
3308;774;3283;119;113;-16.1930258350032;-15.0944135463351;-13.8904407420091;-11.8622924947169;-2.44359525227331;-14.4012663657751;-2.09303958954971;-13.3241462010609;9.65758687749424
3328;778;3302;120;114;-16.2045672489601;-15.105954960292;-13.8066719761618;-11.9279011299441;-2.44688709527671;-14.4128077797321;-2.09203313636801;-13.3541901527305;9.66846535593873
3348;783;3325;120;115;-16.2184499061799;-15.1198376175118;-13.8205546333815;-11.9417837871639;-2.44538766448047;-14.4266904369519;-2.08982713033965;-13.3591184638248;9.61268570390852
3368;789;3351;120;117;-16.2340281754746;-15.1354158868065;-13.9314430824806;-11.9573620564586;-2.4477301796999;-14.4422687062466;-2.09142999321978;-13.3860950890718;9.60102254514122
3388;793;3367;120;117;-16.2435548383222;-15.144942549654;-13.8456595655238;-11.9668887193061;-2.44915760624429;-14.4517953690941;-2.08507959394588;-13.3712605181951;9.55562362031486
3409;797;3395;120;117;-16.2601180799856;-15.1615057913175;-13.8622228071872;-11.9560529867814;-2.45262759701756;-14.4683586107575;-2.08199772421958;-13.3674719285362;9.56516877354167
3429;801;3421;122;117;-16.2753763699552;-15.1767640812871;-13.8774810971568;-11.971311276751;-2.44691010083072;-14.4836169007272;-2.08589825094277;-13.396644095717;9.54828808477278
3449;806;3447;122;119;-16.2905191330337;-15.1919068443656;-13.9879340400397;-12.0138530140177;-2.44720665504789;-14.4987596638057;-2.09020137990999;-13.4329067351713;9.57379847736393
3469;811;3472;122;119;-16.3049721515605;-15.2063598628924;-13.9070768787621;-12.0283060325444;-2.45084298474827;-14.5132126823324;-2.09307624872852;-13.4345931957799;9.61794917312553
3489;817;3490;123;119;-16.3153140303929;-15.2167017417248;-13.9174187575946;-12.0386479113769;-2.45042681361419;-14.5235545611649;-2.0996377144388;-13.4447010866627;9.6294246545181
3500;818;3494;123;119;-16.317604981388;-15.2189926927199;-13.9197097085896;-12.0409388623719;-2.4517454747903;-14.5258455121599;-2.09994346772346;-13.4451327024297;9.63650065669373
3520;822;3515;123;119;-16.3295896084895;-15.2309773198214;-13.8446829587015;-11.9988562682032;-2.45302910740605;-14.5378301392615;-2.09948176794478;-13.440945035525;9.64092032623055
3540;825;3542;123;119;-16.3448936366856;-15.2462813480174;-13.8599869868976;-12.0010882148319;-2.45094535064641;-14.5531341674575;-2.1112433013369;-13.4453855854398;9.65900778454968
3560;830;3563;124;119;-16.3567163312117;-15.2581040425436;-13.8718096814237;-12.0259829909253;-2.45223381944513;-14.5649568619836;-2.11135769397876;-13.4562186927695;9.66582420327873
3582;830;3586;124;119;-16.3695853083302;-15.270973019662;-13.8846786585422;-12.0257798864765;-2.45080271406362;-14.5778258391021;-2.11469464622797;-13.4643946479631;9.69875837442875
3602;833;3606;124;120;-16.3807088075265;-15.2820965188584;-13.8958021577385;-12.0369033856728;-2.45341003588692;-14.5889493382985;-2.11541773600555;-13.4825529393924;9.72906311518112
3622;836;3625;124;120;-16.3912191345776;-15.2926068459094;-13.9063124847896;-12.0474137127239;-2.45354050263917;-14.5994596653495;-2.11667237028353;-13.4840467825453;9.75231977318997
3643;840;3646;125;120;-16.4027719104772;-15.3041596218091;-13.9178652606892;-12.0589664886235;-2.45384559157351;-15.3041596218091;-2.1148213187127;-13.490296135469;9.7347750121205
3663;844;3672;125;122;-16.4169835034808;-15.3183712148127;-13.9320768536928;-12.0862501631944;-2.45409141045613;-15.3183712148127;-2.11400090623928;-13.5198512538568;9.72462262125825
3683;845;3693;125;122;-16.4283888297051;-15.329776541037;-13.9434821799171;-12.0716800030155;-2.45249562246565;-15.329776541037;-2.11752249135056;-13.5263083525877;9.74969855149767
3703;846;3708;125;123;-16.4364958533715;-15.3378835647034;-13.9515892035835;-12.1190077398352;-2.45046645073241;-15.3378835647034;-2.11680248636139;-13.5422633608258;9.76081899513704
3723;847;3720;125;123;-16.4429578945344;-15.3443456058663;-13.9580512447464;-12.1123111268394;-2.44868209597893;-15.3443456058663;-2.11805173479836;-13.5446345354858;9.77542580874121
3743;850;3749;125;124;-16.4584888334718;-15.3598765448037;-13.9735821836838;-12.1410007199355;-2.4560009071774;-15.3598765448037;-2.11910573412718;-13.560379812478;9.80800043897564
3764;851;3765;125;124;-16.467006280468;-15.3683939917999;-13.98209963068;-12.1495181669317;-2.45000899644875;-15.3683939917999;-2.12043286001642;-13.5629069214715;9.82157750254571
3784;853;3783;125;126;-16.4765452492661;-15.3779329605979;-14.0786499764677;-12.19987913025;-2.44783158288963;-15.3779329605979;-2.1195258491434;-13.5908112314874;9.8193196247356
3804;855;3807;125;126;-16.489193512765;-15.3905812240969;-14.004286862977;-12.2125273937489;-2.44794277763924;-15.3905812240969;-2.12179408561781;-13.5932947539522;9.820006101885
3824;858;3827;125;128;-16.4996729708514;-15.4010606821833;-14.101777698053;-12.251177728802;-2.45040340542997;-15.4010606821833;-2.12383773341755;-13.6231533558253;9.82687644468471
3845;861;3853;125;128;-16.5132146892523;-15.4146024005842;-14.1153194164539;-12.2365485702363;-2.45596966689906;-15.4146024005842;-2.13260057161156;-13.6314094729689;9.87040160862455
3866;862;3866;125;128;-16.5199513195366;-15.4213390308684;-14.1220560467382;-12.2432852005205;-2.45385326410823;-15.4213390308684;-2.13543264851065;-13.6355608449663;9.89105092017161
3886;866;3888;126;128;-16.5313003311607;-15.4326880424925;-14.1334050583623;-12.2546342121446;-2.45289949325314;-15.4326880424925;-2.13553473324295;-13.6484351778971;9.89533640035955
3906;867;3905;127;128;-16.5400261245476;-15.4414138358795;-14.1421308517492;-12.2915308824982;-2.45023489307578;-15.4414138358795;-2.13647226794777;-13.6664492302646;9.90757696210319
3926;868;3929;127;128;-16.5522804391169;-15.4536681504488;-14.1543851663185;-12.2756143201009;-2.45120003788714;-15.4536681504488;-2.1390735902962;-13.6736288576966;9.94829000784599
3946;872;3955;127;128;-16.5654717604035;-15.4668594717354;-14.0805651106155;-12.2888056413875;-2.44885710965581;-15.4668594717354;-2.13756973367987;-13.6622750594665;9.90529086264798
3967;876;3972;127;128;-16.5740500503301;-15.475437761662;-14.0891434005421;-12.2565619367938;-2.45227023685342;-15.475437761662;-2.1367626500858;-13.659876093174;9.90629437211807
3987;878;3993;127;128;-16.5845962141264;-15.4859839254583;-14.0996895643384;-12.2671081005901;-2.45168047457961;-15.4859839254583;-2.13661619257818;-13.6597227765069;9.91394911751236
4008;881;4016;127;128;-16.5960833227431;-15.497471034075;-14.1111766729551;-12.2785952092068;-2.45380027612361;-15.497471034075;-2.14518129405166;-13.666841868544;9.94537509600919
4028;883;4031;127;128;-16.6035395262343;-15.5049272375662;-14.1186328764463;-12.272806185948;-2.45107827469906;-15.5049272375662;-2.14517610755472;-13.6656394906869;9.95328006690073
4052;884;4049;127;128;-16.6124504320643;-15.5138381433962;-14.1275437822763;-12.281717091778;-2.4490445585541;-15.5138381433962;-2.14711990683538;-13.6653069767345;9.96617826119529
4072;886;4072;127;128;-16.6237791164607;-15.5251668277926;-14.1388724666727;-12.279973694607;-2.44780500042819;-15.5251668277926;-2.15169252429402;-13.6697382430838;9.99171470903963
4093;887;4095;127;128;-16.6350439925743;-15.5364317039062;-14.1501373427863;-12.2783351658847;-2.44906979320723;-15.5364317039062;-2.15291248419014;-13.6704365200095;9.9965792930013
4114;895;4120;129;131;-16.6472168846871;-15.548604596019;-14.1623102348991;-12.3705507656711;-2.45213012981834;-15.9540697041272;-2.14507533045322;-13.7202677770728;9.9065544218601
4134;896;4141;130;131;-16.6573851670911;-15.558772878423;-14.1724785173031;-12.3807190480751;-2.44746505574015;-15.9642379865312;-2.14831301444831;-13.739972279154;9.92059374623113
4155;902;4161;132;133;-16.6670214179659;-15.5684091292978;-14.2691261451675;-12.4329149133686;-2.44727317153149;-15.9738742374059;-2.14723335198909;-13.7887136588713;9.91215481954129
4175;903;4177;133;133;-16.6746971289943;-15.5760848403262;-14.276801856196;-12.4405906243971;-2.44842949014283;-15.9815499484344;-2.14898268663614;-13.8060281547507;9.92009120676287
4196;908;4194;133;135;-16.6828204229237;-15.5842081342556;-14.2849251501254;-12.4633127177476;-2.45167266840994;-15.9896732423638;-2.14566172302778;-13.8246783871371;9.89053016404062
4218;911;4218;133;135;-16.6942327220774;-15.5956204334093;-14.2963374492791;-12.4601262174802;-2.4533858036126;-16.0010855415175;-2.14607834693186;-13.8208818794954;9.88633964845334
4238;911;4234;133;135;-16.7018049033896;-15.6031926147215;-14.3039096305912;-12.4533096613403;-2.4520798240312;-16.0086577228297;-2.14823833285368;-13.8261250368519;9.90553056323567
4258;912;4254;133;135;-16.7112299915204;-15.6126177028523;-14.313334718722;-12.462734749471;-2.45029029887694;-16.0180828109604;-2.15043436537789;-13.8317247701548;9.93065036774277
4278;913;4276;133;135;-16.7215465442899;-15.6229342556218;-14.3236512714915;-12.4730513022405;-2.4486567099453;-16.0283993637299;-2.15472131787887;-13.8387157810054;9.9579193623191
4298;914;4295;133;135;-16.7304136688367;-15.6318013801686;-14.3325183960383;-12.4537475498207;-2.45118356015373;-16.0372664882768;-2.15523016630067;-13.8382666418062;9.97289420153179
4321;917;4317;133;135;-16.740631991111;-15.6420197024428;-14.255725341323;-12.4639658720949;-2.45428440127741;-16.047484810551;-2.15450870910369;-13.8385864893237;9.99009499298956
4341;923;4340;133;136;-16.7512592541889;-15.6526469655208;-14.2663526044009;-12.4745931351728;-2.45704056134875;-16.058112073629;-2.16364986451537;-13.8505561596725;9.99874812205447
4362;924;4356;133;136;-16.7586189681057;-15.6600066794376;-14.2737123183177;-12.4819528490896;-2.45420145490857;-16.0654717875458;-2.16539032813121;-13.8548591517391;10.0171531411074
4384;926;4378;134;136;-16.7686945561656;-15.6700822674975;-14.2837879063776;-12.5060146791243;-2.45491852390441;-16.0755473756057;-2.16554560946644;-13.8696776705209;10.0308007762925
4405;928;4397;135;136;-16.7773555383616;-15.6787432496935;-14.3794602655632;-12.5146756613203;-2.45122737826636;-16.0842083578017;-2.16636235509632;-13.8833338106396;10.031382201405
4425;930;4425;135;136;-16.7900511148841;-15.691438826216;-14.3051444650961;-12.513384995868;-2.45002566027001;-16.0969039343241;-2.16924261667777;-13.8867137033756;10.0419499804637
4445;932;4443;135;136;-16.7981702058718;-15.6995579172037;-14.3132635560838;-12.5215040868558;-2.44738046451231;-16.1050230253119;-2.17468980928813;-13.8915721916918;10.063093545548
4465;936;4460;137;136;-16.8058080900282;-15.7071958013601;-14.4079128172298;-12.5291419710122;-2.44740189286125;-16.1126609094683;-2.17652114780703;-13.913153695395;10.0594515295514
4485;940;4472;140;136;-16.8111820296699;-15.7125697410018;-14.4132867568715;-12.5626867876205;-2.44743561887786;-16.1180348491099;-2.17452913272397;-13.9460038005256;10.0347536839319
4500;941;4485;140;136;-16.8169875489858;-15.7183752603177;-14.4190922761874;-12.5403214299697;-2.44569712225449;-16.1238403684258;-2.17702132416366;-13.9498768801578;10.0467059937154
4520;942;4495;141;136;-16.8214418938114;-15.7228296051433;-14.4235466210131;-12.5729466517621;-2.44558895480161;-16.1282947132515;-2.1775956988516;-13.9637015582311;10.0474549855102
4541;946;4516;142;136;-16.8307638505391;-15.732151561871;-14.4328685777407;-12.5822686084897;-2.44361802881521;-16.1376166699792;-2.17610627452044;-13.9708946508727;10.0348683453513
4561;948;4541;142;136;-16.8418050621959;-15.7431927735278;-14.4439097893975;-12.5651389431798;-2.44423811493257;-16.148657881636;-2.17807064414309;-13.9711639280329;10.0372599662633
4581;951;4556;142;136;-16.8484006491341;-15.749788360466;-14.4505053763358;-12.5717345301181;-2.44552462607105;-16.1552534685742;-2.17863392461551;-13.9686516168482;10.0325879423631
4601;953;4579;142;136;-16.8584718253142;-15.7598595366461;-14.4605765525158;-12.5680123841658;-2.44587629930002;-16.1653246447542;-2.17821944147655;-13.9665902594098;10.0506759667005
4621;953;4601;142;136;-16.8680579003109;-15.7694456116428;-14.4701626275126;-12.5775984591625;-2.44805652739218;-16.174910719751;-2.18008980076227;-13.9731679675914;10.0828217373471
4641;955;4619;142;136;-16.8758670208612;-15.7772547321931;-14.4779717480628;-12.5854075797128;-2.44628820460093;-16.1827198403013;-2.18163551970213;-13.9769593845776;10.1047790123708
4661;959;4648;142;136;-16.8883845970635;-15.7897723083954;-14.4904893242651;-12.5843195038593;-2.44783012584139;-16.1952374165035;-2.19063038673079;-13.9783451743939;10.1001966111964
4684;962;4665;142;136;-16.8956862265629;-15.7970739378948;-14.4977909537645;-12.5781981130266;-2.44787091482288;-16.2025390460029;-2.19394381198167;-13.9809650390477;10.1114256298261
4704;962;4681;142;136;-16.9025340826001;-15.803921793932;-14.5046388098018;-12.5850459690638;-2.44527490716192;-16.2093869020402;-2.19564124864457;-13.9854206362396;10.1293682600577
4727;966;4711;142;137;-16.9153109574001;-15.816698668732;-14.5174156846017;-12.5845776171138;-2.44432393389713;-16.2221637768401;-2.1948788525124;-14.0002937902755;10.1505568015849
4747;967;4724;142;137;-16.9208223546345;-15.8222100659664;-14.5229270818361;-12.5900890143482;-2.44195909612165;-16.2276751740746;-2.1976945711367;-14.0024038424215;10.1658998156215
4767;969;4750;142;137;-16.9317997940574;-15.8331875053893;-14.4468931442694;-12.5879943722037;-2.44511929558665;-16.2386526134974;-2.19837901629771;-14.0034481832719;10.1869526748346
4787;971;4770;142;139;-16.9402031677648;-15.8415908790967;-14.5423078949664;-12.6227150542285;-2.44571332151553;-16.2470559872048;-2.19812130457953;-14.0315304864208;10.1902787992405
4808;972;4792;142;139;-16.9494062795906;-15.8507939909225;-14.4644996298026;-12.6186729393042;-2.44708306184679;-16.2562590990306;-2.19801375734731;-14.034954049573;10.2187978543293
4828;975;4811;142;139;-16.9573204833989;-15.8587081947308;-14.4724138336109;-12.6135150615452;-2.44858274807452;-16.264173302839;-2.19616002289448;-14.0297989418487;10.2148248752706
4850;983;4832;145;142;-16.9660314792293;-15.8674191905612;-14.5681362064309;-12.6893653602132;-2.45161932913496;-16.2728842986694;-2.18921284765965;-14.0912030885874;10.1765131012832
4870;983;4855;145;142;-16.9755287614508;-15.8769164727827;-14.5776334886525;-12.6988626424348;-2.45050960391943;-16.2823815808909;-2.1935888836418;-14.0992072492278;10.1968200657919
4890;985;4871;145;142;-16.9821090676131;-15.883496778945;-14.5842137948147;-12.705442948597;-2.45008789214412;-16.2889618870531;-2.19404919087979;-14.101452928232;10.2155683319693
4911;988;4891;145;142;-16.9903041210787;-15.8916918324106;-14.5924088482803;-12.6862390278745;-2.4513271898714;-16.2971569405188;-2.20174600913862;-14.1074156180345;10.2390441381853
4931;990;4906;145;142;-16.9964284496369;-15.8978161609688;-14.5985331768385;-12.6923633564327;-2.45398299924981;-16.3032812690769;-2.20043169749882;-14.098111721946;10.1811957670785
4951;993;4928;145;142;-17.0053770104267;-15.9067647217586;-14.6074817376283;-12.7013119172225;-2.45115669173542;-16.3122298298668;-2.19946391987046;-14.0945300882208;10.1765916385047
4972;996;4948;145;142;-17.0134774670248;-15.9148651783566;-14.6155821942264;-12.6959893534884;-2.45237956701654;-16.3203302864648;-2.19924788651077;-14.0923285469906;10.1770019047626
4992;996;4964;145;142;-17.019934292649;-15.9213220039809;-14.6220390198506;-12.7024461791127;-2.45403175512724;-16.3267871120891;-2.20125353452051;-14.0975644228317;10.1947061111147
5013;998;4987;145;142;-17.0291796110922;-15.9305673224241;-14.6312843382939;-12.7116914975559;-2.45646596787104;-16.3360324305323;-2.20159043738643;-14.0998952482423;10.22335686876
5033;1001;5009;145;142;-17.0379831467152;-15.9393708580471;-14.6400878739169;-12.7072498064289;-2.45845789494345;-15.6516887855953;-2.2012076158134;-14.0992583385737;10.2316877126674
5053;1003;5030;145;142;-17.0463505261876;-15.9477382375195;-14.5614438763996;-12.7025451043339;-2.45729137510134;-15.6600561650677;-2.20076279868388;-14.1017252569218;10.2613142189805
5074;1004;5045;145;142;-17.0523058655754;-15.9536935769073;-14.5673992157874;-12.6955970388858;-2.46053107310373;-15.6660115044555;-2.20078812145065;-14.1026600486516;10.2779284837979
5094;1005;5061;145;142;-17.0586387424282;-15.96002645376;-14.5737320926402;-12.7019299157386;-2.458765559735;-15.6723443813083;-2.2025218451631;-14.1031886339746;10.2850673884361
5115;1008;5086;145;142;-17.0684938919641;-15.969881603296;-14.5835872421761;-12.6864672572902;-2.45852402143995;-15.6821995308442;-2.20271745797345;-14.1019869837858;10.2926470732279
5136;1009;5104;145;142;-17.0755596500493;-15.9769473613811;-14.5906530002613;-12.6935330153754;-2.45420646238402;-15.6892652889294;-2.20710838542259;-14.1076303732461;10.3083393614075
5156;1011;5125;145;142;-17.0837716080132;-15.9851593193451;-14.5988649582252;-12.7017449733393;-2.45509200853997;-15.6974772468933;-2.21059472191789;-14.1120845551096;10.3344492028707
5176;1012;5141;145;142;-17.090005784111;-15.9913934954429;-14.605099134323;-12.6711651763144;-2.45595184155833;-15.7037114229911;-2.21447443529607;-14.1169011860066;10.3503754952105
5197;1016;5164;145;142;-17.0989335039331;-16.000321215265;-14.6140268541451;-12.6681167050898;-2.45427960033311;-15.7126391428132;-2.21754564829363;-14.1169162109144;10.3641411823819
5217;1024;5195;146;145;-17.1109038070667;-16.0122915183985;-14.6259971572787;-12.7414559545996;-2.45514158351382;-15.5014658946326;-2.21258620790953;-14.1517792300151;10.2960321493745
5238;1026;5219;147;145;-17.1201221832868;-16.0215098946187;-14.6352155334988;-12.7506743308198;-2.45451368881003;-15.5106842708527;-2.21409602656199;-14.1664414340968;10.3020267685071
5259;1029;5236;147;145;-17.1266262540596;-16.0280139653915;-14.6417196042716;-12.7571784015926;-2.45645954587537;-15.5171883416255;-2.21558682293733;-14.1682929495557;10.3234386750301
5280;1029;5262;147;145;-17.1365329232005;-16.0379206345324;-14.6516262734125;-12.7670850707335;-2.45529256441416;-15.5270950107664;-2.21831713077673;-14.17199849546;10.3337979886034
5301;1033;5282;147;147;-17.1441201857142;-16.045507897046;-14.6592135359262;-12.7620935510403;-2.45579691450729;-16.4509730051542;-2.21350148031273;-14.1892434680521;10.3145055383794
5322;1036;5304;149;147;-17.1524330637314;-16.0538207750633;-14.6675264139434;-12.7829852112644;-2.45444960493539;-16.4592858831715;-2.21299503411817;-14.2142370748777;10.3206501946791
5343;1037;5326;149;147;-17.1607115327478;-16.0620992440796;-14.6758048829598;-12.7912636802807;-2.45567730568441;-16.4675643521878;-2.21422250140143;-14.2180770720952;10.3462861357589
5363;1039;5349;149;147;-17.1693298130625;-16.0707175243944;-14.6844231632745;-12.7998819605955;-2.45656211830134;-16.4761826325026;-2.2185726078307;-14.220348252749;10.3645727717956
5383;1041;5369;149;147;-17.1767939008451;-16.078181612177;-14.6918872510571;-12.8073460483781;-2.45635127709856;-16.4836467202852;-2.22022925228913;-14.2206687175882;10.3616664631087
5403;1043;5390;149;147;-17.1846013278061;-16.085989039138;-14.6996946780181;-12.8025746931322;-2.45457801763716;-16.4914541472461;-2.22345877222449;-14.2247145212646;10.3784826643592
5424;1045;5406;149;147;-17.1905294536728;-16.0919171650047;-14.7056228038848;-12.8085028189989;-2.45418490010455;-16.4973822731128;-2.22457092643752;-14.2242844988392;10.3713086597552
5444;1047;5420;150;147;-17.1957021888674;-16.0970899001993;-14.7107955390794;-12.8136755541935;-2.45237240818502;-16.5025550083074;-2.22375298485235;-14.2334358496475;10.3534214218834
5464;1052;5436;151;147;-17.2015975505421;-16.102985261874;-14.7166909007541;-12.8195709158682;-2.45260527607336;-16.5084503699821;-2.22079160901518;-14.2381772222661;10.3345569344133
5486;1056;5460;151;147;-17.2104081374779;-16.1117958488098;-14.7255014876899;-12.828381502804;-2.45269741469974;-16.517260956918;-2.22420682913655;-14.2366465847006;10.3327684154857
5500;1057;5474;151;147;-17.2155297792012;-16.1169174905331;-14.7306231294132;-12.8335031445274;-2.4496865475423;-16.5223825986413;-2.22550787489069;-14.239871215198;10.3492201048759
5522;1060;5491;151;147;-17.2217313345577;-16.1231190458896;-14.7368246847697;-12.8397046998839;-2.44789598504689;-16.5285841539978;-2.2346969931701;-14.2441307244329;10.3648320737722
5542;1065;5511;151;149;-17.2290027477665;-16.1303904590984;-14.7440960979785;-12.8469761130926;-2.44900613730963;-16.5358555672065;-2.23485503977364;-14.2634713969198;10.3496294829874
5562;1067;5532;151;149;-17.2366093855693;-16.1379970969012;-14.7517027357813;-12.8545827508954;-2.44921635292379;-16.5434622050094;-2.2355033567892;-14.2626447445333;10.3520626953086
5582;1068;5548;151;149;-17.2423855628694;-16.1437732742013;-14.7574789130814;-12.8603589281956;-2.45005377329098;-16.5492383823095;-2.23709504417631;-14.2669846851544;10.3684754729857
5603;1074;5574;151;150;-17.2517364160838;-16.1531241274157;-14.7668297662958;-12.8697097814099;-2.45383507493088;-16.5585892355238;-2.23972761888553;-14.2792931649352;10.3837618106299
5623;1079;5593;154;150;-17.2585421896432;-16.1599299009751;-14.7736355398552;-12.9018333629536;-2.45515092371541;-16.5653950090832;-2.23785245531242;-14.3105586407301;10.379874126959
5643;1081;5618;154;151;-17.2674620153284;-16.1688497266603;-14.7825553655404;-12.9107531886388;-2.45247833639385;-16.5743148347684;-2.23958319373784;-14.3225450967628;10.3701047828694
5663;1084;5640;154;151;-17.2752786889842;-16.1766664003161;-14.7903720391962;-12.9185698622946;-2.45364144835656;-16.5821315084243;-2.24824301731224;-14.3273820427514;10.3908156134606
5683;1087;5666;154;151;-17.2844773607809;-16.1858650721128;-14.7995707109929;-12.9277685340913;-2.45200392855099;-16.591330180221;-2.24709023171313;-14.3241297279209;10.3865134284611
5704;1089;5681;154;151;-17.2897651051143;-16.1911528164461;-14.8048584553263;-12.9077384704404;-2.45305620216287;-16.5966179245543;-2.24596607931883;-14.3224608737128;10.3883638659711
5724;1089;5709;154;151;-17.2995983119285;-16.2009860232604;-14.8146916621405;-12.9175716772546;-2.45332827261756;-16.6064511313686;-2.24805045431785;-14.3286311723668;10.415416349318
5744;1092;5724;154;151;-17.3048462813527;-16.2062339926846;-14.8199396315647;-12.9228196466788;-2.45440898640643;-16.6116991007927;-2.25017600382059;-14.3306006991011;10.4369952191097
5764;1095;5744;154;151;-17.3118222214561;-16.213209932788;-14.8269155716681;-12.9297955867822;-2.45839674928658;-16.6186750408962;-2.25741351174799;-14.3318707777867;10.4531778005089
5785;1097;5756;154;153;-17.3159961360145;-16.2173838473464;-14.8310894862265;-12.9339695013406;-2.45781456188627;-16.6228489554546;-2.25632032132412;-14.355206577479;10.4442470687281
5805;1099;5771;154;153;-17.3212013094219;-16.2225890207538;-14.8362946596339;-12.9391746747481;-2.45765447062896;-16.628054128862;-2.26784013573784;-14.3561308495123;10.4575805628187
5826;1101;5795;154;153;-17.3295015115477;-16.2308892228796;-14.8445948617597;-12.9474748768738;-2.45416384625968;-16.6363543309878;-2.26961851591917;-14.3574565315307;10.4541151558285
5847;1102;5811;154;153;-17.3350159041502;-16.2364036154821;-14.8501092543622;-12.9529892694763;-2.45379958715079;-16.6418687235903;-2.26981939256331;-14.3566743254873;10.445542570784
5869;1105;5841;154;153;-17.3453145880806;-16.2467022994125;-14.8604079382926;-12.9632879534067;-2.45300458788171;-16.6521674075207;-2.27174340473231;-14.3624242976019;10.4823332134733
5889;1107;5860;154;153;-17.3518097651421;-16.253197476474;-14.8669031153541;-12.9573606104697;-2.45309840100952;-16.6586625845822;-2.27419259819362;-14.3635774926591;10.4850031803388
5909;1109;5888;154;153;-17.3613433208174;-16.2627310321493;-14.8764366710294;-12.966894166145;-2.45680223296924;-16.6681961402575;-2.27743522511322;-14.3700252627335;10.5147040402958
5931;1112;5912;154;153;-17.3694789252561;-16.270866636588;-14.8845722754681;-12.9386621264128;-2.45687022436401;-16.6763317446961;-2.27813919520044;-14.3650473214171;10.4934062013759
5952;1116;5938;154;153;-17.3782553106474;-16.2796430219793;-14.8933486608594;-12.9474385118041;-2.45579928162603;-16.6851081300875;-2.28001502079089;-14.3631146826814;10.4879204890258
5972;1119;5964;155;155;-17.3869933517693;-16.2883810631011;-14.9020867019813;-12.9681527439727;-2.45704965079673;-16.6938461712093;-2.27790944228534;-14.3981369606102;10.487198769451
5994;1121;5981;155;155;-17.3926861140891;-16.294073825421;-14.9077794643011;-12.9738455062925;-2.45761946148733;-16.6995389335292;-2.28013654235937;-14.3968279812388;10.4787064575648
6000;1121;5989;155;155;-17.3953594645289;-16.2967471758608;-14.9104528147409;-12.9765188567323;-2.45458689730178;-16.702212283969;-2.28207433223994;-14.3993762648007;10.4814196609359
6020;1129;6008;155;159;-17.4016943868879;-16.3030820982198;-14.9167877370999;-13.0196677522141;-2.45577446811101;-16.708547206328;-2.28022057122604;-14.4385302209726;10.4596065892575
6040;1130;6022;155;159;-17.4063494180834;-16.3077371294152;-14.9214427682954;-13.0243227834095;-2.45475450166836;-16.7132022375234;-2.28169636834187;-14.4405168293241;10.4683917598721
6060;1134;6038;155;162;-17.4116562205336;-16.3130439318655;-14.9267495707456;-13.054947393844;-2.45384572928108;-16.7185090399736;-2.27963368094437;-14.4675450287674;10.4262115448627
6080;1138;6056;156;162;-17.4176095902346;-16.3189973015665;-14.9327029404466;-13.060900763545;-2.45472959585081;-16.7244624096746;-2.27729982802255;-14.4743485662636;10.4202182299012
6100;1140;6078;156;162;-17.4248619469535;-16.3262496582854;-14.9399552971655;-13.0681531202639;-2.45466127010139;-16.7317147663935;-2.27863792194224;-14.4740891859649;10.4114081754028
6122;1143;6093;156;162;-17.429791700497;-16.3311794118289;-14.944885050709;-13.0730828738074;-2.45565649787602;-16.736644519937;-2.27914534803446;-14.4685032900902;10.3844668699777
6142;1144;6115;156;162;-17.4370000962425;-16.3383878075744;-14.9520934464545;-13.080291269553;-2.45670256771391;-16.7438529156826;-2.28130403923325;-14.4719478145654;10.3961206347458
6163;1150;6136;159;162;-17.4438566860942;-16.3452443974261;-14.9589500363062;-13.0871478594046;-2.45912813595458;-16.7507095055342;-2.27873390507336;-14.5011627576988;10.3887150459047
6184;1154;6158;161;162;-17.4510146569689;-16.3524023683008;-14.9661080071809;-13.0943058302793;-2.45902839868137;-16.7578674764089;-2.27923012413978;-14.5222139985882;10.3953713029941
6204;1157;6177;161;162;-17.4571759913918;-16.3585637027237;-14.9722693416038;-13.1004671647022;-2.46131403064344;-16.3585637027237;-2.28013006210092;-14.5236033520455;10.4089426732107
6225;1159;6199;161;162;-17.4642865354038;-16.3656742467357;-14.9793798856158;-13.1075777087142;-2.46122375597497;-16.3656742467357;-2.28432725414137;-14.5287292888516;10.4277979323678
6245;1161;6218;161;162;-17.4704071812374;-16.3717948925693;-14.9855005314494;-13.1136983545478;-2.46015449081701;-16.3717948925693;-2.28535302612535;-14.5312568406202;10.4414521299482
6267;1165;6239;161;162;-17.4771503842216;-16.3785380955535;-14.9922437344336;-13.1077025317546;-2.46198985191207;-16.3785380955535;-2.28528040360904;-14.5290068775005;10.4364120754378
6289;1168;6263;161;162;-17.4848291650508;-16.3862168763827;-14.9999225152628;-13.1028025303769;-2.46472599488121;-16.3862168763827;-2.28389487485403;-14.5278081585863;10.4488797701214
6309;1171;6281;161;162;-17.4905689649088;-16.3919566762407;-15.0056623151208;-13.1085423302349;-2.46336746422458;-16.3919566762407;-2.28848883369893;-14.5295543072919;10.4586661932888
6330;1176;6305;163;162;-17.498196496798;-16.3995842081299;-15.01328984701;-13.1161698621242;-2.46442687087742;-16.3995842081299;-2.28850476058007;-14.5489718349989;10.4436287875821
6351;1179;6322;163;164;-17.5035817855511;-16.404969496883;-15.0186751357631;-13.1533246612795;-2.46329629563165;-16.404969496883;-2.28794028499635;-14.5696049193444;10.434161688682
6371;1180;6341;163;164;-17.5095835274001;-16.410971238732;-15.0246768776121;-13.1528747007105;-2.46225584145589;-16.410971238732;-2.28859970490679;-14.5690159859257;10.4295630344798
6392;1182;6362;163;164;-17.5161961446182;-16.4175838559501;-15.0312894948302;-13.1594873179286;-2.46189550006156;-16.4175838559501;-2.29118166333895;-14.569902994425;10.4446656827652
6417;1183;6385;163;164;-17.5234135369333;-16.4248012482652;-15.0385068871453;-13.1413869022594;-2.46109484823632;-16.4248012482652;-2.29145533215371;-14.5698069656579;10.442958897668
6438;1185;6411;163;164;-17.5315410879745;-16.4329287993064;-15.0466344381865;-13.1495144533006;-2.46011966420374;-16.4329287993064;-2.29187840335912;-14.570249003175;10.4445058037126
6458;1188;6433;163;164;-17.538392542822;-16.4397802541539;-15.053485893034;-13.1563659081481;-2.4595126065752;-16.4397802541539;-2.29668685341432;-14.5724171327639;10.4682254273788
6478;1190;6461;163;166;-17.5470787671163;-16.4484664784482;-15.0621721173283;-13.1903699404267;-2.45964819985789;-16.4484664784482;-2.29727256637731;-14.5969622569923;10.4721049232129
6498;1193;6478;163;166;-17.5523341994625;-16.4537219107944;-15.0674275496745;-13.1703075647887;-2.46012374656827;-16.4537219107944;-2.29563469094525;-14.5931928202903;10.4692823141939
6518;1195;6492;164;166;-17.556651857269;-16.4580395686009;-15.071745207481;-13.1999430305794;-2.4581262876388;-16.4580395686009;-2.29593319084452;-14.6047453781114;10.4726609846327
6538;1196;6517;165;166;-17.5643388526648;-16.4657265639967;-15.0794322028768;-13.2076300259752;-2.45584072151521;-16.4657265639967;-2.29533310016848;-14.6167233190773;10.4821393249131
6558;1199;6536;165;166;-17.5701612730797;-16.4715489844116;-15.0852546232917;-13.1881346384058;-2.45592934320522;-16.4715489844116;-2.29867801749339;-14.6188872470934;10.4987451214439
6578;1203;6556;166;166;-17.5762718797274;-16.4776595910593;-15.0913652299394;-13.2195630530378;-2.45785074349773;-16.4776595910593;-2.29668819837666;-14.6279210241651;10.5089097724517
6598;1205;6573;166;166;-17.5814512565272;-16.482838967859;-15.0965446067392;-13.2247424298376;-2.45936401461133;-16.482838967859;-2.30089731236989;-14.6316782102465;10.5235016209041
6618;1208;6591;166;166;-17.5869207221054;-16.4883084334373;-15.1020140723174;-13.2048940874316;-2.46017561264397;-16.4883084334373;-2.30190902936502;-14.6320737470355;10.5397265195916
6639;1213;6613;168;166;-17.5935853753493;-16.4949730866812;-15.1086787255613;-13.2368765486597;-2.46060655594502;-16.4949730866812;-2.30224121451956;-14.6501901495999;10.5234719376781
6661;1217;6628;168;168;-17.5981167570929;-16.4995044684248;-15.1132101073049;-13.2673834168066;-2.4594465449547;-16.4995044684248;-2.30099506731705;-14.6670776226735;10.4945682844569
6682;1220;6645;170;168;-17.6032399422947;-16.5046276536266;-15.1183332925067;-13.2725066020084;-2.45995012163685;-16.5046276536266;-2.30143743738812;-14.687217028153;10.4955401793905
6702;1221;6663;170;168;-17.6086502251251;-16.510037936457;-15.1237435753371;-13.2779168848387;-2.46021812957222;-16.510037936457;-2.30206128152217;-14.6898753194532;10.5105756034459
6722;1225;6682;170;168;-17.6143452458334;-16.5157329571653;-15.1294385960454;-13.2836119055471;-2.46131705350895;-16.5157329571653;-2.30497397074705;-14.6905001611099;10.5299033914854
6742;1226;6693;171;168;-17.6176349662013;-16.5190226775332;-15.1327283164133;-13.286901625915;-2.46307732714466;-16.5190226775332;-2.30296687192886;-14.6991897699114;10.532094172709
6762;1228;6715;171;168;-17.6241982179147;-16.5255859292466;-15.1392915681267;-13.2934648776283;-2.46455681779243;-16.5255859292466;-2.30476516405954;-14.7032400992436;10.5503054734933
6783;1231;6735;171;168;-17.6301461776889;-16.5315338890208;-15.1452395279009;-13.2863407558352;-2.46233505591425;-16.5315338890208;-2.30780512730755;-14.7057087510341;10.5660779555297
6804;1234;6748;173;168;-17.6340028873317;-16.5353905986636;-15.1490962375437;-13.3032695470454;-2.46212690398005;-16.5353905986636;-2.3089781829787;-14.7252322986763;10.5620220747579
6824;1236;6770;173;168;-17.6405127318126;-16.5419004431445;-15.1556060820246;-13.3097793915263;-2.45849632012434;-16.5419004431445;-2.31139433634064;-14.7288737933006;10.5805570804526
6844;1238;6782;174;168;-17.6440546453712;-16.5454423567031;-15.1591479955832;-13.3133213050848;-2.45854273948993;-16.5454423567031;-2.31282318454704;-14.7398255751328;10.5821053340581
6867;1242;6801;174;168;-17.6496498783513;-16.5510375896832;-15.1647432285633;-13.3189165380649;-2.45761806082632;-16.5510375896832;-2.31279715447691;-14.734872848802;10.5588097105245
6887;1245;6824;174;168;-17.656402178343;-16.5577898896749;-15.171495528555;-13.3125967564893;-2.45633076090502;-16.5577898896749;-2.31738356090139;-14.7359748796026;10.57151291872
6908;1246;6853;174;168;-17.6648835831716;-16.5662712945035;-15.1799769333836;-13.3081747564821;-2.45827994637268;-16.5662712945035;-2.31885927958028;-14.7398337029287;10.6012101657919
6929;1249;6879;174;168;-17.672457143052;-16.5738448543839;-15.187550493264;-13.3157483163624;-2.45941509762887;-16.5738448543839;-2.31914646743989;-14.7394791626797;10.6110946216094
6949;1250;6894;174;168;-17.6768134941536;-16.5782012054855;-15.1919068443656;-13.320104667464;-2.46077534970874;-16.5782012054855;-2.32058957410068;-14.7426316023894;10.6224884817562
6969;1252;6923;174;168;-17.6852089613561;-16.5865966726879;-15.2003023115681;-13.3285001346665;-2.4597119300151;-16.5865966726879;-2.32111216354819;-14.7449987357024;10.6419907047976
6989;1254;6948;174;168;-17.692418254722;-16.5938059660539;-15.207511604934;-13.322970402255;-2.4595042793506;-16.5938059660539;-2.32052758190012;-14.7462865046376;10.6628182374213
7000;1256;6960;174;168;-17.6958695066569;-16.5972572179888;-15.2109628568689;-13.3264216541899;-2.45900926840951;-16.5972572179888;-2.32337605782146;-14.7440241099046;10.6546011009929
7020;1256;6985;174;168;-17.7030405433821;-16.604428254714;-15.2181338935941;-13.3210139087082;-2.46029283707344;-16.604428254714;-2.32258349997757;-14.747527200425;10.6848869340937
7040;1258;7003;176;168;-17.708187815311;-16.6095755266429;-15.223281165523;-13.3261611806372;-2.4620081801023;-16.6095755266429;-2.32180368152816;-14.7684304205896;10.6820920869916
7060;1259;7025;176;168;-17.7144609884039;-16.6158486997358;-15.2295543386159;-13.33243435373;-2.46242123490335;-16.6158486997358;-2.32484253773192;-14.7727842422904;10.6956556751293
7084;1261;7048;176;168;-17.720998335232;-16.6223860465639;-15.236091685444;-13.3389717005581;-2.46360734890832;-16.6223860465639;-2.32678643036618;-14.7739428771068;10.6929760857769
7104;1263;7077;176;168;-17.7292107361516;-16.6305984474835;-15.2443040863636;-13.3471841014777;-2.46597117046847;-16.6305984474835;-2.33300994904068;-14.7804730542713;10.7156980196035
7124;1268;7090;176;168;-17.7328812390523;-16.6342689503842;-15.2479745892643;-13.3508546043785;-2.46770300867401;-16.6342689503842;-2.33201564716995;-14.7761902989486;10.7273747932956
7144;1269;7105;176;168;-17.7371080810624;-16.6384957923943;-15.2522014312744;-13.3550814463885;-2.46707224737338;-16.6384957923943;-2.33495485938817;-14.7786544450289;10.7407897473651
7164;1272;7126;176;168;-17.7430106923316;-16.6443984036635;-15.2581040425436;-13.3547727976584;-2.46620359387329;-16.6443984036635;-2.33643537940835;-14.7758919943107;10.732737390041
7184;1274;7144;176;168;-17.7480562451127;-16.6494439564446;-15.2631495953247;-13.3536070904402;-2.46594680647684;-16.6494439564446;-2.33796905858148;-14.777468077373;10.7402297596721
7205;1278;7165;176;169;-17.7539266805245;-16.6553143918564;-15.2690200307365;-13.3594775258521;-2.46701252570827;-16.6553143918564;-2.33749457160503;-14.784557238516;10.7191496280615
7225;1280;7189;176;169;-17.7606147179677;-16.6620024292996;-15.2757080681797;-13.3661655632953;-2.46604171109533;-16.6620024292996;-2.33828427160557;-14.7859016807123;10.7378288532622
7246;1281;7210;176;169;-17.766448460558;-16.6678361718899;-15.28154181077;-13.3719993058856;-2.4637625438928;-16.6678361718899;-2.33975890672541;-14.7861427704889;10.7309035397837
7266;1283;7228;176;169;-17.7714353034242;-16.6728230147561;-15.2865286536362;-13.3769861487518;-2.46400630341862;-16.6728230147561;-2.34027516544107;-14.787886881413;10.7420242835145
7286;1287;7248;176;171;-17.7769616954456;-16.6783494067775;-15.2920550456576;-13.3949350607717;-2.46480125653388;-16.6783494067775;-2.33998485679037;-14.806051444854;10.7171302477827
7306;1295;7276;176;171;-17.784673079276;-16.6860607906079;-15.299766429488;-13.4026464446021;-2.46730603337322;-16.6860607906079;-2.34070542564855;-14.8027144733619;10.7270104297385
7326;1296;7288;176;172;-17.7879688778796;-16.6893565892115;-15.3030622280916;-13.4059422432057;-2.46776711155992;-16.6893565892115;-2.34138416816186;-14.8144155549581;10.7241079031407
7346;1298;7314;176;172;-17.7950911974187;-16.6964789087505;-15.3101845476307;-13.4130645627448;-2.46736335056067;-16.6964789087505;-2.34298914510055;-14.81738122943;10.7388502784089
7367;1302;7327;176;172;-17.7986428683199;-16.7000305796518;-15.3137362185319;-13.4041937136475;-2.46763371778388;-16.7000305796518;-2.34512832127876;-14.8124257615795;10.7211241733833
7387;1302;7350;176;172;-17.8049111844138;-16.7062988957457;-15.3200045346258;-13.4104620297413;-2.46921543730972;-16.7062988957457;-2.3448579598116;-14.8147924758721;10.7430724945493
7408;1307;7370;176;173;-17.8103459703668;-16.7117336816987;-15.3254393205788;-13.4158968156943;-2.4704483273647;-16.7117336816987;-2.34138138010215;-14.817718890619;10.7239135937477
7435;1307;7394;176;173;-17.8168482789932;-16.718235990325;-15.3319416292052;-13.4101290317289;-2.47043318920901;-16.718235990325;-2.34275884881847;-14.822317295646;10.7425846052755
7500;1310;7444;176;174;-17.8303272355243;-16.7317149468562;-15.3454205857363;-13.42360798826;-2.47048277945795;-16.7317149468562;-2.34380607522102;-14.83802326832;10.7706384174064
9000;1459;8958;176;174;-18.2006045335345;-16.8143101724146;-15.3673911894783;-13.4384305987367;-2.45918247302159;-17.1019922448664;-2.43682290140745;-14.8948373984439;11.3731294496417
9500;1495;9474;176;174;-18.3126129669674;-16.7031750545333;-15.368173987801;-13.4605827030478;-2.45836490005131;-17.2140006782993;-2.4608756963483;-14.9209097093651;11.5782306274163
