21;19;20;11;8;-5.99146454710798;-5.29831736654804;-4.89285225843987;-4.38202663467388;-2.77258872223978;-5.29831736654804;-0.502526820951296;-4.85733548547909;2.35219815486653
42;33;39;12;15;-7.32712329225929;-6.63397611169935;-5.9408289311394;-5.13610997492235;-3.07862805020993;-6.63397611169935;-0.675551418669566;-5.89023806007023;3.15698083210864
62;56;62;23;21;-8.25426877009018;-7.56112158953024;-6.86797440897029;-6.17482722841035;-3.46677702730814;-7.56112158953024;-0.467301767475312;-6.86216760792017;2.96395989647168
82;67;77;23;25;-8.68761084370737;-7.99446366314742;-7.30131648258748;-6.38502575071332;-3.61243702847354;-7.99446366314742;-0.558141078923137;-7.18997739424516;3.28175340145809
102;75;94;24;25;-9.08658956454001;-8.39344238398006;-7.70029520342012;-6.60168291475201;-3.43059775372016;-8.39344238398006;-0.732621434226737;-7.37332529798457;3.61232953985403
123;86;110;27;26;-9.40096073158483;-8.70781355102489;-7.79152281915073;-6.69291053048262;-3.47403470561442;-8.70781355102489;-0.733280706894659;-7.57756963630307;3.73704392351425
144;101;133;30;26;-9.78069825644351;-8.6820859677754;-7.98893878721545;-6.89032649854734;-3.45276147271431;-9.08755107588356;-0.858840277089875;-7.81392049614131;4.08800595585446
164;110;147;32;29;-9.98086517355747;-9.28771799299753;-8.18910570432942;-7.09049341566131;-3.58393551834133;-9.28771799299753;-0.83933911758165;-8.05493359696648;4.23859787556651
184;121;166;32;29;-10.2239755767131;-9.12536328804498;-8.27806542765777;-7.20384822107438;-3.59065714343271;-9.12536328804498;-0.940756559324331;-8.07654906749482;4.31470096438694
204;134;184;34;33;-10.429871515218;-9.33125922654986;-8.48396136616266;-7.33882906185966;-3.60115944357629;-9.33125922654986;-0.92962654243691;-8.34247906010645;4.52523785576829
224;142;201;34;38;-10.6066098161182;-9.50799752745004;-8.66069966706284;-7.4498357929796;-3.64436635185194;-9.50799752745004;-0.883745263740397;-8.51483381194783;4.57726211829918
244;148;217;36;38;-10.7597947070809;-10.066647526521;-8.74711886171334;-7.54091888221272;-3.67305677257034;-9.37350034596103;-0.906758698040889;-8.6346294094331;4.73006228649966
264;156;238;36;38;-10.944541347343;-9.84592905867484;-8.74731677000673;-7.61233683716775;-3.60695360380435;-9.55824698622306;-0.921982700165806;-8.64052129898938;4.79739661319837
284;163;255;37;38;-11.0825270903169;-9.98391480164874;-8.88530251298063;-7.6813297086547;-3.62088669810828;-9.98391480164874;-0.938606317929554;-8.68928690031963;4.86857120718963
304;178;284;40;41;-11.2979484763224;-10.1993361876543;-9.04804364115728;-7.83221257352269;-3.62751995413172;-10.1993361876543;-0.961607652359253;-8.91893136256031;5.05933780664303
324;192;307;41;42;-11.4536954951744;-10.0674011340545;-9.15111040218035;-7.89834743368498;-3.62168131466893;-10.0674011340545;-0.984950953384238;-8.98053567584968;5.09109983667859
345;198;324;42;42;-11.5614870315847;-10.1751926704648;-9.16359175878629;-7.97796809312855;-3.55411996360133;-10.1751926704648;-1.01275660514567;-9.0462726293098;5.21859528163397
365;201;339;42;43;-11.6520002147609;-10.5533879260928;-9.25410494196253;-7.98843856863125;-3.51988144180509;-10.265705853641;-1.03502378400691;-9.12730426251131;5.38539190278194
385;209;361;42;43;-11.7777559166658;-10.3914615555459;-9.29284926687776;-7.9935662827475;-3.48320640152208;-10.3914615555459;-1.09931080837212;-9.15194755959637;5.44530553035739
405;217;378;44;44;-11.8697883912392;-10.4834940301193;-9.38488174145117;-8.13211877295581;-3.43597680876199;-10.2603504788051;-1.1108860102139;-9.25738216049053;5.51912098935179
427;226;396;44;48;-11.962828422509;-10.8642161338409;-9.61258823961275;-8.27394896839503;-3.4472365124597;-10.8642161338409;-1.11015709479665;-9.40769616173963;5.66802942892948
448;234;414;44;48;-12.0517319476506;-10.6654375865307;-9.56682529786263;-8.18053093674274;-3.49531804308111;-10.6654375865307;-1.12476881269383;-9.41830444936846;5.77204823169931
468;240;432;44;48;-12.1368511764882;-10.7505568153683;-9.65194452670022;-8.22482817106008;-3.52216836379473;-10.7505568153683;-1.16184850316835;-9.4222382313587;5.79414175723342
488;248;454;44;49;-12.2361943960827;-10.8499000349628;-9.59713706646744;-8.26608051350984;-3.44866877054979;-10.8499000349628;-1.1684004516831;-9.46387414252291;5.8893590463748
500;254;465;44;53;-12.2840748111747;-10.8977804500548;-9.79916816138671;-8.41287380026682;-3.46190005022863;-10.8977804500548;-1.16275592882665;-9.60131219844973;6.01996141231583
520;261;485;44;55;-12.368297781875;-10.9820034207551;-9.88339113208697;-8.41705406329354;-3.47047877236421;-10.9820034207551;-1.16991869169229;-9.6743684152301;6.13787585478251
541;267;511;44;55;-12.4727391804074;-11.0864448192875;-9.90778982294587;-8.46540599517494;-3.46402551628319;-11.0864448192875;-1.21824771352998;-9.73107337187217;6.3266497759942
561;273;533;44;55;-12.5570428483317;-11.1707484872118;-9.91798551871643;-8.46269828610959;-3.39589272054628;-11.1707484872118;-1.24800993008356;-9.75999598149543;6.45274563322194
581;278;550;44;55;-12.619836556453;-11.2335421953331;-9.98077922683778;-8.43018181442661;-3.4089963094352;-11.2335421953331;-1.26189378400332;-9.76556759960165;6.49606553113599
601;283;569;44;56;-12.6877608682527;-11.3014665071328;-9.97971066715045;-8.4536543636554;-3.40120047036507;-11.3014665071328;-1.26688490488059;-9.8030944698305;6.57169155881154
621;288;589;45;56;-12.7568523673032;-11.3705580061833;-10.048802166201;-8.48018624828712;-3.42394044293881;-11.3705580061833;-1.28027973179874;-9.86392512012178;6.7311369146725
641;293;610;45;56;-12.8269179143347;-11.4406235532148;-10.0543291920949;-8.52285282113054;-3.42910262032378;-11.4406235532148;-1.28921203575069;-9.88082144083377;6.83686856749712
661;308;637;46;58;-12.9135393111443;-11.3041013987102;-10.1409505889045;-8.55683048445474;-3.44484269609819;-11.5272449500244;-1.29539834102979;-9.97073357548092;6.99312935996296
681;320;661;46;60;-12.9875076797034;-11.3780697672693;-10.2149189574636;-8.60548104502949;-3.46381748852683;-11.6012133185835;-1.32018870724805;-10.0321960892428;7.07246700956436
702;326;683;47;62;-13.0529897191416;-11.6666953580217;-10.2804009969018;-8.72225637885525;-3.45799937877115;-11.6666953580217;-1.32694679658024;-10.1400515371391;7.19924157873833
722;331;704;47;62;-13.1135567123161;-11.504118799882;-10.2231849544199;-8.7315300776422;-3.46896943080629;-11.504118799882;-1.3465938630103;-10.1603237961537;7.31968148795193
742;339;727;51;64;-13.177852955067;-11.7915585939471;-10.5387956254518;-8.98819821304061;-3.46081546990865;-11.7915585939471;-1.335371976089;-10.3564395243056;7.46758313251179
762;345;746;53;65;-13.2294512004075;-12.1308389117394;-10.5903938707923;-9.05506393051188;-3.44751000595089;-11.8431568392876;-1.33960414514638;-10.452158933149;7.55354088950577
782;353;768;54;65;-13.2875794662953;-12.1889671776272;-10.6485221366801;-9.09792472426892;-3.47456381692329;-11.9012851051755;-1.35990545135149;-10.4903209069236;7.6253787277951
802;362;801;56;65;-13.3717218941367;-11.9854275330168;-10.7326645645215;-9.15221418896061;-3.46125872786417;-11.9854275330168;-1.38102926430293;-10.5691211318888;7.74308264505761
823;371;826;58;66;-13.433189547042;-12.3345772583738;-10.8682401895804;-9.25116854108093;-3.45357463411828;-12.0468951859221;-1.37265725680434;-10.6499566148086;7.83812979228951
844;378;849;58;68;-13.4881183726227;-12.3895060839546;-10.8490610430074;-9.31373110272706;-3.4613518039264;-12.1018240115028;-1.37924519046965;-10.712217213223;7.93715062795413
864;389;868;58;74;-13.5323834293207;-12.4337711406526;-10.8933260997054;-9.4380388670986;-3.47270442360966;-12.1460890682008;-1.34773362292132;-10.8218580447651;7.93296526005902
884;398;893;58;74;-13.589173161753;-12.4905608730849;-10.9501158321377;-9.43029007839333;-3.48331635711914;-12.2028788006331;-1.3442115888736;-10.8225673595042;8.04039164212182
904;402;908;59;74;-13.6224887572026;-12.5238764685345;-10.9834314275873;-9.44810148730695;-3.48503641472067;-12.2361943960827;-1.35171979048592;-10.8611261076065;8.10585258558864
924;405;922;59;74;-13.6530904471132;-12.5544781584451;-11.0140331174979;-9.46343570508676;-3.48454994018564;-12.2667960859933;-1.35780800954622;-10.8657924277951;8.13620352929262
945;411;944;59;74;-13.700252332291;-12.6016400436229;-11.0611950026757;-9.42358621327495;-3.48806758008801;-12.3139579711711;-1.37143564394212;-10.8705766075031;8.16872847787637
965;418;963;59;77;-13.7401068235963;-12.6414945349281;-11.101049493981;-9.49161158154689;-3.50265016465703;-12.3538124624764;-1.37766310798788;-10.9451475092907;8.24582325376616
985;425;980;59;77;-13.7751051433292;-12.6764928546611;-11.136047813714;-9.49843902431318;-3.52951835830676;-12.3888107822093;-1.38264007158255;-10.9461831647076;8.29057724364363
1005;425;1000;59;77;-13.8155105579643;-12.7168982692962;-11.176453228349;-9.52505111681588;-3.53249127934649;-12.4292161968444;-1.38973627772475;-10.9685635564365;8.38497090673773
1026;431;1015;60;79;-13.8452877829518;-12.7466754942837;-11.2803384254902;-9.59679254090242;-3.52552707359089;-12.4589934218319;-1.3859187855605;-11.0382861171889;8.40634846083718
1046;437;1035;60;79;-13.8843134113989;-12.7857011227308;-11.2452560817837;-9.59385397025055;-3.53684541452631;-12.498019050279;-1.37791027300992;-11.0278477132266;8.4446609995043
1068;444;1052;60;80;-13.9168967865953;-12.8182844979272;-11.2778394569801;-9.61283169339114;-3.54967521782704;-12.5306024254754;-1.38549591173113;-11.0448725699163;8.45739345451173
1088;450;1068;60;82;-13.9470860390403;-12.8484737503722;-11.308028709425;-9.61635269875395;-3.55140537488616;-12.8484737503722;-1.38186451227937;-11.0811279826348;8.47784405064911
1109;451;1087;60;82;-13.9823537742424;-12.8837414855743;-11.3432964446272;-9.63854835238874;-3.55508488678008;-12.8837414855743;-1.39296960924552;-11.1034674672636;8.57511090984853
1131;460;1111;60;83;-14.0260315792793;-12.9274192906111;-11.386974249664;-9.66932275258967;-3.56087320897157;-12.9274192906111;-1.41290176031642;-11.1379629824129;8.66853167256158
1151;472;1130;65;85;-14.0599458234128;-12.9613335347447;-11.5750391736248;-9.96560126119067;-3.56797740254505;-12.9613335347447;-1.39907202288006;-11.2955326788856;8.68896547482025
1172;474;1143;65;87;-14.0828233275896;-12.9842110389215;-11.5979166778016;-9.98847876536752;-3.565231801834;-12.9842110389215;-1.39716807803339;-11.3396006409559;8.71730190082969
1195;481;1165;65;87;-14.1209527319996;-13.0223404433315;-11.6360460822116;-10.0100788678263;-3.57062375178004;-13.0223404433315;-1.40753852500598;-11.3412190135785;8.75312791032681
1215;485;1186;65;87;-14.1566831591153;-13.0580708704472;-11.6717765093273;-9.88001704009929;-3.55954855097762;-13.0580708704472;-1.4094031253331;-11.3375181164038;8.73909088681086
1237;496;1206;68;87;-14.1901287545743;-13.0915164659062;-11.7052221047863;-10.0312456712146;-3.56461506192781;-13.0915164659062;-1.4041476178409;-11.3913392565631;8.71146039834403
1258;501;1228;68;87;-14.2262842174142;-13.1276719287461;-11.6613348599526;-9.97778897536482;-3.56634610064886;-13.1276719287461;-1.41106847656999;-11.3918551872449;8.72548389222961
1278;505;1251;68;87;-14.2633970209338;-13.1647847322657;-11.6243396913186;-9.98673090191777;-3.55294265163829;-13.1647847322657;-1.41893173559724;-11.3900014470689;8.70234521434613
1299;512;1275;69;87;-14.3014029151851;-13.2027906265169;-11.6623455855698;-9.99733782198088;-3.55798745088078;-13.2027906265169;-1.43283819205457;-11.4145755345894;8.70249255194286
1321;521;1302;69;87;-14.343313645537;-13.2447013568689;-11.7042563159218;-9.96128701086315;-3.56084270593726;-13.2447013568689;-1.44087400860571;-11.4020541258357;8.65540887142985
1341;524;1319;69;87;-14.3692583054346;-13.2706460167665;-11.7302009758194;-9.98723167076075;-3.56426883849779;-13.2706460167665;-1.44713038488918;-11.4124724842806;8.71674373918365
1362;528;1334;69;87;-14.3918744529511;-13.293262164283;-11.6838242518489;-9.96105765410782;-3.5680244691708;-13.293262164283;-1.45511802333229;-11.4224060528604;8.7871258271853
1382;532;1348;69;87;-14.4127545829445;-13.3141422942764;-11.7047043818423;-9.98193778410119;-3.5797442297655;-13.3141422942764;-1.45849274768635;-11.4279984706331;8.83655484833197
1403;539;1367;70;87;-14.4407476734479;-13.3421353847798;-11.7326974723457;-10.0099308746046;-3.58319202470359;-13.3421353847798;-1.47200644889915;-11.4605838363714;8.92415120573289
1425;546;1391;70;87;-14.4755563838469;-13.089262022727;-11.7029676616071;-9.97574671351662;-3.59675475898714;-13.3769440951788;-1.47280796905295;-11.4638088450118;9.0173272487322
1448;551;1410;70;87;-14.5026899667444;-13.1163956056245;-11.7301012445046;-10.0028802964142;-3.61219230212149;-13.4040776780763;-1.49347289127996;-11.470641731395;9.07681609391059
1468;557;1428;70;89;-14.5280602857991;-13.4294479971309;-11.8200100846968;-10.0282506154688;-3.61388132596729;-13.4294479971309;-1.50171894150651;-11.5112474021359;9.08714465721959
1490;563;1453;70;92;-14.5627713271406;-13.4641590384725;-11.8547211260384;-10.1201200706503;-3.6098617301271;-13.4641590384725;-1.50033631399623;-11.5673383569735;9.11337358184858
1510;565;1466;70;92;-14.5805857648932;-13.4819734762251;-11.8079970426534;-10.0807760945629;-3.61030344157585;-13.4819734762251;-1.50288299004707;-11.5690027785354;9.11991370942558
1530;568;1488;70;92;-14.6103764307861;-13.511764142118;-11.8377877085463;-10.1105667604558;-3.60787666956051;-13.511764142118;-1.51453568944408;-11.5833350086262;9.19210109106715
1551;574;1510;70;92;-14.6397298596179;-13.253435498498;-11.8671411373782;-10.1071303664647;-3.62028138007909;-13.5411175709498;-1.5250237242058;-11.5882680102675;9.23328293002941
1571;576;1528;70;92;-14.6634299394529;-13.277135578333;-11.8908412172132;-10.0990817479851;-3.63055843958194;-13.5648176507848;-1.53134992186531;-11.6026026566064;9.30118639701054
1593;577;1546;70;92;-14.6868524582947;-13.3005580971748;-11.914263736055;-10.1225042668269;-3.6174678702849;-13.5882401696266;-1.53459441272804;-11.6094064027542;9.32727931768489
1614;585;1568;70;94;-14.7151124018207;-13.6165001131526;-11.9425236795809;-10.1507642103529;-3.62088927174066;-13.6165001131526;-1.53677898307807;-11.6440298979716;9.33466568546098
1634;590;1591;70;94;-14.7442360566756;-13.6456237680075;-11.9110227126194;-10.1440910386142;-3.62368673527179;-13.6456237680075;-1.54924694795106;-11.6508364494077;9.39942165914445
1656;596;1610;70;96;-14.767978915957;-13.3816845548371;-11.9347655719008;-10.2141020243565;-3.626523011837;-13.6693666272889;-1.55402499529981;-11.6891055427022;9.42979549173667
1676;597;1630;70;96;-14.7926705876016;-13.4063762264817;-11.9594572435454;-10.197550737467;-3.63882295118643;-13.6940582989335;-1.55721962538124;-11.7002224117524;9.51062787618641
1696;601;1643;70;97;-14.8085582360745;-13.4222638749546;-12.0359695138348;-10.2134383859399;-3.6439994671726;-13.7099459474064;-1.55791774562816;-11.712439555511;9.49900734765775
1716;617;1669;77;101;-14.8399598473237;-13.7413475586556;-12.2009025177084;-10.49615442547;-3.65988119875961;-13.7413475586556;-1.52958115338346;-11.9213960286578;9.50236120224288
1736;620;1690;77;101;-14.8649676158342;-13.7663553271661;-12.156917414732;-10.5082587891446;-3.66470020938597;-13.4786732547143;-1.53273074617404;-11.9325966420673;9.57276838176581
1756;627;1712;77;102;-14.8908351134034;-13.7922228247353;-12.2517777837881;-10.5088084787295;-3.67118064318915;-13.5045407522835;-1.52877317814596;-11.948318391734;9.62865973943039
1776;630;1730;77;102;-14.9117533749836;-13.8131410863155;-12.2037031738814;-10.4929127671871;-3.67699539009662;-13.5254590138638;-1.53603077243232;-11.9568185515338;9.6757894715715
1800;636;1752;77;103;-14.9370265429927;-13.8384142543246;-12.2289763418905;-10.5062097441494;-3.68174549849822;-13.5507321818728;-1.53508332777205;-11.9733821330868;9.70854598013154
1820;641;1775;77;103;-14.963111403819;-13.8644991151509;-12.2550612027168;-10.5322946049757;-3.68058071687721;-13.5768170426991;-1.54698050790702;-11.9823889007456;9.75111434950125
1840;642;1790;77;103;-14.9799417976696;-13.8813295090015;-12.2718915965674;-10.5491249988263;-3.67736706221483;-13.5936474365497;-1.55571833256176;-11.9943584433647;9.79588616605993
1861;645;1814;77;103;-15.0065792613502;-13.9079669726821;-12.298529060248;-10.5406711426956;-3.65623155113729;-13.6202849002303;-1.56166148117647;-12.0036267512057;9.84580124215418
1881;650;1831;77;103;-15.025235089349;-13.9266228006809;-12.2526463671092;-10.5478982748708;-3.66816842888741;-13.6389407282291;-1.57367876230682;-11.9996313847983;9.82520254077711
1901;661;1858;77;103;-15.0545118387476;-13.9558995500795;-12.2819231165078;-10.5327232616985;-3.66492984001437;-13.6682174776277;-1.57640314937844;-11.9921406880837;9.872033577369
1921;665;1873;77;104;-15.0705934048882;-13.9719811162201;-12.2980046826484;-10.5597338983713;-3.66422917615229;-13.6842990437683;-1.5763161875802;-12.0056822152143;9.86856631043634
1942;671;1894;77;106;-15.092892547492;-13.9942802588239;-12.3203038252523;-10.5930828771618;-3.65281738433607;-13.4834546350579;-1.57535685146499;-12.028467712814;9.82776087812978
1962;672;1911;77;106;-15.1107638884805;-14.0121515998124;-12.3381751662408;-10.5889753114315;-3.64464705221853;-13.5013259760464;-1.57759104286895;-12.0341169830913;9.84988672686167
1984;677;1935;77;106;-15.1357252109278;-14.0371129222597;-12.3025118668715;-10.5713770194599;-3.6392543840295;-13.5262872984937;-1.57980955565563;-12.0308689887099;9.84083100230884
2004;680;1947;77;107;-15.1480900107444;-14.0494777220763;-12.3148766666882;-10.5837418192766;-3.64303544015474;-13.5386520983103;-1.57822810478443;-12.0480177370093;9.85698522782748
2024;682;1964;77;107;-15.1654769778288;-14.0668646891607;-12.3322636337726;-10.601128786361;-3.64210625499706;-13.5560390653947;-1.58464625899709;-12.0598149755988;9.90350888456847
2044;684;1982;77;107;-15.1837234297799;-14.0851111411118;-12.3505100857237;-10.5987559511093;-3.65146603651015;-13.5742855173458;-1.58715526038525;-12.0679320258497;9.95990834873411
2064;694;2006;79;107;-15.2077959370438;-14.1091836483757;-12.3745825929875;-10.6434477455759;-3.65540940319262;-13.5983580246097;-1.5855510043203;-12.1071365815407;9.98826749281735
2084;697;2033;79;107;-15.2345356272567;-13.8482412661368;-12.4013222832005;-10.6495681485861;-3.6688564348506;-13.6250977148226;-1.59139589919368;-12.1172873546745;10.0665444097467
2104;704;2053;82;107;-15.2541148340379;-14.1555025453698;-12.4209014899817;-10.6691473553673;-3.67315695867581;-13.6446769216038;-1.58626357060555;-12.1767879840986;10.0610549617047
2124;713;2084;83;107;-15.2840888057465;-14.1854765170784;-12.3937170478503;-10.6991213270759;-3.66442777093893;-13.6746508933124;-1.59010202128249;-12.2051477667974;10.1513412888977
2146;719;2110;84;107;-15.3088864529402;-14.2102741642721;-12.4185146950441;-10.7037162669521;-3.66393322523051;-14.6157392723803;-1.59400318559331;-12.2209681691274;10.1434499099512
2167;724;2127;85;109;-15.3249356304005;-14.2263233417324;-12.5523469081607;-10.7399681517299;-3.66759818170951;-14.6317884498405;-1.59256866622484;-12.2681753004128;10.1134539162427
2187;727;2137;85;109;-15.3343165106383;-14.2357042219702;-12.5617277883985;-10.7493490319677;-3.67497304322047;-14.6411693300784;-1.59260535705506;-12.2706576939524;10.1462420675626
2207;729;2154;85;109;-15.3501637154327;-14.2515514267646;-12.5169503713765;-10.7449935294446;-3.6722663320036;-14.6570165348727;-1.59703720116016;-12.2733927823997;10.158664580879
2229;731;2169;85;109;-15.3640430216537;-14.2654307329856;-12.5308296775975;-10.7588728356657;-3.66747187692743;-14.6708958410938;-1.60397012358194;-12.2819762537885;10.2059827952054
2251;735;2193;87;109;-15.3860514968358;-14.2874392081677;-12.613462774596;-10.7808813108477;-3.6673646794491;-14.6929043162758;-1.60671749019067;-12.3294989747057;10.2412493685825
2271;744;2215;88;109;-15.4060153649585;-14.3074030762904;-12.6334266427187;-10.7810425516742;-3.6651737556359;-14.7128681843985;-1.6183108362402;-12.3488052385554;10.2686016406128
2291;746;2235;88;109;-15.4239930140953;-14.3253807254272;-12.6514042918556;-10.7990202008111;-3.66753330816317;-14.7308458335354;-1.62005718560559;-12.3522918004825;10.3093722196801
2311;748;2251;88;109;-15.4382596818135;-14.3396473931454;-12.6656709595737;-10.8035306935838;-3.66790518756248;-14.7451125012535;-1.6236665445509;-12.3553051613167;10.3209999106217
2331;750;2267;88;110;-15.4524253010151;-14.3538130123469;-12.6798365787753;-10.8176963127854;-3.65244295898697;-14.7592781204551;-1.62558022211602;-12.3760769489161;10.3498501572455
2353;750;2288;88;110;-15.4708667049994;-14.3722544163313;-12.6376533609432;-10.826475805858;-3.6522964672032;-14.7777195244394;-1.63012221756852;-12.3827417495059;10.3784148688126
2375;756;2306;89;111;-15.486539401658;-14.3879271129899;-12.6533260576018;-10.8813692156699;-3.66030066786298;-14.7933922210981;-1.63508657569676;-12.4174284473126;10.3784884674108
2396;761;2325;89;113;-15.5029506360429;-14.4043383473748;-12.6697372919867;-10.9078307859083;-3.66146270580586;-14.809803455483;-1.63505732736421;-12.4464479107904;10.3673617621133
2416;764;2350;89;113;-15.5243412142764;-14.4257289256083;-12.6911278702202;-10.9191710282883;-3.66410955537155;-14.8311940337165;-1.64187505865896;-12.454797506219;10.4232536959785
2436;768;2365;91;113;-15.5370666018521;-14.438454313184;-12.7644778796123;-10.9369215837907;-3.66932391744522;-14.8439194212921;-1.64571043943474;-12.4974635599815;10.436010732293
2456;771;2388;91;113;-15.556422949025;-14.4578106603569;-12.7232096049688;-10.9512527630369;-3.67018373596368;-14.863275768465;-1.65097114366951;-12.5062121935098;10.4849978634598
2476;775;2411;91;113;-15.5755937563623;-14.4769814676942;-12.6852219984662;-10.9408647681327;-3.66336881847491;-14.8824465758024;-1.65270701556293;-12.5086974553633;10.5275673539771
2498;780;2437;91;113;-15.5970461072504;-14.4984338185823;-12.7066743493542;-10.9430857570929;-3.65947401475609;-14.9038989266905;-1.65501656119981;-12.5082772992261;10.5218302168973
2518;787;2458;91;113;-15.614206580252;-14.5155942915839;-12.7238348223558;-10.9507674861399;-3.6676821679298;-14.921059399692;-1.657267643103;-12.4994538354439;10.4942006268007
2538;788;2470;91;113;-15.623946859244;-14.5253345705759;-12.7335751013479;-10.9511180247821;-3.67398010273091;-14.9307996786841;-1.66255486041851;-12.5067300651695;10.5199709824397
2558;793;2494;92;113;-15.64328625248;-14.5446739638119;-12.7529144945838;-10.9611550253557;-3.66955558436841;-14.95013907192;-1.6678386452039;-12.5321513820454;10.5764242609476
2578;795;2505;92;113;-15.6520880270379;-14.5534757383698;-12.7617162691418;-10.9607401448088;-3.66419004820138;-14.958940846478;-1.6740607395783;-12.5362912655375;10.6047109203126
2598;802;2528;93;113;-15.6703675105335;-14.5717552218654;-12.7799957526373;-10.9790196283044;-3.66140523927072;-14.9772203299736;-1.6835247245332;-12.5570241969227;10.631878629804
2618;805;2546;93;113;-15.6845575582347;-14.5859452695666;-12.7941858003385;-10.9840771924423;-3.66334569059343;-14.9914103776748;-1.68323487593509;-12.5571263742158;10.6438563002874
2638;810;2568;93;113;-15.7017653296197;-14.6031530409516;-12.8113935717235;-10.9743775109074;-3.67222701920188;-15.0086181490598;-1.68993498221788;-12.5546097184999;10.6400276328151
2659;812;2588;95;113;-15.7172813112416;-14.6186690225735;-12.8269095533454;-10.9898934925292;-3.67039785084834;-15.0241341306816;-1.69024725402519;-12.5958983698143;10.6461473238396
2679;815;2607;95;115;-15.731910827867;-14.6332985391989;-12.8415390699708;-11.0314304620746;-3.66457165376959;-15.0387636473071;-1.69007139711578;-12.6291300218778;10.6667691446476
2699;821;2631;95;115;-15.7502385620806;-14.6516262734125;-12.8598668041844;-11.0407083607683;-3.65917280926004;-15.0570913815206;-1.69943851425855;-12.6345902213028;10.6958908184745
2719;825;2648;95;115;-15.7631198341138;-14.6645075454457;-12.8186808549474;-11.0446209628187;-3.66536206406789;-15.0699726535539;-1.70526798632983;-12.6410343142259;10.7458918935544
2739;827;2669;95;115;-15.778918298809;-14.6803060101409;-12.8344793196426;-11.0427198504146;-3.66624466053746;-15.0857711182491;-1.71340027738153;-12.647590116327;10.7972502445772
2760;833;2687;95;115;-15.792361217231;-14.6937489285629;-12.8479222380645;-11.0301872824332;-3.66805735151347;-15.099214036671;-1.7196605267941;-12.6429497286207;10.7907801011129
2780;839;2715;98;115;-15.8130944647361;-14.714482176068;-12.8686554855696;-11.0768960163416;-3.66042259593301;-15.1199472841761;-1.72192305047673;-12.7019603620042;10.8086023443256
2800;844;2730;98;117;-15.824113776358;-14.7255014876899;-12.9337420184618;-11.0879153279635;-3.65848819564302;-15.1309665957981;-1.71953111248625;-12.7222261502177;10.7525002185743
2821;847;2746;98;117;-15.8358011726558;-14.7371888839877;-12.9454294147597;-11.0908690442926;-3.66703587193617;-15.1426539920959;-1.72403713195778;-12.7231792538046;10.751935730471
2842;848;2765;98;117;-15.8495918279129;-14.7509795392448;-12.9592200700167;-11.1046596995496;-3.66313532706784;-15.1564446473529;-1.72795779035821;-12.7310659404867;10.8020625678826
2862;851;2785;98;117;-15.8640063047228;-14.7653940160547;-12.9195673255563;-11.101832369925;-3.66962169898779;-15.1708591241628;-1.73072879687476;-12.7324788445079;10.8202979433002
2882;854;2801;98;117;-15.8754635505202;-14.7768512618521;-12.9310245713538;-11.1047789260546;-3.66550845147582;-15.1823163699603;-1.73858641698181;-12.7382082535888;10.8559216223972
2902;858;2818;98;117;-15.8875653849173;-14.7889530962491;-12.9431264057508;-11.1084418918057;-3.66806331907542;-15.1944182043573;-1.74439199371884;-12.7407192596797;10.8781849806173
2924;863;2833;98;117;-15.898182999661;-14.7995707109929;-12.9537440204946;-11.1190595065495;-3.66918515615648;-15.2050358191011;-1.74973358296661;-12.739498840759;10.8820831706447
2944;867;2854;98;117;-15.9129535960736;-14.8143413074055;-12.9172213225196;-11.1254618532915;-3.66194582654964;-15.2198064155136;-1.75895283894476;-12.7416430689496;10.8865334202032
2964;873;2879;100;118;-15.9303965812244;-14.8317842925562;-12.9859576020579;-11.1429048384423;-3.66091730490286;-15.2372494006644;-1.75842280173295;-12.7845837792885;10.8657153723607
2984;878;2899;100;118;-15.9442422578433;-14.8456299691752;-12.9998032786769;-11.1567505150613;-3.66241299991389;-15.2510950772834;-1.76997881635291;-12.7900873942909;10.8992417600858
3000;879;2908;100;118;-15.9504416773068;-14.8518293886387;-13.0060026981404;-11.1629499345248;-3.66551164169915;-15.2572944967469;-1.76989710994214;-12.7883095488417;10.88679965014
3021;882;2937;100;118;-15.9702878623972;-14.8716755737291;-13.0258488832308;-11.1581035070248;-3.67187307369264;-15.2771406818373;-1.77238227593402;-12.7901046715018;10.9265564898546
3041;883;2961;100;118;-15.9865646562032;-14.8879523675351;-13.0421256770367;-11.1743803008308;-3.66401204586702;-15.2934174756432;-1.7752373865707;-12.7927560439936;10.9295160066976
3061;887;2980;100;118;-15.9993571589989;-14.9007448703308;-13.0036248854449;-11.1710434216966;-3.67534149061098;-15.306209978439;-1.77905772151749;-12.7965754808589;10.9767435090022
3081;892;2999;103;118;-16.012068357498;-14.9134560688299;-13.0676293783316;-11.2162778119013;-3.67616114418761;-15.3189211769381;-1.77903171825868;-12.8442287402709;10.9430692086547
3101;894;3013;103;118;-16.0213830782606;-14.9227707895925;-13.0256508047066;-11.2011015126556;-3.67810828557644;-14.9227707895925;-1.78162818420346;-12.845697694087;10.959510286439
3121;900;3041;105;118;-16.0398833753547;-14.9412710866866;-13.0441511018007;-11.2276990199823;-3.67181943950385;-14.9412710866866;-1.77999409456096;-12.8699254877045;10.8930460061089
3141;904;3062;105;119;-16.0536471524353;-14.9550348637671;-13.0579148788813;-11.225333415133;-3.67394898458965;-14.9550348637671;-1.78060479112682;-12.8882870400914;10.9387692168894
3162;906;3080;105;119;-16.0653697519352;-14.9667574632671;-13.0696374783812;-11.2290878449838;-3.67705888641686;-14.9667574632671;-1.78300363971763;-12.8876113532255;10.9419268471444
3182;915;3100;110;119;-16.0783147809465;-14.9797024922784;-13.1879430230503;-11.2908230381644;-3.68003213087202;-14.6920204198266;-1.77750996846462;-12.9543301341427;10.8762323236508
3202;918;3123;110;119;-16.0930987145662;-14.994486425898;-13.20272695667;-11.2568168076147;-3.68474666823442;-14.7068043534463;-1.78076065093749;-12.9572376870141;10.9098689184884
3223;920;3140;110;119;-16.1039561578046;-15.0053438691365;-13.2135843999084;-11.2676742508531;-3.68143431825294;-14.7176617966847;-1.78711773735256;-12.9646292187164;10.9465058203806
3245;926;3162;110;119;-16.1179200355388;-15.0193077468707;-13.1734810563724;-11.2658897716192;-3.69401793351822;-14.7316256744189;-1.7904532931332;-12.9635520141239;10.9595003303695
3266;929;3172;110;119;-16.1242351655095;-15.0256228768414;-13.1285028919555;-11.2722049015899;-3.69024637562696;-14.7379408043896;-1.79179147265342;-12.9622250101553;10.9683593554515
3287;934;3188;110;120;-16.1342980798202;-15.0356857911521;-13.1898591006538;-11.2744856754585;-3.69192876573091;-14.7480037187003;-1.79263929111548;-12.9800500308955;11.0034530332083
3308;936;3208;110;121;-16.1468059379728;-15.0481936493047;-13.2023669588064;-11.3105240310213;-3.68478959577807;-14.7605115768529;-1.79989331077383;-13.0034325045194;11.0338682064512
3328;942;3233;114;121;-16.1623315554509;-15.0637192667828;-13.2719597975547;-11.4173994270876;-3.685034017021;-14.776037194331;-1.79789413309678;-13.0623234183879;11.0040164653996
3348;944;3249;114;121;-16.1722050713382;-15.0735927826701;-13.281833313442;-11.4186148802318;-3.68389012210661;-14.7859107102183;-1.80241637394413;-13.0683980738717;11.0372526600259
3370;946;3267;114;121;-16.1832548232021;-15.084642534534;-13.292883065306;-11.4296646320958;-3.68398285328422;-14.7969604620823;-1.80590409593117;-13.0733620652966;11.070683974247
3390;950;3287;114;121;-16.1954611473284;-15.0968488586603;-13.3050893894323;-11.4247765228628;-3.68131573969875;-14.8091667862085;-1.81175797351218;-13.0775967387942;11.0965087291094
3410;953;3308;114;121;-16.2081981122872;-15.1095858236191;-13.317826354391;-11.4207063695051;-3.68323546718102;-14.8219037511673;-1.8108496594306;-13.0818804301691;11.1489559604116
3430;955;3324;114;122;-16.2178483119507;-15.1192360232826;-13.3274765540545;-11.4556743771529;-3.68343641302948;-14.8315539508308;-1.8122847702371;-13.1007086225792;11.167342725077
3450;958;3351;114;122;-16.2340281754746;-15.1354158868065;-13.3436564175785;-11.4465364326926;-3.68760510892558;-14.8477338143547;-1.81369522153684;-13.1036011408373;11.19727932299
3470;962;3369;114;122;-16.2447424868131;-15.146130198145;-13.3003035076467;-11.4572507440311;-3.69442077984841;-14.8584481256932;-1.81542724283553;-13.1071248137291;11.2349372167497
3490;964;3385;115;122;-16.2542183706928;-15.1556060820246;-13.3097793915263;-11.4667266279107;-3.70001316370166;-14.8679240095729;-1.82101397046002;-13.1253699652526;11.2513833069186
3510;967;3408;117;122;-16.2677617758984;-15.1691494872303;-13.323322796732;-11.567281410106;-3.69226579360734;-14.8814674147785;-1.82257166545581;-13.1591848419132;11.2612129582579
3530;971;3424;117;122;-16.2771294745233;-15.1785171858552;-13.3326904953568;-11.5586306032282;-3.69255190246771;-14.8908351134034;-1.82378467730088;-13.1622397944661;11.2970471638291
3552;974;3438;117;122;-16.2852903718856;-15.1866780832175;-13.3408513927191;-11.5490919234911;-3.6888662560573;-14.8989960107657;-1.82536342429343;-13.1671488958043;11.3291616406698
3573;977;3453;118;122;-16.29399739478;-15.1953851061119;-13.4036256368838;-11.5935170289876;-3.68984685957566;-14.9077030336601;-1.82427904898335;-13.1794134730128;11.3041001363595
3593;981;3479;118;122;-16.3090003503039;-15.2103880616358;-13.4186285924077;-11.5468264155061;-3.68810319945518;-14.922705989184;-1.82645817378253;-13.1810092924967;11.3408892394901
3613;984;3502;118;122;-16.3221790256916;-15.2235667370235;-13.3264467521376;-11.5430555325801;-3.68840370313826;-14.9358846645717;-1.83035416852748;-13.1871245674817;11.3815438911862
3634;988;3525;118;122;-16.3352714304927;-15.2366591418246;-13.3395391569387;-11.539480884896;-3.6863608237896;-14.9489770693728;-1.83059962525659;-13.1828978300086;11.3572007023674
3656;995;3549;118;125;-16.348842305293;-15.2502300166249;-13.4584705473968;-11.6303434339979;-3.6911846160411;-14.9625479441731;-1.83660647577807;-13.2307866194196;11.3897837951175
3678;996;3572;118;125;-16.3617618839928;-15.2631495953247;-13.4713901260966;-11.6343740652804;-3.69418411947177;-14.7523239715587;-1.83960072836833;-13.2379314525459;11.4305842820458
3699;997;3591;118;125;-16.3723719884522;-15.2737596997841;-13.482000230556;-11.6361735400577;-3.69219787131274;-14.7629340760181;-1.84234618190706;-13.245326961443;11.4672290932469
3719;1000;3603;118;126;-16.3790442214962;-15.2804319328281;-13.54583087744;-11.6428457731017;-3.69011650637553;-14.7696063090621;-1.84465636000118;-13.2626864404646;11.4892459232173
3740;1002;3619;118;126;-16.3879060471275;-15.2892937584594;-13.4975342892313;-11.651707598733;-3.68786303289948;-14.7784681346934;-1.84798222672927;-13.2626538516129;11.4826530070918
3761;1004;3640;118;126;-16.3994779212616;-15.3008656325935;-13.5091061633654;-11.6458877301552;-3.68957405587837;-14.7900400088275;-1.85468595866397;-13.2709559406695;11.5227267082528
3781;1007;3666;118;126;-16.4137128567993;-15.3151005681312;-13.5233410989031;-11.6515389220015;-3.69162408151615;-14.8042749443652;-1.85594024492462;-13.2672206576218;11.5065085428622
3802;1010;3682;118;126;-16.422422723586;-15.3238104349179;-13.4779837444196;-11.6602487887883;-3.69162154912089;-14.8129848111519;-1.85499101582345;-13.2642072537166;11.5169334673498
3822;1018;3701;120;126;-16.4327166647723;-15.3341043761042;-13.5423449068761;-11.6620320403066;-3.69089946703373;-14.8232787523382;-1.85473111086111;-13.2869644165536;11.4960027956542
3842;1022;3717;120;126;-16.4413443405945;-15.3427320519264;-13.5509725826983;-11.662220847483;-3.68975483150841;-14.8319064281604;-1.8566556229374;-13.2854606186189;11.4919179311941
3864;1028;3736;120;129;-16.4515415986975;-15.3529293100294;-13.5611698408013;-11.7330427274024;-3.69045803711313;-14.8421036862634;-1.86022243050104;-13.3268639454914;11.4750671267369
3884;1033;3765;120;129;-16.467006280468;-15.3683939917999;-13.5766345225718;-11.7220741521047;-3.68452815740932;-14.8575683680339;-1.86779419867797;-13.3323280353243;11.513214895764
3904;1037;3781;120;130;-16.4754876077819;-15.3768753191138;-13.5851158498857;-11.7392891593874;-3.67756711069866;-14.8660496953478;-1.87082901893022;-13.3468005279663;11.541917211662
3926;1039;3805;120;130;-16.4881425405916;-15.3895302519235;-13.5977707826954;-11.7432104122283;-3.67981068669519;-14.8787046281575;-1.87276900521811;-13.3535696110523;11.587274972802
3946;1041;3823;120;130;-16.4975814673928;-15.3989691787247;-13.6072097094967;-11.7526493390296;-3.67638534686673;-14.8881435549587;-1.87895156323363;-13.360459058954;11.6163169162113
3966;1046;3839;120;130;-16.5059343900016;-15.4073221013335;-13.6155626321054;-11.7184426472196;-3.6778346964146;-14.8964964775675;-1.87695062973046;-13.3535320328974;11.6025115293184
3986;1048;3865;120;130;-16.519433922043;-15.4208216333749;-13.6290621641469;-11.731942179261;-3.67886067538573;-14.9099960096089;-1.88060135535929;-13.356733024109;11.61302369927
4008;1049;3880;120;130;-16.5271808652346;-15.4285685765665;-13.6368091073385;-11.7396891224526;-3.67978078787432;-14.9177429528005;-1.88258718982096;-13.3617526678424;11.642569756695
4029;1053;3895;121;130;-16.5348979166097;-15.4362856279416;-13.6445261587135;-11.7474061738277;-3.68054994131512;-14.9254600041756;-1.88355902250152;-13.3731154421999;11.6440300339586
4049;1057;3919;121;130;-16.5471835963993;-15.4485713077312;-13.6568118385031;-11.7596918536172;-3.68136027712766;-14.9377456839652;-1.8882050741746;-13.3777733810471;11.672739616391
4069;1060;3936;121;130;-16.5558405163443;-15.4572282276762;-13.6654687584481;-11.7683487735622;-3.68081092905539;-14.9464026039102;-1.89601611718147;-13.3803453941902;11.6941603787453
4089;1067;3960;121;134;-16.5679986084971;-15.4693863198289;-13.6776268506009;-11.8406107897847;-3.68283713965797;-14.958560696063;-1.8895432445694;-13.4255946943339;11.662538570718
4109;1069;3979;121;134;-16.5775716208539;-15.4789593321857;-13.6871998629577;-11.8501838021415;-3.68015341671037;-14.9681337084198;-1.89407441334178;-13.427975611098;11.657270020742
4129;1069;3994;121;134;-16.5850970279515;-15.4864847392834;-13.6947252700554;-11.848898579557;-3.68550727029452;-14.9756591155174;-1.89590516246803;-13.4335709707082;11.6826514976122
4149;1074;4016;121;135;-16.5960833227431;-15.497471034075;-13.7628699786869;-11.8511511943799;-3.68770555886825;-14.986645410309;-1.89587673017483;-13.4479704333138;11.7078979792928
4170;1079;4037;121;135;-16.6065142417059;-15.5079019530378;-13.7161424838097;-11.8615821133426;-3.6860345173216;-14.9970763292718;-1.90071078588884;-13.4499823152715;11.736211602078
4191;1082;4055;121;135;-16.615411933099;-15.5167996444309;-13.7250401752029;-11.8618217419927;-3.68609704081559;-15.0059740206649;-1.90567181114051;-13.4539650480257;11.7655843665973
4211;1088;4083;122;135;-16.6291745826392;-15.530562293971;-13.738802824743;-11.8755843915328;-3.68894477969856;-15.0197366702051;-1.90626591522472;-13.4607055494115;11.7260892341439
4231;1094;4103;122;137;-16.6389473848844;-15.5403350962163;-13.8057340408282;-11.885357193778;-3.69328300055165;-15.0295094724503;-1.91354572909052;-13.4917766759363;11.7527016230105
4251;1095;4116;122;137;-16.6452741939079;-15.5466619052398;-13.8120608498517;-11.8916840028015;-3.6975023272356;-15.0358362814738;-1.91685461561586;-13.4959259553103;11.7761799513416
4271;1102;4133;122;137;-16.6535176290235;-15.5549053403554;-13.7631458711273;-11.8913436942257;-3.69702939514295;-15.0440797165894;-1.91718064103337;-13.4836249390246;11.7086928707336
4291;1105;4152;122;137;-16.6626908496914;-15.5640785610233;-13.7723190917953;-11.8835673565799;-3.69632886362493;-15.0532529372573;-1.92331551548005;-13.4858999137831;11.7035220683003
4311;1109;4174;122;137;-16.6732601752743;-15.5746478866062;-13.7828884173781;-11.8857684324922;-3.69826287856175;-15.0638222628402;-1.93131847363932;-13.4917480117027;11.7382731928138
4331;1114;4198;122;137;-16.6847270007612;-15.586114712093;-13.794355242865;-11.8889364551644;-3.69774358066758;-14.8929675315331;-1.9326941560213;-13.4877805030025;11.7145453378852
4352;1119;4215;122;137;-16.6928097408719;-15.5941974522038;-13.8024379829757;-11.8970191952752;-3.69508484408095;-14.9010502716439;-1.93200630855261;-13.4876481509273;11.7471005274198
4372;1121;4226;122;138;-16.698022396352;-15.5994101076839;-13.8076506384558;-11.9022318507553;-3.69707439356703;-14.9062629271239;-1.93325142889769;-13.503912552358;11.7591366696088
4392;1125;4256;122;138;-16.712170062043;-15.6135577733749;-13.8217983041468;-11.8918884964379;-3.69838793686031;-14.9204105928149;-1.93956815391275;-13.5055957217519;11.761111556796
4412;1128;4280;122;138;-16.7234165771517;-15.6248042884836;-13.7789775979852;-11.9031350115466;-3.69700038239492;-14.9316571079236;-1.94406856256096;-13.5108150590556;11.8008931702003
4432;1129;4306;122;138;-16.7355293558486;-15.6369170671805;-13.7910903766822;-11.8992474488971;-3.69859097803255;-14.9437698866206;-1.94716098252713;-13.5179124471723;11.8425749405631
4452;1129;4324;122;138;-16.7438723575182;-15.6452600688501;-13.7994333783518;-11.8996852710596;-3.70073402216707;-14.9521128882901;-1.9485484373846;-13.5228698221854;11.8740811402236
4472;1132;4344;122;138;-16.7531017232275;-15.6544894345594;-13.8086627440611;-11.908914636769;-3.70378442045128;-14.9613422539995;-1.94998790771474;-13.5254846568665;11.8989731618908
4495;1139;4360;123;141;-16.7604546726862;-15.661842384018;-13.87008291479;-11.9646641270894;-3.70486591462457;-14.9686952034581;-1.94898674587992;-13.5692422784605;11.8270702356848
4500;1140;4365;123;141;-16.7627469365474;-15.6641346478793;-13.8723751786512;-11.9669563909507;-3.70615163587441;-14.9709874673194;-1.94810672900018;-13.5671894116307;11.8258009201019
4520;1142;4380;123;141;-16.769608006741;-15.6709957180729;-13.8792362488448;-11.9738174611442;-3.70888176357083;-14.9778485375129;-1.95235662475071;-13.5718092869038;11.8505694546711
4541;1149;4404;124;141;-16.7805369956851;-15.681924707017;-13.890165237789;-11.9847464500884;-3.70946691266836;-14.8346268466298;-1.95953981664229;-13.5774685144734;11.7954865244401
4562;1151;4422;124;141;-16.7886947228348;-15.6900824341667;-13.8983229649386;-11.9846736781015;-3.71042744398451;-14.8427845737795;-1.96638457931496;-13.5806420686799;11.8136255091605
4584;1153;4438;125;141;-16.7959182069851;-15.697305918317;-13.9055464490889;-11.9837338516127;-3.71456017424195;-14.8500080579298;-1.96875946573237;-13.5984812625902;11.8222568168663
4604;1157;4460;125;141;-16.8058080900282;-15.7071958013601;-13.9154363321321;-11.9774943527259;-3.72037014195762;-14.8598979409729;-1.97719847044545;-13.6010351787399;11.8538265680829
4624;1157;4477;125;141;-16.8134169164819;-15.7148046278138;-13.9230451585858;-11.9851031791796;-3.7220324692236;-14.8675067674266;-1.97884137247865;-13.6061470868108;11.8825463651266
4647;1160;4496;125;141;-16.8218867831471;-15.7232744944789;-13.9315150252509;-11.9856048761956;-3.72337562156541;-14.8759766340917;-1.98127521493064;-13.6073809958019;11.9046792393987
4667;1165;4518;126;142;-16.8316493940559;-15.7330371053878;-13.9412776361597;-12.0113678284509;-3.72200658106095;-14.8857392450006;-1.97949273540421;-13.6310980686368;11.8830734716495
4687;1166;4536;126;142;-16.8396016908152;-15.7409894021471;-13.949229932919;-12.0033197838637;-3.72702201814692;-14.8936915417599;-1.98003570382489;-13.6307187866229;11.8787567140785
4707;1171;4566;126;142;-16.8527856541795;-15.7541733655114;-13.9624138962833;-12.0007553902599;-3.73229402740795;-14.7733441124996;-1.98103704784439;-13.6246733769945;11.8476741538725
4727;1174;4584;126;142;-16.8606545167892;-15.762042228121;-13.9162155376227;-12.0008421124275;-3.73228918718919;-14.7812129751093;-1.98068946155559;-13.6203394183464;11.8333231824821
4747;1177;4606;126;142;-16.8702301607613;-15.7716178720932;-13.9257911815948;-12.0104177563996;-3.72884877752117;-14.7907886190814;-1.98567756976934;-13.6268380760369;11.8637198365877
4767;1179;4628;127;142;-16.8797601766271;-15.781147887959;-13.989388418731;-12.0199477722655;-3.71972728856226;-14.8003186349473;-1.98798723885965;-13.6451242857329;11.883377228371
4787;1187;4652;127;143;-16.8901050272771;-15.791492738609;-13.9997332693809;-12.0225705768215;-3.71525546725938;-14.8106634855973;-1.99384918247315;-13.6603914374952;11.9265334475437
4808;1191;4672;128;143;-16.8986850490161;-15.800072760348;-14.00831329112;-12.0311505985605;-3.72194334084636;-14.8192435073363;-1.99343209045881;-13.6743549296516;11.9485094587883
4828;1194;4694;128;143;-16.9080807528219;-15.8094684641538;-14.0177089949258;-12.0405463023664;-3.7246222760578;-14.8286392111421;-1.99494539359479;-13.673588719194;11.9516890963439
4850;1195;4710;128;143;-16.9148863740209;-15.8162740853528;-14.0245146161248;-12.0396890508198;-3.71981729289614;-14.8354448323411;-1.99720553123718;-13.6764873292792;11.9578821989762
4871;1199;4735;128;143;-16.9254740112404;-15.8268617225722;-13.9810350320739;-12.0502766880392;-3.71527376432579;-14.8460324695605;-2.0038450725997;-13.678386917684;11.9631994275129
4891;1199;4759;128;143;-16.9355856822422;-15.8369733935741;-13.9911467030758;-12.0452365540205;-3.71380239971714;-14.8561441405624;-2.00590515306891;-13.6846954293762;11.9973444175481
4911;1206;4782;129;143;-16.9452282960365;-15.8466160073684;-14.0007893168701;-12.0548791678148;-3.71572678387582;-14.8657867543567;-2.00932732371011;-13.7016109472387;12.0242049858909
4931;1208;4803;129;143;-16.9539920033296;-15.8553797146615;-14.0095530241632;-12.0561522033787;-3.71783576265129;-14.8745504616498;-2.01238694273043;-13.7052655572051;12.0416865713459
4951;1212;4820;129;143;-16.9610584140893;-15.8624461254212;-14.0166194349229;-12.0632186141384;-3.71541955659894;-14.8816168724095;-2.01644095726555;-13.7077531392043;12.0629151173022
4973;1214;4838;129;143;-16.9685133823399;-15.8699010936718;-14.0240744031735;-12.070673582389;-3.71729251801099;-14.8890718406601;-2.01879015008998;-13.7105614678839;12.0863798962705
4994;1218;4862;130;143;-16.9784103097521;-15.879798021084;-14.0339713305857;-12.0805705098012;-3.72253228986357;-14.7811857324159;-2.01926279222847;-13.7273511886774;12.1046136608101
5014;1219;4885;130;143;-16.9878491289538;-15.8892368402857;-14.0434101497873;-12.0751942432177;-3.72370845007106;-14.7906245516175;-2.02307055780498;-13.7336601470709;12.1379787274852
5035;1221;4906;130;143;-16.9964284496369;-15.8978161609688;-14.0006961760829;-12.0837735639008;-3.7210212905053;-14.7992038723006;-2.0253539142344;-13.7384656777339;12.1753112346948
5055;1224;4921;130;143;-17.002534081732;-15.9039217930638;-14.006801808178;-12.0898791959959;-3.7224185177187;-14.8053095043957;-2.02497769923343;-13.7327287988561;12.1338808305605
5076;1228;4936;130;143;-17.0086211311704;-15.9100088425023;-14.0128888576165;-12.0669787085611;-3.72012655637089;-14.8113965538342;-2.02230786399757;-13.72786934353;12.1299076221695
5096;1234;4966;130;143;-17.0207399321362;-15.9221276434681;-14.0250076585822;-12.0790975095269;-3.72301247850544;-14.8235153548;-2.01993829159161;-13.7202837918788;12.1179751504995
5116;1237;4990;130;143;-17.0303823774911;-15.931770088823;-14.0346501039371;-12.0887399548818;-3.72622758379249;-14.8331578001549;-2.02384140780983;-13.7252891134385;12.1464392382389
5136;1238;5007;130;143;-17.0371844246599;-15.9385721359918;-14.0414521511059;-12.0743397944;-3.72760316372411;-14.8399598473237;-2.02709797538675;-13.7296173508163;12.1604933252006
5156;1238;5017;130;143;-17.0411748489685;-15.9425625603004;-14.0454425754145;-12.0713615493925;-3.7288392558397;-14.8439502716323;-2.02816006287998;-13.7324178543799;12.1737971599826
5177;1241;5038;130;143;-17.0495289138251;-15.950916625157;-14.0537966402711;-12.0797156142491;-3.72826222003515;-14.8523043364889;-2.03747508227606;-13.7373298161153;12.2055274932237
5197;1244;5059;130;143;-17.0578482285839;-15.671553867464;-14.0133257908604;-12.0606359548198;-3.72759626745892;-14.8606236512477;-2.03661330117986;-13.7300860485506;12.1559475336541
5217;1247;5088;130;143;-17.0692802100399;-15.68298584892;-14.0247577723165;-12.0586449159437;-3.73095581406406;-14.8720556327037;-2.04076852597472;-13.7362482423626;12.2002355724269
5237;1249;5108;130;143;-17.0771264343049;-15.690832073185;-14.0326039965814;-12.0532459134586;-3.73618993410108;-14.8799018569686;-2.03829996204509;-13.7315097523672;12.1870050783249
5257;1252;5126;130;144;-17.084161813848;-15.6978674527281;-14.0396393761246;-12.0735265197518;-3.73802148576923;-14.8869372365118;-2.03795424551508;-13.7448641581009;12.2009688119789
5277;1257;5143;130;144;-17.0907836915498;-15.7044893304299;-14.0462612538264;-12.0603457701574;-3.73749908751549;-14.8935591142136;-2.03766644340324;-13.7373882136285;12.1622946578153
5297;1259;5168;130;144;-17.1004820909249;-15.714187729805;-14.0559596532015;-12.0700441695324;-3.74179835884977;-14.9032575135887;-2.04203468303307;-13.7439779891178;12.1993389764504
5317;1259;5181;130;144;-17.1055067336296;-15.7192123725097;-14.0609842959062;-12.0685541312159;-3.74241139188487;-14.9082821562934;-2.04372825439694;-13.7478644618631;12.2156389919308
5337;1264;5210;130;144;-17.1166702694948;-15.7303759083749;-14.0721478317714;-12.0732451525756;-3.74563595475501;-14.9194456921586;-2.05073662127351;-13.7455942681888;12.2155602130666
5357;1267;5231;130;144;-17.1247154867412;-15.7384211256213;-14.0801930490178;-12.0684696813929;-3.74480867720027;-14.927490909405;-2.05173761451699;-13.7394394325232;12.169647728416
5378;1269;5251;130;144;-17.1323476272757;-15.7460532661558;-14.0878251895523;-12.0761018219274;-3.74541626154185;-14.9351230499395;-2.05274678350771;-13.7419041468672;12.2027717469989
5398;1275;5273;130;145;-17.1407094790609;-15.754415117941;-14.0961870413375;-12.0844636737126;-3.74424331174527;-14.9434849017247;-2.05350597486057;-13.7467293795942;12.1573029941233
5418;1280;5296;130;148;-17.1494141952337;-15.7631198341138;-14.1048917575103;-12.1387789011374;-3.74525805335781;-14.9521896178975;-2.0523585897405;-13.7858423566108;12.1763594169307
5438;1280;5308;130;148;-17.1539407909042;-15.7676464297843;-14.1094183531808;-12.1433054968079;-3.7454740866113;-14.956716213568;-2.05346424970445;-13.7884195990377;12.1919854005656
5458;1282;5331;130;148;-17.1625882336455;-15.7762938725256;-14.1180657959221;-12.1387077127992;-3.74552893841044;-14.9653636563093;-2.05796734893505;-13.7901928550865;12.1843660032479
5479;1283;5347;130;148;-17.1685818698975;-15.7822875087776;-14.124059432174;-12.1316292674838;-3.74106739583302;-14.9713572925612;-2.05903835785198;-13.7929870459626;12.2013944680332
5500;1286;5360;131;148;-17.1734385081297;-15.7871441470098;-14.1289160704063;-12.1462792870103;-3.74261002937521;-14.9762139307935;-2.05735243807307;-13.8034994467505;12.1882635063422
5520;1289;5384;131;148;-17.1823737426491;-15.7960793815292;-14.1378513049257;-12.1325177353996;-3.73506141020109;-14.9851491653129;-2.05686148811449;-13.7996193938563;12.1799450029694
5541;1293;5411;131;148;-17.1923783952855;-15.8060840341656;-14.147855957562;-12.1425223880359;-3.73570654908946;-14.9951538179493;-2.05665825885195;-13.7943028055952;12.1483005022314
5562;1293;5430;131;148;-17.199388825856;-15.8130944647361;-14.1548663881325;-12.1495328186064;-3.73595664937144;-15.0021642485197;-2.05918062592178;-13.7997421810368;12.1707998036841
5582;1295;5453;131;148;-17.2078423898521;-15.8215480287322;-14.1633199521287;-12.1579863826026;-3.73431241161371;-15.0106178125159;-2.06280784225902;-13.8061169958513;12.197489017254
5603;1299;5476;133;148;-17.2162603728167;-15.8299660116968;-14.1717379350933;-12.179307770403;-3.7285374718407;-15.0190357954805;-2.06313348668889;-13.8335145338985;12.1951800516372
5623;1300;5500;133;148;-17.2250067424411;-15.8387123813212;-14.1804843047177;-12.1880541400275;-3.72309111371422;-15.0277821651049;-2.06743144014945;-13.8366537148609;12.2112606586086
5643;1305;5523;133;148;-17.2333529398024;-15.8470585786825;-14.188830502079;-12.1707579067754;-3.7257271616074;-15.0361283624662;-2.06616327529509;-13.8302002823969;12.1875842757005
5664;1307;5546;133;148;-17.2416644523514;-15.8553700912316;-14.197142014628;-12.1664906371176;-3.72505870686143;-15.0444398750152;-2.06829501666774;-13.8354098622736;12.2151433201861
5684;1307;5566;133;148;-17.2488638841717;-15.8625695230518;-14.2043414464482;-12.1736900689378;-3.72818086682005;-15.0516393068355;-2.0709800566268;-13.8411053439909;12.2374983836474
5704;1308;5590;133;148;-17.2574691322983;-15.8711747711784;-14.16642667894;-12.1822953170645;-3.72618263261451;-15.0602445549621;-2.08031250178682;-13.8459406017777;12.2566446771155
5725;1308;5604;133;148;-17.2624718149138;-15.8761774537939;-14.1714293615555;-12.18729799968;-3.72624668013406;-15.0652472375776;-2.08153079107147;-13.8492113123543;12.2739930407543
5747;1309;5623;133;148;-17.2692412165844;-15.8829468554645;-14.1781987632261;-12.184740866476;-3.72406278233685;-15.0720166392482;-2.08311938675709;-13.8527653034239;12.296644516729
5767;1313;5646;133;148;-17.2774052176269;-15.891110856507;-14.1863627642686;-12.1775387898027;-3.72351919779509;-15.0801806402906;-2.08737788280703;-13.8524659751174;12.3004222008809
5787;1319;5676;133;148;-17.2880040765599;-15.90170971544;-14.1969616232016;-12.1881376487357;-3.73011723722709;-15.0907794992236;-2.08972060048456;-13.8537926065118;12.3316725442157
5809;1323;5697;134;148;-17.2953899989608;-15.9090956378409;-14.2043475456025;-12.1955235711366;-3.73107530487789;-15.0981654216246;-2.08898841076615;-13.8659915298344;12.3316236788342
5829;1326;5728;134;148;-17.306243417281;-15.9199490561611;-14.2152009639226;-12.2063769894568;-3.73420667710415;-15.1090188399447;-2.09084135969077;-13.8688201380572;12.3587886752686
5851;1329;5760;134;148;-17.3173855073799;-15.93109114626;-14.2263430540216;-12.2114400334793;-3.73107430012518;-15.1201609300437;-2.0948117612542;-13.8697240839306;12.3584360764255
5871;1332;5776;134;148;-17.3229333611453;-15.9366390000254;-14.231890907787;-12.2169878872447;-3.73116653456729;-15.1257087838091;-2.0980520128406;-13.8720718803801;12.3787652844189
5892;1336;5797;137;148;-17.3301916426795;-15.9438972815596;-14.285669204956;-12.2303252148553;-3.72743751939292;-15.1329670653432;-2.09575013831903;-13.9115299703261;12.3717853151764
5912;1338;5817;137;148;-17.3370798878215;-15.9507855267016;-14.2925574500981;-12.2372134599973;-3.73042543456339;-15.1398553104853;-2.10011996129902;-13.9135587723317;12.3824161291208
5932;1340;5839;137;148;-17.3446296565671;-15.9583352954472;-14.3001072188437;-12.2386841826665;-3.73170050720413;-15.1474050792309;-2.10020260418513;-13.9132582784833;12.3748828931581
5952;1347;5871;137;148;-17.3555605121284;-15.9692661510085;-14.2645180587701;-12.2496150382278;-3.72915446325488;-15.1583359347922;-2.10344967345075;-13.9123109550956;12.3821408880615
5972;1348;5886;137;148;-17.3606638575868;-15.9743694964669;-14.2696214042285;-12.2486760692303;-3.72816189237168;-15.1634392802506;-2.10246655409948;-13.9077725475142;12.3550972384783
5992;1351;5902;137;148;-17.3660931110058;-15.9797987498859;-14.2750506576475;-12.2481172271259;-3.7257934506004;-15.1688685336695;-2.10137372321856;-13.9018203238519;12.3265933582342
6000;1353;5911;137;148;-17.3691406016487;-15.9828462405288;-14.2336463857196;-12.2451766222455;-3.72661294180706;-15.1719160243125;-2.10182677303115;-13.9011778101949;12.3342243211947
6020;1354;5929;137;148;-17.3752216874147;-15.9889273262948;-14.2397274714856;-12.2512577080115;-3.72579168814385;-15.1779971100785;-2.10256672246006;-13.9041792578532;12.3574029964558
6040;1361;5952;137;148;-17.3829651530259;-15.996670791906;-14.2049113226779;-12.2590011736226;-3.72592057240651;-15.1857405756896;-2.10231254771425;-13.9006329170658;12.3753328151648
6061;1362;5960;137;148;-17.3856515201188;-15.9993571589989;-14.2075976897708;-12.2616875407155;-3.72860693949945;-15.1884269427826;-2.10241247721428;-13.8999514599141;12.3787608226363
6081;1363;5982;137;148;-17.3930204783798;-16.0067261172599;-14.2149666480318;-12.2631217634567;-3.72290801610488;-15.1957959010436;-2.10695828386441;-13.9056370393297;12.3995255273563
6101;1366;6004;137;148;-17.4003623855067;-16.0140680243868;-14.2223085551588;-12.2704636705836;-3.72574741224731;-15.2031378081705;-2.10667428845039;-13.9053559885591;12.4098379250672
6121;1368;6024;138;148;-17.4070135389595;-16.0207191778396;-14.2289597086115;-12.2771148240364;-3.72162761179963;-15.2097889616232;-2.10875477612215;-13.9217413151825;12.4284646528075
6141;1371;6042;138;148;-17.4129807238932;-16.0266863627733;-14.2349268935453;-12.2654862470798;-3.72301524847928;-15.215756146557;-2.10860477615503;-13.9158756259017;12.3841296176231
6162;1374;6065;138;148;-17.4205796427563;-16.0342852816364;-14.2425258124084;-12.2615243435418;-3.72615256091509;-15.2233550654201;-2.1114571493036;-13.9175522288433;12.4084243910694
6183;1377;6084;140;148;-17.4268353067584;-16.0405409456385;-14.2487814764104;-12.2969365918353;-3.72712624898926;-15.2296107294221;-2.11279158178435;-13.9454802816832;12.412342621226
6206;1378;6104;140;148;-17.4333991459286;-16.0471047848087;-14.2553453155806;-12.3035004310055;-3.72461002926148;-15.2361745685924;-2.11472894552908;-13.9488362085877;12.4266394491215
6226;1380;6118;140;148;-17.4379810494217;-16.0516866883018;-14.2599272190738;-12.3021826123714;-3.72548930659287;-15.2407564720855;-2.11897081708616;-13.9509638579503;12.4373527178277
6246;1382;6130;140;148;-17.4419000578605;-16.0556056967406;-14.2638462275126;-12.3061016208103;-3.7256122237285;-15.2446754805243;-2.12082254639396;-13.9522162751785;12.4570932730375
6267;1388;6153;141;148;-17.449390093481;-16.0630957323611;-14.271336263133;-12.3135916564307;-3.73094785995194;-16.3507778048129;-2.12180530988994;-13.9643867829388;12.4703889591965
6287;1390;6172;142;148;-17.4555564269661;-16.0692620658462;-14.320062211037;-12.325657712043;-3.72822155990555;-16.356944138298;-2.12380079951262;-13.9794065147616;12.4766744190371
6307;1393;6197;142;148;-17.4636411659242;-16.0773468048043;-14.3281469499951;-12.327842728874;-3.72664365283105;-16.3650288772561;-2.12892160686835;-13.9822476444044;12.5042127177939
6328;1397;6220;142;148;-17.4710503714665;-16.0847560103466;-14.2929965411185;-12.323555894653;-3.72009753482407;-16.3724380827983;-2.1312995057558;-13.9828168716441;12.5270744931564
6348;1399;6246;142;148;-17.479393075686;-16.0930987145662;-14.3013392453381;-12.3261181876721;-3.71511265620896;-16.3807807870179;-2.1360130763464;-13.9888414568079;12.5552359364536
6368;1401;6267;142;148;-17.4861061004494;-16.0998117393295;-14.3080522701014;-12.3184711159685;-3.71540987077492;-16.3874938117812;-2.13726079127133;-13.9878683329359;12.5422373902881
6388;1405;6289;142;148;-17.493114709087;-16.1068203479671;-14.3150608787391;-12.3001578581968;-3.71882622566433;-16.3945024204189;-2.14063027054529;-13.9908694101238;12.5698517569982
6410;1408;6311;142;148;-17.5000988431685;-16.1138044820486;-14.3220450128205;-12.3071419922783;-3.71568274596595;-16.4014865545004;-2.14839354973623;-13.9955636025469;12.5940795462268
6430;1411;6328;144;148;-17.505479018895;-16.1191846577751;-14.4609565811716;-12.3406930449715;-3.71532319267359;-16.4068667302269;-2.1465079710231;-14.0204127023494;12.5923284701549
6450;1414;6344;144;148;-17.5105295266294;-16.1242351655095;-14.3750353107002;-12.3457435527059;-3.71395716968534;-16.4119172379613;-2.14802875133614;-14.0214546105659;12.6079238362304
6470;1419;6364;144;148;-17.5168247789154;-16.1305304177955;-14.3813305629862;-12.3463407838772;-3.71601474613436;-16.4182124902472;-2.14912371455191;-14.022235534133;12.6347398050925
6493;1425;6397;144;148;-17.5271688189003;-16.1408744577804;-14.3916746029711;-12.3342119680101;-3.71791277972389;-16.4285565302322;-2.15192353935337;-14.0211855405057;12.6397952272568
6500;1426;6407;144;148;-17.530292843278;-16.1439984821582;-14.3947986273489;-12.3373359923878;-3.72034975495062;-16.4316805546099;-2.15357667268437;-14.0231733529669;12.6520783595537
8000;1597;7876;145;148;-17.943150879518;-16.15139141029;-14.3878028180286;-12.3901912945964;-3.73838589949358;-16.5568565183981;-2.2510295705517;-14.0721078796687;13.2285394803053
9000;1690;8905;145;148;-18.1887363914475;-16.2428262423922;-14.4510667731642;-12.3597907738373;-3.72783085596082;-16.8024420303276;-2.31559862873121;-14.1139399012248;13.7145577700376
10000;1763;9906;145;148;-18.4017918262964;-16.3223502846165;-14.5305908153885;-12.385634666598;-3.73380825077251;-17.0154974651765;-2.38977139077737;-14.175170365803;14.1933213463407
10500;1808;10376;145;148;-18.4945014519926;-16.2972768746563;-14.5055174054283;-12.3830341124899;-3.73321165364527;-17.1082070908727;-2.40941144381135;-14.174008350907;14.2416255169765
11000;1857;10893;145;148;-18.5917513201649;-16.2891662271708;-14.4974067579428;-12.3973459290602;-3.73399390774628;-16.5123097784851;-2.42715813109702;-14.1792994161597;14.3813370349797
11500;1903;11366;145;148;-18.6767634437141;-16.2788681709158;-14.4871087016877;-12.403886437168;-3.73829536189309;-16.5973219020343;-2.45339324079276;-14.1802489418334;14.4345045997202
13500;2056;13348;145;148;-18.9982436797425;-16.2901934786403;-14.5555924232522;-12.4343921318926;-3.74273473691527;-16.9188021380627;-2.56542006609274;-14.2212651578616;14.9197593174742
14000;2096;13840;145;148;-19.0706364583433;-16.2980477361035;-14.5488478812943;-12.4255463343456;-3.7504753345622;-16.9911949166635;-2.57827607482954;-14.2153186179984;15.0120885598335
14500;2125;14346;145;148;-19.1424528733728;-16.369864151133;-14.5473330232382;-12.4210271725821;-3.75125562112313;-16.4344026722706;-2.5959855510374;-14.2259821085173;15.1332959157573
17000;2321;16916;145;148;-19.4720303971848;-16.3809879438264;-14.5892284745984;-12.4201747742289;-3.7679062311913;-16.7639801960825;-2.71086843744073;-14.2702969799478;15.8826264790269
17500;2360;17453;145;148;-19.5345336652497;-16.3564798349017;-14.5509270435413;-12.4246542021774;-3.77160523826842;-17.0496270154617;-2.72819905938803;-14.2502618923962;15.6584540837368
18000;2387;17933;145;148;-19.5887957398968;-16.4107419095489;-14.5198915376766;-12.4217578629846;-3.77523470446719;-16.9497384102816;-2.74152218167231;-14.2459982521267;15.6129740180253
19000;2457;18955;145;148;-19.6996460559009;-16.3674415457257;-14.5291620608627;-12.4269005616161;-3.77640537788381;-17.0605887262856;-2.78269735836508;-14.2426140637953;15.5783944234564
21500;2599;21381;145;148;-19.94051591234;-16.3851678508505;-14.5652375046558;-12.4339241322691;-3.77344535237383;-17.3014585827247;-2.87428231854543;-14.2806400491255;16.0041196103901
22500;2649;22371;145;148;-20.0310415124238;-16.4475225739677;-14.5757203970661;-12.4503417601992;-3.77207323178408;-17.3919841828085;-2.90231396458478;-14.295758420023;16.2188022728181
23000;2679;22884;145;148;-20.0763865107768;-16.4128248646472;-14.5751283002321;-12.4640496736091;-3.77780765843154;-17.4373291811616;-2.91774195906178;-14.3009779074149;16.2750172325079
24500;2762;24380;145;148;-20.2030368060705;-16.4188471721523;-14.5718250242492;-12.471106084122;-3.76745822233866;-17.5639794764553;-2.94950380904546;-14.299936650605;16.3461246207638
26000;2843;25844;145;148;-20.3196674893561;-16.4278471912455;-14.5895677063825;-12.4711240068994;-3.76395091485847;-17.6806101597409;-2.99215168783945;-14.3123115892173;16.5332037450647
26500;2874;26347;145;148;-20.3582193909909;-16.4069756724095;-14.5898983951972;-12.4676368563344;-3.76406746505899;-17.7191620613757;-3.00364446270088;-14.3066484915626;16.4768952600823
27000;2901;26899;145;148;-20.3996887803555;-16.392355595123;-14.5825776203923;-12.4641013947663;-3.7669617367653;-17.7606314507402;-3.02070185668256;-14.3089584931692;16.5451070011437
27500;2924;27408;145;148;-20.4371804411278;-16.4118287503927;-14.5849779613533;-12.4705937434894;-3.76321956968449;-17.7981231115125;-3.03493503794986;-14.3113178045486;16.5632378377274
28000;2945;27912;145;148;-20.4736239657332;-16.3792794035111;-14.5875199342831;-12.4609444074903;-3.76009032935679;-17.834566636118;-3.03970649967773;-14.3100855318499;16.5759937602135
28500;2972;28451;145;148;-20.5118771766433;-16.40100331247;-14.5929833223701;-12.4496019894743;-3.7590503140619;-17.872819847028;-3.04982593380674;-14.305254504306;16.5537397607698
29000;2994;28947;145;148;-20.546443701377;-16.3875606180173;-14.5958011487893;-12.4482569001944;-3.75923744768696;-17.9073863717617;-3.06137624834616;-14.3089755265413;16.6336925516083
30000;3039;29967;145;148;-20.6157041104005;-16.4260493683741;-14.594680761051;-12.4480683951542;-3.76240037213079;-17.9766467807853;-3.08577477112521;-14.3156450372553;16.730432113973
31000;3085;30979;145;148;-20.6821296691206;-16.4194497920792;-14.602196474025;-12.4510198287924;-3.76093599364051;-17.9095409468808;-3.11555047155891;-14.3222858287545;16.8463247415435
32000;3137;31963;145;148;-20.7446685256182;-16.4139351853319;-14.5834612039232;-12.4546269069137;-3.75464013157167;-17.9720798033785;-3.12954303142989;-14.3117005022478;16.7405755827817
32500;3162;32469;145;148;-20.7760821339265;-16.4193733072369;-14.589873510026;-12.456852314155;-3.75407433055799;-18.0034934116867;-3.14534777238171;-14.3176279996572;16.8398490597956
33000;3188;32965;145;148;-20.8064033430948;-16.4243767084209;-14.5818449138194;-12.4585762498824;-3.74968072174199;-18.033814620855;-3.15377903279595;-14.3128431901723;16.8248277567622
33500;3203;33455;145;148;-20.8359130624338;-16.4050962635905;-14.5725147998422;-12.4583268848981;-3.74796801709886;-18.0633243401941;-3.1599062943724;-14.3114401080734;16.7916609367708
35000;3269;34970;145;148;-20.9244916601148;-16.413632153598;-14.5649177914425;-12.450623593437;-3.7451742135168;-18.1519029378751;-3.18584663825871;-14.3124739686639;16.8359321442493
36000;3322;36014;145;148;-20.9833260614589;-16.4189778699911;-14.5617037936524;-12.4443713782612;-3.7487459841839;-18.2107373392191;-3.2099825226323;-14.3168097352109;16.9648072694051
36500;3344;36505;145;148;-21.0104090329804;-16.4254415543098;-14.5646892135948;-12.452457849092;-3.75090868936607;-18.2378203107406;-3.2217195066053;-14.3221179676291;17.043916676065
37000;3369;37004;145;148;-21.0375625877824;-16.4323924017943;-14.5698638616781;-12.4537393534541;-3.74870935078898;-18.2649738655426;-3.23677408310653;-14.3283642109973;17.1296894224999
38500;3424;38534;145;148;-21.1185924948814;-16.4364612677572;-14.5746806493166;-12.4443955546555;-3.74859641873985;-18.3460037726416;-3.26585327179178;-14.3350689213366;17.2599738243859
39000;3440;39068;145;148;-21.1461179931347;-16.4276191218396;-14.5829701751688;-12.4471034950913;-3.74739609957482;-18.2557462352386;-3.27422237110108;-14.3397104930166;17.3469105206589
39500;3459;39570;145;148;-21.1716530687589;-16.4531541974638;-14.5786085346165;-12.4458210122314;-3.74263031755962;-18.2812813108628;-3.28280027822391;-14.3420586535522;17.406637661639
40000;3477;40090;145;148;-21.1977644112731;-16.4528322829099;-14.5803614332986;-12.4456572129437;-3.74554049541581;-18.3073926533769;-3.29108644958047;-14.3464137696878;17.4892799605581
40500;3495;40589;145;148;-21.2225047458389;-16.4518201213732;-14.5891863125585;-12.448346454633;-3.74745945941827;-18.3321329879427;-3.3045514214688;-14.3485289301647;17.55458487296
41500;3523;41569;145;148;-21.2702199522957;-16.4827282095137;-14.5881113548459;-12.4573765187785;-3.74852469348769;-17.9743830862914;-3.33032525549069;-14.3573440174159;17.594574790701
42000;3537;42051;145;148;-21.2932768926623;-16.46496315536;-14.5962426449959;-12.4482198391615;-3.75041259978833;-17.8920795110002;-3.33547091280498;-14.3557870602375;17.5856714702623
43000;3570;43024;145;148;-21.3390267570173;-16.4869964930977;-14.5985073974111;-12.4461406158266;-3.75008681774966;-17.9378293753551;-3.35474969611334;-14.3592925488493;17.6521817345016
45000;3652;45085;145;148;-21.432609751868;-16.462796452292;-14.5819542050484;-12.441047481441;-3.75100495036401;-18.0314123702059;-3.38430949794754;-14.3494657129428;17.5418454232473
45500;3671;45599;145;148;-21.4552821308749;-16.4648495440962;-14.5759263264145;-12.4424175634644;-3.74796239731084;-18.0540847492128;-3.39331235930406;-14.3475112894089;17.5262763768103
46500;3707;46605;145;148;-21.4989262209905;-16.4237524057567;-14.5674544153911;-12.4349998942741;-3.74776488491929;-18.0977288393284;-3.4106845816811;-14.3381088206023;17.4032979912202
47000;3723;47107;145;148;-21.5203537778384;-16.432757442606;-14.5695390093958;-12.4388700344571;-3.74952626971369;-18.1191563961762;-3.42108068729034;-14.3422772108408;17.4601249247362
47500;3743;47605;145;148;-21.5413861534396;-16.435440679539;-14.571595483538;-12.4375180259739;-3.74942620644677;-18.1401887717774;-3.43199356601532;-14.3444344932944;17.5098957567846
48000;3758;48103;145;148;-21.5621996484226;-16.4382356690193;-14.5747111066157;-12.4461699559176;-3.74990715623172;-18.1610022667604;-3.44261010545874;-14.3479761084657;17.5413373088628
48500;3781;48602;145;148;-21.5828399226105;-16.4470414855602;-14.5761446957734;-12.4386393531388;-3.74891417591233;-18.1816425409483;-3.45141718557586;-14.3484921325237;17.5823149077169
49500;3805;49613;145;148;-21.6240163502917;-16.4310594994015;-14.581730178352;-12.4420754528372;-3.74860694705346;-18.2228189686296;-3.46385330076718;-14.3478972565472;17.5947642989653
50000;3822;50126;145;148;-21.6445902290691;-16.4516333781789;-14.5798312012773;-12.4440477314414;-3.75003563386746;-18.243392847407;-3.47215735438535;-14.3515488166043;17.6550733421083
50500;3841;50619;145;148;-21.6641645577329;-16.4330559408783;-14.5770087376986;-12.4396254712169;-3.75202484920694;-18.2629671760707;-3.48108473352508;-14.3453961232154;17.539925564932
53000;3907;53252;145;148;-21.7655812831036;-16.4548444448821;-14.5790591932559;-12.4497554285876;-3.74976391833458;-18.2690737216371;-3.52494427614757;-14.3586078170412;17.6610409162114
53500;3925;53717;145;148;-21.7829696079098;-16.4502508146445;-14.5825447149649;-12.4538695665639;-3.74785734918718;-18.2864620464434;-3.53234093172077;-14.3619318544077;17.7287277133856
54000;3938;54210;145;148;-21.8012413445088;-16.4541338137913;-14.5926412804911;-12.4521831138387;-3.74812042762056;-18.3047337830423;-3.53998352761953;-14.3628530283605;17.7329866290949
54500;3954;54732;145;148;-21.8204076529994;-16.4733001222819;-14.5887605546131;-12.4524654205197;-3.74926482512452;-18.3239000915329;-3.54544509417031;-14.3611401558806;17.6955649710911
55000;3965;55232;145;148;-21.8385955488862;-16.4679575207585;-14.5886700121682;-12.4572473800163;-3.74992562449286;-18.3420879874197;-3.54976944409547;-14.3655380009324;17.7753463626255
55500;3980;55711;145;148;-21.855865785905;-16.4622382395526;-14.5834673933349;-12.4558559271708;-3.74949444268409;-18.3593582244385;-3.55696399441111;-14.3580058506098;17.6925597233769
56500;4007;56694;145;148;-21.8908473280214;-16.4527680190982;-14.5813004022626;-12.4572049658365;-3.75026193527517;-18.3943397665549;-3.56814788213548;-14.3575587824561;17.6980200181299
57500;4032;57701;145;148;-21.9260595667371;-16.4454206433951;-14.5826366847188;-12.4577493325448;-3.74792407577652;-18.4295520052706;-3.57522098338702;-14.3618033652062;17.7684340380224
58000;4050;58224;145;148;-21.9441058397039;-16.4551681135472;-14.5820952884441;-12.4538635825949;-3.7472197589931;-18.4475982782374;-3.58359111024437;-14.3589571403014;17.7305438086571
58500;4068;58726;145;148;-21.9612756758098;-16.4478469296448;-14.5860198978001;-12.4558804798238;-3.74699088537659;-18.4647681143433;-3.59276616941908;-14.3574339124131;17.7172495763777
60500;4128;60824;145;148;-22.0314794538165;-16.4555303506702;-14.5837281737686;-12.4527529819736;-3.74240440355194;-18.5349718923501;-3.62102732423461;-14.3583040365834;17.7778780464842
61000;4136;61320;145;148;-22.0477226659715;-16.4567356854606;-14.5866571516172;-12.4553916693274;-3.7431508959491;-18.551215104505;-3.62843327950821;-14.3615509099142;17.818333659951
61500;4152;61850;145;148;-22.0649347556413;-16.4445338899241;-14.5794431476105;-12.4555499874202;-3.74379580013353;-18.4814158171852;-3.63142165963359;-14.3584146240396;17.7899739840149
62000;4167;62375;145;148;-22.0818396661076;-16.4470500629384;-14.5821400564215;-12.4559189181581;-3.74485906008017;-18.4983207276515;-3.63892767771112;-14.360737238531;17.8297055990576
63000;4193;63362;145;148;-22.1132391832934;-16.4502787031574;-14.5843700710212;-12.4517595991007;-3.74538292645868;-18.5297202448373;-3.65198952004159;-14.3556109643184;17.7099411618527
64500;4224;64894;145;148;-22.1610208969909;-16.4672887581882;-14.5854362454331;-12.4572045395839;-3.74723027550947;-18.5775019585348;-3.66978889779593;-14.3604087954165;17.7547032036527
65000;4236;65417;145;148;-22.1770748850099;-16.4699646202611;-14.5862227613213;-12.4626918415646;-3.74752431453108;-18.5935559465538;-3.67485661579612;-14.3626576417323;17.7728896003586
66000;4256;66400;145;148;-22.206904670929;-16.4768048879555;-14.5861995840908;-12.4612412035865;-3.75015797330981;-18.6233857324729;-3.68838112968445;-14.3702904216617;17.8876342601863
66500;4275;66922;145;148;-22.2225660821715;-16.4699934433458;-14.5858139697357;-12.458800578602;-3.74825556103459;-18.6390471437153;-3.69196210560376;-14.3636473994323;17.759372161651
68000;4304;68427;145;148;-22.2670455251293;-16.4770900302539;-14.5891820244511;-12.458445760138;-3.75003323223861;-18.6835265866732;-3.70264504642223;-14.3697523937233;17.8877065780614
69000;4323;69385;145;148;-22.2948519696102;-16.477740809647;-14.5963691817293;-12.458305822828;-3.75073364710473;-18.6312903234806;-3.71340768194861;-14.3730769035658;17.9507040018408
69500;4335;69903;145;148;-22.3097276915117;-16.4749169544491;-14.5954965466626;-12.4603273076808;-3.75110218569185;-18.6461660453821;-3.71640747793247;-14.3720766026029;17.9495126701086
70500;4358;70924;145;148;-22.3387283203538;-16.4750971447557;-14.5894058556934;-12.4539141628399;-3.75049115639129;-18.6010587020704;-3.72398852430819;-14.3673030007788;17.8889046401485
71000;4374;71438;145;148;-22.3531704392756;-16.4670664078254;-14.5920644323394;-12.4548964537923;-3.75171473389152;-18.6155008209922;-3.72853929579311;-14.3667660891581;17.8827091294643
71500;4388;71930;145;148;-22.3668974057228;-16.4588144675539;-14.5870122906523;-12.4554416835375;-3.7507012775737;-18.5602349159525;-3.73127032803088;-14.3611859661402;17.8088294564325
72000;4395;72411;145;148;-22.3802270010694;-16.453300975099;-14.5878784178995;-12.4573290550135;-3.75175877705842;-18.5735645112991;-3.73515295906173;-14.3637221867515;17.8418141127994
72500;4411;72906;145;148;-22.3938524382733;-16.4432098856856;-14.5859358093469;-12.4553840846793;-3.7516677263893;-18.587189948503;-3.73887265350058;-14.3606914414465;17.8135455188946
73000;4430;73398;145;148;-22.4073039325499;-16.4553609891122;-14.583658001715;-12.4544549504761;-3.74992409026661;-18.6006414427796;-3.74435339554708;-14.3591417587854;17.8226297087212
74000;4449;74370;145;148;-22.4336158273947;-16.4522016161402;-14.5803994392386;-12.4545570880115;-3.74935080195988;-18.6269533376244;-3.75642967165954;-14.3600121865148;17.8217565475037
74500;4466;74885;145;148;-22.447417764853;-16.4435306977465;-14.5780160522759;-12.4511004226207;-3.74912837547804;-18.5762167539451;-3.76754022912092;-14.3577324606474;17.8206271518909
77000;4520;77332;145;148;-22.5117262409048;-16.4386817068044;-14.5672340769726;-12.4571715228005;-3.75078766332528;-18.6405252299969;-3.79038269736572;-14.3556924595142;17.7603650107614
78000;4548;78367;145;148;-22.5383163987203;-16.4335231663053;-14.5703437589646;-12.4472295881379;-3.74859334296878;-18.6671153878124;-3.80319116447083;-14.3570395725904;17.7903006668259
78500;4562;78854;145;148;-22.5507066406744;-16.4414590579101;-14.572053146479;-12.4426469224095;-3.74920184786651;-18.6795056297665;-3.8096973641426;-14.3583766064733;17.8221088082378
79500;4585;79826;145;148;-22.5752090898164;-16.4396441987347;-14.568175077623;-12.4376974044589;-3.74757051242491;-18.7040080789085;-3.81828153464924;-14.3592430352704;17.8490892399977
80000;4597;80321;145;148;-22.5875727700945;-16.4455353645072;-14.5729063996296;-12.4414135864366;-3.74785345568548;-18.7163717591866;-3.82259767645587;-14.356726106843;17.7956402212722
81000;4618;81381;145;148;-22.6137942190233;-16.4462777281349;-14.5709340279253;-12.4380873183194;-3.74809863102033;-18.7425932081154;-3.83060770647837;-14.3574563102308;17.8300201668977
81500;4629;81894;145;148;-22.6263620141685;-16.4525759102666;-14.5683516643009;-12.4403305670367;-3.74757642025445;-18.7551610032606;-3.83706445806971;-14.3600084933209;17.8673228184364
82500;4657;82843;145;148;-22.649405058486;-16.4509263419937;-14.5722684199475;-12.4423374783453;-3.74557857857492;-18.7782040475781;-3.84724221334547;-14.3586711635704;17.8711916414903
83000;4668;83307;145;148;-22.6605757164755;-16.4519856903789;-14.5689483048744;-12.4438845649477;-3.74390486078076;-18.7893747055676;-3.84965664568134;-14.3557741255927;17.8138358437582
84000;4683;84316;145;148;-22.6846538486396;-16.4522077619911;-14.5733258453528;-12.4429813330012;-3.74478280655709;-18.7528282159152;-3.86159560500653;-14.3599623342773;17.8799263700208
84500;4691;84785;145;148;-22.6957478386825;-16.4564476035773;-14.5760515857252;-12.4439653666188;-3.74494538370237;-18.7639222059581;-3.86546558002612;-14.3613825913205;17.87748492378
86500;4736;86765;145;148;-22.7419171870492;-16.4652736977076;-14.5734307699225;-12.4448178347159;-3.74680764299187;-18.8100915543249;-3.88464776410888;-14.3612737528392;17.8680063482941
87000;4743;87262;145;148;-22.7533407328482;-16.4617715932899;-14.5752634266298;-12.4479611196266;-3.7455368051598;-18.8215151001239;-3.88706403705713;-14.3624628082906;17.8883928286289
88000;4764;88267;145;148;-22.7762431816096;-16.4645083724567;-14.5800820423267;-12.4559551872667;-3.74626243091658;-18.7872591350453;-3.89823623472403;-14.3670670564015;17.9381081104056
88500;4774;88824;145;148;-22.7888243254682;-16.460887541739;-14.5849729532843;-12.4513167052511;-3.74787681917004;-18.7457730576337;-3.90140693931549;-14.3679051320426;17.950961225558
90000;4808;90335;145;148;-22.8225605224161;-16.4681904816187;-14.5850812338024;-12.4486163720486;-3.7496200164391;-18.7795092545815;-3.91349527355338;-14.3690462882228;17.9734571759661
91000;4832;91296;145;148;-22.8437245080265;-16.4652983243749;-14.5850430117622;-12.4479368805603;-3.75113172156409;-18.8006732401919;-3.92151567473922;-14.3676762046473;17.9736889714701
91500;4845;91823;145;148;-22.8552361797796;-16.461645425829;-14.5850950929244;-12.4464080191631;-3.75015096159261;-18.8121849119451;-3.92774882749516;-14.3672796751296;17.990747985524
92000;4857;92344;145;148;-22.8665520265895;-16.4613235685587;-14.5780175671756;-12.446147444652;-3.75019660389347;-18.8235007587549;-3.93113962137778;-14.3653277528974;17.9697027403327
92500;4863;92846;145;148;-22.8773949712319;-16.4631170130624;-14.579602344851;-12.4465197501646;-3.75152771123792;-18.8343437033973;-3.93669438814659;-14.3663838048045;17.9807092066716
93000;4871;93310;145;148;-22.8873651244561;-16.4673755014332;-14.5808929643556;-12.4471210785579;-3.75139073335095;-18.793020562234;-3.94008706629187;-14.3680376614619;18.0069063732343
93500;4879;93794;145;148;-22.8977123341271;-16.467992856088;-14.5801903378399;-12.4439092767515;-3.75172334570959;-18.803367771905;-3.94432588674711;-14.3692819008771;18.0303865018362
94000;4894;94305;145;148;-22.9085789789705;-16.462859159585;-14.5777153657458;-12.4447196633468;-3.75125012987756;-18.8142344167484;-3.95041943207302;-14.3675683594815;18.0325245633749
96000;4924;96292;145;148;-22.9502810412149;-16.46183656631;-14.5792703599768;-12.4450629069488;-3.75454933421136;-18.5682544065411;-3.96060711767839;-14.3668603327119;18.0179698835049
96500;4936;96796;145;148;-22.9607219001937;-16.4601835445955;-14.5814124161408;-12.4461110025762;-3.75479886777718;-18.5786952655198;-3.96265297982219;-14.3655963480059;18.0212926733486
97000;4944;97331;145;148;-22.9717456393844;-16.4600003097397;-14.5801156709436;-12.4439787855872;-3.75496759388288;-18.5897190047106;-3.96860333934376;-14.3663888122553;18.0353112982846
97500;4952;97865;145;148;-22.9826885138732;-16.4605957157031;-14.584278858447;-12.4415664907074;-3.75563003386851;-18.6006618791994;-3.97714160998921;-14.367756698747;18.046117379858
98500;4964;98864;145;148;-23.0030008946015;-16.4641400962109;-14.5823186035661;-12.4487649214231;-3.75451339223004;-18.6209742599276;-3.98335767397922;-14.3698482514592;18.0794756516629
99000;4973;99376;145;148;-23.0133318295982;-16.4679821692637;-14.5838779338711;-12.4521823475266;-3.75453789262117;-18.6313051949243;-3.98644685896185;-14.3714606836363;18.1038001073744
99500;4982;99868;145;148;-23.0232091860056;-16.4664308298476;-14.5859254012837;-12.4508801498594;-3.75360660103671;-18.6411825513317;-3.99005268218213;-14.3720712333741;18.1203297866018
1e+05;4992;100319;145;148;-23.03222077543;-16.4613378130904;-14.5850209558343;-12.4498878476251;-3.75347537024498;-18.6014039765867;-3.99189845914436;-14.3714654544715;18.1314400463474
101000;5011;101369;145;148;-23.0530452069525;-16.4654951921277;-14.585042259727;-12.4484299872215;-3.75478733735972;-18.6222284081092;-4.00196306482793;-14.372872946394;18.1534624507746
102000;5028;102404;145;148;-23.0733621066492;-16.4599778882697;-14.5760655521504;-12.4437762734135;-3.75391945492982;-18.596025292171;-4.00546513749239;-14.3662724362249;18.0270742242345
102500;5037;102889;145;148;-23.0828120324102;-16.4587476864313;-14.5787040805427;-12.4457073667605;-3.75413366554796;-18.605475217932;-4.00811702970499;-14.3663712037935;18.046282824887
104500;5074;104850;145;148;-23.1205720726601;-16.4612781529765;-14.5800537431231;-12.4472309607492;-3.75178070230354;-18.6432352581819;-4.0309769603376;-14.3689675773805;18.057614651122
105000;5085;105336;145;148;-23.1298210400724;-16.4577880946113;-14.5734071355028;-12.446114515145;-3.75158689115865;-18.6080324630233;-4.03242142936073;-14.3682601768108;18.0594741472019
106500;5111;106915;145;148;-23.1595788104475;-16.4650167519264;-14.5737928275656;-12.4520072927373;-3.75289110348835;-18.6377902333984;-4.04380703144506;-14.3723843268562;18.1219775067518
107000;5118;107392;145;148;-23.1684819407736;-16.4652945802903;-14.5738649594608;-12.4519442059691;-3.75390833675863;-18.6466933637246;-4.04778716216296;-14.3728751798332;18.1283028191789
108000;5135;108438;145;148;-23.1878677201274;-16.4688545657421;-14.5784601944076;-12.4480421474404;-3.75501162588164;-18.6660791430783;-4.05475011848279;-14.3736943458532;18.160085097284
108500;5145;108958;145;148;-23.1974355317102;-16.4724018895434;-14.5769639908405;-12.4460003411808;-3.75501781989997;-18.6756469546612;-4.05925880004332;-14.3745556181472;18.1729194665618
109500;5158;109905;145;148;-23.2147432705243;-16.4730425758723;-14.5829723175375;-12.4495478958844;-3.75504568949771;-18.6929546934753;-4.06919064829797;-14.3782361327667;18.2177412073811
110500;5173;110869;145;148;-23.2322092063065;-16.4776051068185;-14.5843386912486;-12.4517956716008;-3.75442752381282;-18.7104206292575;-4.07570734078592;-14.3801873711505;18.2366234027215
111000;5183;111370;145;148;-23.2412265407743;-16.4756111950538;-14.584619838378;-12.4510419008013;-3.75467155420614;-18.7194379637253;-4.07787892302551;-14.3795086669962;18.2367238909132
111500;5192;111848;145;148;-23.2497921713353;-16.4767117956798;-14.5865956857992;-12.4502574122351;-3.75442094378701;-18.7280035942863;-4.08218851224138;-14.3813633209353;18.2611006808562
112000;5198;112330;145;148;-23.2583924932712;-16.4830264023348;-14.5893369525457;-12.4497966064564;-3.754816762863;-18.7366039162222;-4.08551742108908;-14.3839056950438;18.2873488386549
112500;5210;112815;145;148;-23.2670091758572;-16.4763510906257;-14.5856585278992;-12.4487821252868;-3.75550792044399;-18.7452205988082;-4.0885845147144;-14.3809836087931;18.2645427774561
113500;5230;113820;145;148;-23.2847470643142;-16.4790245108972;-14.5805765045678;-12.4475317146868;-3.7561480205812;-18.7203988728464;-4.09622929625391;-14.3822726563277;18.3096812691863
114000;5238;114315;145;148;-23.2934261495367;-16.4777861594623;-14.581324285821;-12.4438657872659;-3.75578468370278;-18.7290779580688;-4.10131664877123;-14.3827083513534;18.3076693469151
114500;5245;114806;145;148;-23.3019980526204;-16.4776243825773;-14.5822723471608;-12.4481281128029;-3.75596925379374;-18.7376498611526;-4.10380293221948;-14.3827782251296;18.3035457247813
115000;5253;115265;145;148;-23.3099782084674;-16.480184470955;-14.5834159024482;-12.4500373692369;-3.75554246195405;-18.7456300169996;-4.10775064063657;-14.3835408360608;18.3177965146289
115500;5257;115716;145;148;-23.3177883845968;-16.4826037984495;-14.5838722096692;-12.4480587059251;-3.75526817223438;-18.7534401931289;-4.10908235997676;-14.3840388709268;18.3189664819182
116000;5268;116234;145;148;-23.326721359137;-16.4851058826594;-14.58526525591;-12.4485987233805;-3.75467406785722;-18.7623731676692;-4.11544206698188;-14.3857851267108;18.3303425696566
117000;5276;117261;145;148;-23.3443149970783;-16.4878530124837;-14.581668967428;-12.451462846835;-3.7536710504508;-18.7799668056105;-4.11862054944731;-14.3889136093623;18.3791266988667
118000;5299;118276;145;148;-23.3615523106715;-16.4863202233949;-14.5869300899745;-12.4510470610036;-3.75395391417916;-18.7972041192036;-4.12696111581708;-14.3904961268234;18.4239342766753
119500;5327;119758;145;148;-23.3864566377745;-16.4887516946459;-14.5877755436979;-12.4512803844763;-3.7538575867706;-18.8221084463067;-4.13831969369292;-14.3928748876439;18.4611010387008
120500;5347;120771;145;148;-23.4033029388744;-16.4836190890269;-14.5880073807923;-12.4554129217003;-3.75475166848157;-18.8389547474065;-4.14594611501695;-14.3910082904627;18.4470395706683
121500;5369;121738;145;148;-23.4192529469178;-16.4848557369892;-14.58520730575;-12.4546473101411;-3.7554268327991;-18.8549047554499;-4.15257947961342;-14.3903058926994;18.4475013740492
122000;5376;122288;145;148;-23.4282683949653;-16.4861116892659;-14.5872540844814;-12.4536425307618;-3.75599491840517;-18.8639202034975;-4.15455464804104;-14.3908931727991;18.4592040780988
123000;5393;123314;145;148;-23.4449784538158;-16.4855799416819;-14.5863966837755;-12.448603343773;-3.75684546753056;-18.880630262348;-4.15888577723921;-14.3885556845086;18.4424030558318
123500;5403;123827;145;148;-23.4532814183064;-16.4816128135806;-14.5845866417254;-12.4464428239931;-3.75736022779502;-18.8889332268385;-4.16140233384584;-14.3861069292272;18.414175653903
124000;5409;124332;145;148;-23.4614213720795;-16.4785586206106;-14.5859245661747;-12.4479530777148;-3.75662429659474;-18.8970731806117;-4.16500294777498;-14.3868765787953;18.4204755153029
125500;5440;125801;145;148;-23.484913144685;-16.4759560872895;-14.5824575524781;-12.4465698395507;-3.75651598723788;-18.8797429586969;-4.18054937239948;-14.385734516505;18.4262820826465
126000;5445;126291;145;148;-23.4926880937844;-16.4716041294952;-14.5834528145921;-12.4463799979158;-3.75669079763458;-18.8875179077963;-4.18221347972731;-14.3869104735234;18.4418078141305
126500;5457;126841;145;148;-23.501379225139;-16.4705217490229;-14.582795885897;-12.4439708281759;-3.75734125477492;-18.8962090391509;-4.18577143642873;-14.3870301946783;18.4591313947945
127000;5468;127325;145;148;-23.5089963035056;-16.4667101315659;-14.5810188425036;-12.444313025019;-3.75749282041281;-18.9038261175175;-4.19183111154196;-14.3852543255993;18.4320242414177
127500;5472;127822;145;148;-23.5167879001709;-16.4675330589151;-14.5807528122591;-12.4440665169299;-3.75795470767856;-18.9116177141828;-4.19154965830517;-14.3804669864662;18.3041942601779
129000;5492;129309;145;148;-23.5399203358121;-16.4751613080203;-14.5862808333877;-12.4451501602281;-3.75904651992434;-18.8955294366707;-4.19924209852224;-14.3820495512344;18.3343227253228
130000;5507;130294;145;148;-23.5550974289404;-16.4784436134965;-14.5848560446984;-12.446612606126;-3.75906373843259;-18.8729662018162;-4.20747414162314;-14.3849585381543;18.3827413963222
130500;5514;130824;145;148;-23.5632163748245;-16.4815077887189;-14.5856280704326;-12.4477061027638;-3.75962332245039;-18.8810851477002;-4.21177014947355;-14.3868233175989;18.4065329779972
131000;5523;131329;145;148;-23.5709218082875;-16.4808449725114;-14.5869802803462;-12.4470026437622;-3.75976625348434;-18.8887905811633;-4.21561391678283;-14.3877045340494;18.4218818164537
131500;5532;131829;145;148;-23.5785218143929;-16.4805595697901;-14.5781622811471;-12.4483366335329;-3.75957682507949;-18.8963905872686;-4.21721989496587;-14.3850224721544;18.386069711329
132000;5542;132331;145;148;-23.5861232772079;-16.4778791374764;-14.578266421316;-12.4499444221797;-3.75970505063041;-18.9039920500837;-4.22227214990987;-14.3857457524601;18.3911936419766
132500;5547;132806;145;148;-23.5932893914535;-16.4825932684747;-14.5794506398451;-12.4488223240066;-3.76002096536454;-18.9111581643293;-4.22396892802206;-14.3871084365978;18.4133082217034
133500;5562;133782;145;148;-23.6079337769569;-16.481042968058;-14.5813960652778;-12.4474635997812;-3.75996303484108;-18.9258025498326;-4.23073127543776;-14.3879607967113;18.428811662971
134000;5569;134258;145;148;-23.6150372018245;-16.4849390122116;-14.5813147121989;-12.4445457236411;-3.75963123521952;-18.9329059747003;-4.23281345852541;-14.3884579046271;18.4327392489865
134500;5575;134770;145;148;-23.6226498015264;-16.4821970723687;-14.5838097477126;-12.4441067681214;-3.75935680589384;-18.9405185744022;-4.23610170134755;-14.388849081761;18.445226318209
135000;5588;135294;145;148;-23.6304109345551;-16.4812793359977;-14.5856530660352;-12.4455243964978;-3.75816502028367;-18.9482797074309;-4.24206888192742;-14.3900053810612;18.4566099156361
135500;5596;135788;145;148;-23.6377002499186;-16.4830848930049;-14.585652456937;-12.4458276491694;-3.75776402793689;-18.9555690227944;-4.24343742664373;-14.3893989304364;18.4447156207179
136500;5612;136769;145;148;-23.6520973006079;-16.4850594236957;-14.5835509608073;-12.4444887864688;-3.75718478702889;-18.9699660734837;-4.24956505381923;-14.3877699027702;18.4005372925568
137000;5618;137279;145;148;-23.6595412606259;-16.4878844378574;-14.5828465800518;-12.4486808290586;-3.75723656230144;-18.9410423893309;-4.25105798979908;-14.3881320048958;18.4063227315063
138500;5634;138750;145;148;-23.6808580632174;-16.4932008991024;-14.5893012272311;-12.4481427790061;-3.75843400211226;-18.9623591919223;-4.256127664883;-14.3912339760348;18.4453025134698
139000;5638;139223;145;148;-23.6876644862371;-16.4850032897139;-14.5878649534788;-12.4487549029549;-3.75797797656071;-18.969165614942;-4.2584260711143;-14.3914486551431;18.4520267661029
139500;5646;139731;145;148;-23.6949488494163;-16.4852389070295;-14.5866412030053;-12.4490404595247;-3.75855710007223;-18.9764499781212;-4.26490760344816;-14.3903842380745;18.4486457679232
140500;5654;140760;145;148;-23.709623182871;-16.4855983745852;-14.5871857459244;-12.4519319766688;-3.75771609488409;-18.9911243115759;-4.26772736449635;-14.39122570914;18.4530026394204
142500;5672;142822;145;148;-23.738708757292;-16.4966287038301;-14.5921605411252;-12.4561780706672;-3.75817749117526;-18.9851185661856;-4.28018245596003;-14.3989195820687;18.5318786750041
143000;5673;143344;145;148;-23.7460052296747;-16.498924645089;-14.5937707805096;-12.4572363289431;-3.75741449816872;-18.9924150385684;-4.28439888923216;-14.4022982603457;18.5651747669917
143500;5680;143822;145;148;-23.752663405663;-16.5006094538102;-14.5949330964434;-12.4583729264993;-3.75685827200758;-18.9990732145567;-4.28642947467329;-14.4027101712815;18.5836673503075
