20;14;18;8;5;-5.78074351579233;-4.68213122712422;-3.98898404656427;-3.43967790223022;-2.19722457733622;-4.39444915467244;-0.817898885532422;-4.12042143086497;2.59480429545432
41;32;39;9;14;-7.32712329225929;-6.22851100359118;-5.38121314320398;-4.84221664247129;-2.82731362192903;-5.9408289311394;-0.873498293366601;-5.50001395357202;3.09720945059021
61;46;67;13;14;-8.40938523878193;-7.02309087766204;-6.01148996598356;-5.07718072860673;-2.81096327978356;-7.31077295011382;-1.02539578080342;-6.09488186025551;3.94201128742705
81;61;90;18;17;-8.99961934066053;-7.90100705199242;-7.05370919160522;-5.95509690293711;-2.95936462938312;-8.30647216010058;-0.996590674275798;-6.79698666137228;4.232555045456
105;73;114;23;18;-9.47239689678899;-8.37378460812088;-7.39295535510916;-6.29434306644105;-3.1588488505119;-8.77924971622905;-0.932268734090257;-7.13571977175207;4.18163009372838
126;85;131;25;23;-9.7503946464023;-9.05724746584236;-7.67095310472247;-6.4734279443894;-3.19646124237649;-9.05724746584236;-0.921021910933898;-7.65131814474806;4.66385269225673
146;96;151;27;25;-10.0345596736298;-9.3414124930699;-7.83733509629363;-6.70235516345464;-3.13483656634498;-9.3414124930699;-0.9890939448439;-7.87914168350693;4.82751345520603
168;101;166;28;25;-10.2239755767131;-9.12536328804498;-7.92139048371904;-6.78998837222794;-3.26173211244688;-9.53082839615314;-1.01814536021479;-7.94230650227604;4.90185952933872
188;112;182;33;25;-10.4080133741536;-9.30940108548548;-8.10542828115955;-6.94227747135386;-3.32630478804802;-9.71486619359364;-0.997920910320569;-8.12173590901275;4.90929917102513
208;118;196;34;26;-10.556229318461;-9.45761702979292;-8.25364422546699;-7.09049341566131;-3.41736231851551;-9.86308213790109;-1.00613638174207;-8.23137896200744;4.9933600039666
229;129;213;34;30;-10.7225843314189;-10.0294371508589;-8.93082486219079;-7.3213869497567;-3.39611871757853;-10.0294371508589;-1.04806978852049;-8.49794521224535;5.33113042275907
249;138;230;37;31;-10.8761586178464;-10.1830114372864;-8.93024846879108;-7.50886278785992;-3.49902490501244;-10.1830114372864;-1.05491202069417;-8.65285663542211;5.40112002583327
269;148;254;37;35;-11.0746685340371;-9.97605624536896;-9.12875838498176;-7.67347115237492;-3.48685131404365;-10.3815213534771;-1.0530424534839;-8.8493970633056;5.60080999167439
289;159;279;39;38;-11.2624235636427;-10.5692763830828;-9.31651341458742;-7.86122618198058;-3.56394077576179;-10.5692763830828;-1.02050141545766;-9.02030301567986;5.66085372717049
310;162;291;39;38;-11.346646534343;-10.653499353783;-9.26720499266315;-7.82028600972682;-3.5262070190808;-10.653499353783;-1.05504351203381;-9.05605203356596;5.75410700438023
330;170;314;39;41;-11.4987859718165;-10.8056387912566;-9.41934443013667;-7.94343791032709;-3.54160864835703;-10.8056387912566;-1.08754751763146;-9.19115951385277;5.89681255557154
350;180;330;40;43;-11.5981853089211;-10.9050381283611;-9.45985224941303;-7.98726739627683;-3.58649857979321;-10.9050381283611;-1.07277808511335;-9.26891607540505;5.9261334275295
370;186;350;40;45;-11.7158663089669;-11.022719128407;-9.5186417316307;-8.05230466283727;-3.56338023318668;-11.022719128407;-1.079169870297;-9.33863670614251;5.94723361990069
391;194;376;40;45;-11.8591782867798;-10.7605659981117;-9.55659319378574;-8.12150866849642;-3.55864968058005;-11.1660311062198;-1.11287432916501;-9.3758342548044;6.13049827662824
413;200;399;45;45;-11.9779228337797;-11.2847756532198;-9.78069825644351;-8.24025321549636;-3.60068160279093;-11.2847756532198;-1.10939248116375;-9.58068868617274;6.26074041084085
434;206;421;45;45;-12.0852656673648;-11.3921184868048;-9.88804109002854;-8.25662427087567;-3.58014505718279;-11.3921184868048;-1.15889562558591;-9.62442074101126;6.43325138778288
454;215;446;47;45;-12.2006379040401;-11.102025615372;-9.89805281104608;-8.35049030233007;-3.58450476476899;-11.5074907234802;-1.14814600777586;-9.68181061592017;6.51513066560398
474;226;462;51;47;-12.2711297821635;-11.1725174934954;-10.0739052048273;-8.53346016388011;-3.57395109375083;-11.5779826016035;-1.15710104442338;-9.84601962343346;6.48302712891302
494;232;482;52;48;-12.3558882281012;-11.2572759394331;-10.158663650765;-8.59468811240764;-3.58591501624245;-11.6627410475413;-1.17804396768605;-9.91541346732108;6.53118693479196
500;234;488;54;48;-12.3806308117063;-11.6874836311463;-10.3011892700265;-8.64296119342293;-3.56126110168782;-11.6874836311463;-1.17654296126064;-9.97752265744212;6.54579371572073
520;241;508;54;49;-12.460962895157;-11.767815714597;-10.3815213534771;-8.65430040538664;-3.54822026041994;-11.767815714597;-1.18831442424179;-10.0169871735001;6.62335545208109
541;251;523;54;54;-12.5191629281298;-11.8260157475699;-10.5732527790745;-8.83028347401591;-3.58536688419499;-11.8260157475699;-1.18334463850102;-10.1511149412744;6.61104974996397
561;258;555;54;54;-12.6379362274929;-11.5393239388248;-10.558494685813;-8.84251016564858;-3.55213919059129;-11.9447890469329;-1.22677774267034;-10.1953381838266;6.7709856229398
581;262;570;54;54;-12.6912727216572;-11.5926604329891;-10.6118311799774;-8.88461023188687;-3.54835502599844;-11.9981255410972;-1.24676529342307;-10.2241554435233;6.88549935611601
601;273;596;54;56;-12.7804813341307;-11.6818690454626;-10.7010397924509;-8.87855968236131;-3.55544941341153;-12.0873341535708;-1.26827612848495;-10.2724780794297;6.884027799463
621;286;624;56;59;-12.8723007367389;-11.7736884480707;-10.792859195059;-9.00109972583097;-3.55220950080355;-12.1791535561789;-1.28130373634847;-10.4154380870717;6.98187282078405
641;293;640;58;59;-12.9229363527074;-12.2297891721475;-10.8434948110276;-9.13874671878917;-3.58376310888828;-12.2297891721475;-1.30213453944194;-10.459789612643;6.95743077911565
662;299;662;60;61;-12.990531111874;-12.2973839313141;-10.9110895701942;-9.20634147795576;-3.53301821078426;-12.2973839313141;-1.30355990707759;-10.5710247819218;6.97322811129757
682;302;681;61;61;-13.047124612299;-12.3539774317391;-10.9676830706192;-9.26293497838076;-3.50475041030056;-12.3539774317391;-1.31374721517357;-10.6227717976415;7.08182071395938
702;311;710;61;63;-13.1305299400707;-12.4373827595108;-11.0510883983909;-9.30188854358163;-3.54704106146292;-12.4373827595108;-1.34509187958119;-10.6981842603194;7.19595454848113
723;320;730;61;63;-13.1860890682849;-12.4929418877249;-11.106647526605;-9.31488805737698;-3.54344693424697;-12.4929418877249;-1.34778120368004;-10.6855494512786;7.21783629221916
744;326;742;61;63;-13.2186984863348;-12.5255513057748;-11.1392569446549;-9.32687818822413;-3.55543706509412;-12.5255513057748;-1.36068090006888;-10.6811243195679;7.23585083610515
765;333;765;61;63;-13.2797516676531;-12.181139378985;-11.2003101259732;-9.32850794907164;-3.55061750226172;-12.5866044870931;-1.37268496830612;-10.6785264596326;7.25975781511671
785;336;781;61;63;-13.3211502996794;-12.2225380110113;-11.1239257223432;-9.3321662531151;-3.53926556890249;-12.6280031191194;-1.38554213698391;-10.6969045534595;7.32709613645142
805;344;809;61;63;-13.391597834117;-12.2929855454489;-11.1943732567808;-9.29725327189488;-3.54987930797849;-12.698450653557;-1.39891644845834;-10.7143702437894;7.45001415385468
825;349;825;61;65;-13.4307667726694;-12.3321544840013;-11.2335421953331;-9.38771550483481;-3.56607202485239;-12.7376195921094;-1.39882134938498;-10.7549256767791;7.40484118251391
845;354;849;61;65;-13.4881183726227;-12.3895060839546;-11.1855332796286;-9.34498364623116;-3.56605443451363;-12.7949711920628;-1.40286398939244;-10.7619637618057;7.46145846343636
866;362;864;61;66;-13.5231455376081;-12.42453324894;-11.2205604446141;-9.36426245424844;-3.56516979978791;-12.8299983570482;-1.41717503502;-10.7765668668128;7.46014725621295
886;368;883;61;66;-13.5666504012079;-12.4680381125398;-11.1687551284095;-9.34714269603181;-3.56921723582926;-12.873503220648;-1.42776511522564;-10.7827729948017;7.50600523405173
906;370;894;61;66;-13.591411550347;-12.4927992616789;-11.1935162775487;-9.31474543133097;-3.57455067064322;-12.8982643697871;-1.43179654144498;-10.7894664657648;7.54365196402271
926;376;913;61;66;-13.6334717611899;-12.5348594725218;-11.1485651114019;-9.31598364765363;-3.58070250593805;-12.94032458063;-1.43757572211132;-10.7885219870348;7.56648818019242
946;378;935;61;66;-13.6810930585774;-12.5824807699093;-11.1961864087894;-9.33728763672369;-3.55534234215434;-12.9879458780174;-1.44480648564119;-10.8062875673708;7.63424533214246
966;382;951;62;67;-13.7150281250908;-12.6164158364227;-11.2301214753028;-9.43836200607472;-3.57106803911867;-13.0218809445308;-1.45383775762784;-10.8712046657717;7.70791091177764
986;386;974;62;70;-13.7628226072851;-12.664210318617;-11.460237514291;-9.51432736523571;-3.56573303978617;-13.0696754267251;-1.45935105576776;-10.9567583453985;7.74739008974346
1000;389;985;62;70;-13.7852832823442;-12.6866709936761;-11.4826981893501;-9.53678804029482;-3.55696239172548;-13.0921361017842;-1.47155425866653;-10.9681761199152;7.80698494661715
1020;394;1003;63;70;-13.8215015759239;-12.7228892872558;-11.4236063031255;-9.54483545690782;-3.55194831106232;-13.1283543953639;-1.46372123221758;-10.9873593484206;7.84660719271235
1040;407;1028;63;74;-13.8707408920302;-12.7721286033621;-11.4728456192319;-9.59407477301417;-3.52883713124624;-13.1775937114703;-1.45399411628423;-11.0440672669588;7.72801836181559
1060;414;1050;65;74;-13.9130908863031;-12.814478597635;-11.5151956135048;-9.72343614427671;-3.54848279258069;-13.2199437057432;-1.45947480263522;-11.1095562595336;7.83945051457257
1081;416;1064;65;75;-13.9395813398032;-12.8409690511351;-11.5416860670048;-9.74992659777675;-3.55366763802276;-13.2464341592432;-1.46218850028853;-11.1392187177646;7.88518703699832
1102;422;1077;65;77;-13.9638693543128;-12.8652570656447;-11.5659740815144;-9.77421461228635;-3.56185145610481;-13.2707221737528;-1.46081179227972;-11.1602053995926;7.80496391172812
1129;426;1095;66;77;-13.9970192845012;-12.8984069958331;-11.5991240117028;-9.7775115793251;-3.56090547824023;-13.3038721039413;-1.45958027228996;-11.1863158041642;7.84728045806911
1150;428;1122;66;77;-14.0457361721653;-12.9471238834972;-11.6478408993669;-9.79724093011592;-3.56760348315021;-13.3525889916053;-1.47017453441675;-11.2101208585488;7.94825745179037
1170;434;1136;66;77;-14.0705371985622;-12.9719249098941;-11.5856305487742;-9.79387107954614;-3.55706670672689;-13.3773900180022;-1.47672562952009;-11.1976085567696;7.92152496973283
1190;441;1162;66;79;-14.1157958748237;-12.7295015137038;-11.6308892250357;-9.83912975580766;-3.57684322206872;-13.4226486942638;-1.47271423551014;-11.2308391936716;7.91485373144563
1210;450;1192;66;79;-14.1667756952506;-12.7804813341307;-11.6818690454626;-9.82297027339691;-3.58682944344075;-13.4736285146906;-1.49864654034541;-11.2457530559475;8.00269901080722
1230;456;1208;68;79;-14.1934427569895;-13.0948304683214;-11.7085361072015;-9.91677663797346;-3.59331413463919;-13.5002955764296;-1.49800512873499;-11.300257773053;8.09891575758304
1252;462;1226;68;81;-14.2230242329923;-12.8367298718724;-11.7381175832043;-9.93256479184392;-3.59743767794647;-13.5298770524324;-1.50234810878488;-11.3272586283155;8.03719310161698
1273;464;1240;68;81;-14.2457333171982;-12.8594389560783;-11.6807839597366;-9.92162259028684;-3.59064101453052;-13.5525861366382;-1.51173312304534;-11.3379598979832;8.09579583141382
1295;476;1264;73;82;-14.2840731494136;-13.1854608607455;-11.7991664996256;-10.0213932723723;-3.60622716089271;-13.5909259688537;-1.49889306136858;-11.4666588149395;8.1753685204796
1315;483;1289;74;82;-14.3232440058784;-13.2246317172103;-11.8383373560904;-10.03278456473;-3.59580033267089;-13.6300968253184;-1.50026557992809;-11.4860638741518;8.20432462312725
1336;488;1307;74;82;-14.3509794272484;-13.2523671385803;-11.8660727774604;-10.0469143340443;-3.59465225541878;-13.6578322466885;-1.51301285802437;-11.4996489850136;8.27494615448114
1356;492;1321;74;82;-14.3722886090447;-13.2736763203765;-11.8073392515831;-10.0682235158405;-3.61175090467864;-13.6791414284847;-1.51631297947228;-11.4976453214992;8.29592692506319
1380;499;1343;74;82;-14.4053223930465;-13.3067101043784;-11.8403730355849;-10.0615169711928;-3.63137864497999;-13.7121752124865;-1.52879817488854;-11.4953183062998;8.33681261226749
1403;503;1371;74;85;-14.4465913591246;-13.3479790704565;-11.8816420016631;-10.1027859372709;-3.61824984405386;-13.7534441785647;-1.53272432898778;-11.5574656350291;8.33810206283851
1424;508;1386;75;86;-14.4683543594997;-13.3697420708316;-11.9034050020382;-10.124548937646;-3.62302529424541;-13.7752071789398;-1.52425916492023;-11.5907799436685;8.34293927226972
1444;510;1403;75;86;-14.4927361602049;-13.3941238715368;-11.9277868027434;-10.1360273335153;-3.62974514137182;-13.799588979645;-1.53509649398541;-11.6048610725573;8.39516798814114
1464;516;1421;75;87;-14.5182322561942;-13.1319378950743;-11.9532828987327;-10.1487844037272;-3.62825649279467;-13.8250850756343;-1.5420560186083;-11.6159548651895;8.3850313953331
1484;518;1438;76;87;-14.542017076562;-13.1557227154421;-11.9770677191004;-10.172569224095;-3.6184194635127;-13.848869896002;-1.55011552202123;-11.6510702490345;8.44868995965392
1505;524;1459;76;87;-14.5710130970456;-13.1847187359257;-11.9319557674303;-10.2015652445785;-3.62659533618242;-13.8778659164856;-1.55715740466761;-11.6517027311962;8.50116533719117
1525;527;1476;76;87;-14.5941820103208;-13.2078876492009;-11.9551246807056;-10.212155375647;-3.63676577674324;-13.9010348297609;-1.56199720198627;-11.6578786010081;8.54981163964758
1545;534;1498;77;91;-14.6237723281543;-13.5251600394862;-12.1388656783663;-10.2355344334812;-3.64136512029583;-13.9306251475944;-1.55550195013031;-11.7531363507237;8.55888663395453
1566;538;1521;77;91;-14.6542465845186;-13.5556342958505;-12.089297227057;-10.235405976722;-3.64788915306171;-13.9610994039586;-1.56224963539793;-11.7678768214775;8.6486962644354
1587;543;1541;77;92;-14.6803736706402;-13.5817613819721;-12.1154243131787;-10.2495568717969;-3.64155624650083;-13.9872264900803;-1.56934023531515;-11.7907171270005;8.67656025388388
1607;549;1565;77;92;-14.7112822059485;-13.6126699172804;-12.0722248763332;-10.256934909695;-3.64414396856505;-14.0181350253886;-1.56994988199658;-11.7904380674606;8.71088646502854
1627;556;1587;79;92;-14.7392014410528;-13.6405891523847;-12.1001441114376;-10.3447522863804;-3.63992951809632;-14.0460542604929;-1.56977128842296;-11.8331793038754;8.72722730647418
1647;558;1603;80;92;-14.7592643052191;-13.660652016551;-12.1943149477576;-10.3772376705452;-3.64508656060952;-14.0661171246592;-1.57294257494227;-11.8648367293032;8.77562115794166
1667;563;1621;80;94;-14.7815970434714;-13.6829847548032;-12.2166476860098;-10.4377916216177;-3.65135321233746;-14.0884498629114;-1.57587277734263;-11.9070182921501;8.81314766377488
1687;569;1640;82;94;-14.8049030416365;-13.7062907529684;-12.239953684175;-10.4610976197828;-3.65997350465995;-14.1117558610765;-1.57944531438953;-11.9519967031132;8.83889310910297
1708;576;1660;83;94;-14.8291457627012;-13.7305334740331;-12.2641964052396;-10.4724369360116;-3.64771494313938;-14.1359985821412;-1.58841107826156;-11.9653753416463;8.81444883579321
1729;582;1677;85;94;-14.8495235236464;-13.7509112349783;-12.2845741661849;-10.5057181017927;-3.65315983067862;-14.1563763430865;-1.58916149668481;-12.0059130426514;8.84583489255434
1749;585;1699;85;94;-14.8755902433439;-13.7769779546758;-12.3106408858823;-10.5188814166543;-3.66842935837618;-14.1824430627839;-1.60334930288545;-12.0204807891583;8.92431206961956
1769;589;1714;85;94;-14.8931701983155;-13.7945579096473;-12.2541128687002;-10.5111435636416;-3.67193482719454;-14.2000230177555;-1.60298995032005;-12.0126034581507;8.89827868564014
1789;600;1737;88;94;-14.9198295324822;-13.8212172438141;-12.280772202867;-10.6023414189459;-3.67666763946142;-14.2266823519223;-1.61736038465975;-12.0668886927747;8.92228671937251
1809;605;1756;88;96;-14.9415875483901;-13.842975259722;-12.3766381909286;-10.6240994348538;-3.67609832730315;-14.2484403678302;-1.61788133782244;-12.0982580535677;8.90188534425516
1829;606;1774;88;96;-14.961984325739;-13.8633720370709;-12.3970349682775;-10.6444962122027;-3.67830851645231;-14.2688371451791;-1.62400969367612;-12.1067833984449;8.91509997148104
1850;615;1797;88;98;-14.9877477735671;-13.889135484899;-12.4227984161056;-10.6836826803629;-3.6904938450724;-14.2946005930072;-1.62452824327259;-12.1377234245838;8.9455320614228
1870;615;1809;88;98;-15.0010589707906;-13.9024466821225;-12.3620016411753;-10.6969938775864;-3.68210667983479;-14.3079117902306;-1.62802715148741;-12.1452814790405;8.97897990976506
1890;617;1824;88;98;-15.0175743412686;-13.9189620526004;-12.3785170116533;-10.7000862277322;-3.6846850465786;-14.3244271607086;-1.63246369582889;-12.152834385246;9.02296525570079
1911;623;1853;88;98;-15.0491224525707;-13.9505101639026;-12.4100651229555;-10.7316343390344;-3.69294436927502;-14.3559752720108;-1.64758458982323;-12.168233367589;9.1095034355507
1934;627;1870;88;101;-15.0673874196973;-13.9687751310292;-12.5824807699093;-10.749899306161;-3.68959462871853;-14.3742402391373;-1.64393178959145;-12.2181428209462;9.11534143085887
1954;633;1896;88;101;-15.0950033656299;-13.9963910769618;-12.4559460360147;-10.7642700253436;-3.68663873614697;-14.40185618507;-1.64702505077186;-12.2050579646265;9.06388743395048
1975;638;1922;88;101;-15.1222431790605;-14.0236308903924;-12.4831858494452;-10.7784377572068;-3.68783075896136;-14.4290959985005;-1.65050967303473;-12.2139691903166;9.13761373336757
1995;642;1941;88;102;-15.141917166338;-14.0433048776699;-12.5028598367228;-10.7981117444843;-3.68730961069231;-14.4487699857781;-1.65419287746877;-12.2376644255681;9.18306322240109
2015;645;1961;89;102;-15.1624196523927;-14.0638073637246;-12.5233623227774;-10.818614230539;-3.69179644365637;-14.4692724718327;-1.66301807662049;-12.2621787341965;9.19176900293054
2035;655;1985;92;104;-15.1867483862426;-14.0881360975745;-12.7018417364546;-10.9240685092013;-3.6943215907497;-14.4936012056826;-1.65741436794686;-12.3466104541236;9.22090561627158
2057;656;2001;92;104;-15.2028046691675;-14.1041923804994;-12.7178980193795;-10.9261385501514;-3.68540920952579;-14.5096574886075;-1.66061053218364;-12.3520318685142;9.24614298444815
2077;659;2024;93;104;-15.2256620608147;-14.1270497721466;-12.7407554110267;-10.9489959417987;-3.67349665210688;-14.5325148802548;-1.66384576068063;-12.3783285881949;9.29146348390561
2099;661;2043;93;104;-15.2443491896352;-14.1457369009671;-12.7594425398472;-10.9538897484869;-3.67409865804575;-14.5512020090753;-1.66784991215726;-12.3846289846799;9.31415738469404
2119;663;2061;94;104;-15.2618931617809;-14.1632808731128;-12.7769865119929;-10.9578280685767;-3.67653541355402;-14.568745981221;-1.67132902933232;-12.4107173207664;9.34889100610594
2141;668;2082;94;104;-15.2821684983498;-14.1835562096817;-12.7172191408883;-10.9781034051457;-3.68181840845533;-14.5890213177899;-1.67328243570268;-12.4123710577256;9.37304990357662
2161;673;2101;94;107;-15.30033740169;-14.2017251130219;-12.815430751902;-11.0236712826739;-3.67085632070144;-14.6071902211301;-1.67413192868743;-12.4632362722457;9.37757104061053
2181;677;2118;94;107;-15.3164550523227;-14.2178427636546;-12.8315484025347;-11.0123899591185;-3.67285226371086;-14.6233078717628;-1.67364092168631;-12.4626949046748;9.41314255731574
2201;680;2140;94;107;-15.3371222160318;-14.2385099273637;-12.8522155662438;-11.0063888757455;-3.6671930022519;-14.6439750354718;-1.67478381680274;-12.4649662800813;9.451711377586
2221;686;2158;96;107;-15.3538742916362;-14.2552620029681;-12.8689676418482;-11.049809198432;-3.65480126503845;-14.6607271110762;-1.67449049134447;-12.4987335298187;9.47119270433413
2242;691;2171;98;107;-15.3658863397566;-14.2672740510885;-12.8809796899686;-11.0892202207405;-3.65634201329158;-14.6727391591966;-1.67400436944548;-12.5301359879004;9.47369906776064
2262;698;2194;98;107;-15.3869632816704;-14.2883509930022;-12.9020566318824;-11.0828981884662;-3.65562543976181;-14.6938161011104;-1.67261428952769;-12.5171183170332;9.41618701739758
2283;703;2213;98;107;-15.4042086801021;-14.305596391434;-12.8392593226406;-11.0734753398158;-3.65895794510282;-14.7110614995422;-1.66853276812436;-12.501868307391;9.36612344803165
2303;706;2235;98;107;-15.4239930140953;-14.3253807254272;-12.8590436566338;-11.0672841874057;-3.66745492597156;-14.7308458335354;-1.6721680078172;-12.5068839840379;9.39244622942162
2323;711;2256;98;107;-15.4426972252359;-14.3440849365678;-12.8036398956206;-11.0732493727689;-3.65517492736255;-14.749550044676;-1.67804742363829;-12.5079928398231;9.41177242100568
2343;715;2275;98;107;-15.4594706627701;-14.360858374102;-12.8204133331548;-11.0774440280962;-3.65436824248683;-14.7663234822102;-1.67822448091502;-12.5117423782886;9.45788680870173
2363;719;2288;98;107;-15.4708667049994;-14.3722544163313;-12.8318093753841;-11.0641474577351;-3.65779961122763;-14.7777195244394;-1.67702114747206;-12.5059575445213;9.45510258321702
2385;723;2319;99;107;-15.4977826745111;-14.399170385843;-12.8587253448958;-11.1033335198386;-3.66542940752888;-14.8046354939511;-1.68623194633448;-12.5317848905992;9.48354027504492
2405;725;2340;99;107;-15.5158124167035;-14.4172001280354;-12.8767550870882;-11.1213632620311;-3.6619248098392;-14.8226652361435;-1.69226623104793;-12.5428799095986;9.53123595708343
2425;733;2369;102;109;-15.5404464083176;-14.4418341196495;-12.975497050856;-11.1584197736437;-3.65803540657191;-14.8472992277576;-1.69097413382089;-12.6263481181993;9.52458079215597
2445;742;2391;106;110;-15.5589339349166;-14.4603216462485;-13.0740272851286;-11.2822678159006;-3.65885669867821;-14.8657867543567;-1.68582450457298;-12.6973496354529;9.4964248209849
2467;744;2414;106;110;-15.578080803315;-14.4794685146468;-13.093174153527;-11.2605926897786;-3.64966069459938;-14.884933622755;-1.69417915489762;-12.7057160821343;9.51354282904368
2487;747;2435;106;110;-15.5954040710334;-14.4967917823653;-13.1104974212454;-11.264670730747;-3.62795670266812;-14.9022568904734;-1.69442157040069;-12.710322399555;9.55345834599987
2500;749;2449;106;110;-15.6068701139043;-14.5082578252362;-13.1219634641163;-11.276136773618;-3.61428776266023;-14.9137229333444;-1.69771804030901;-12.714718674922;9.58043059335304
2520;753;2466;106;110;-15.6207053674486;-14.5220930787805;-13.1357987176606;-11.2386787327747;-3.61276663772859;-14.9275581868886;-1.69894468964165;-12.7163791701486;9.62260712972055
2540;758;2493;107;112;-15.6424841670471;-14.543871878379;-13.1575775172591;-11.3117508267608;-3.60587213591497;-14.9493369864872;-1.70038236869851;-12.7682597045189;9.63982755337609
2561;764;2513;107;113;-15.6584650750872;-14.5598527864191;-13.1735584252992;-11.3409769615509;-3.60724669017253;-14.9653178945272;-1.70542288613114;-12.7826701652601;9.67137141681957
2583;769;2525;109;113;-15.6679926834189;-14.5693803947508;-13.1830860336309;-11.3775332422705;-3.61192930521546;-14.974845502859;-1.70317027676779;-12.8073272905051;9.65145504077071
2603;772;2548;109;113;-15.6861280333841;-14.587515744716;-13.2012213835961;-11.3956685922357;-3.60383448903578;-14.9929808528242;-1.710027004203;-12.8168867077831;9.68998145001032
2625;775;2569;109;115;-15.7025439942198;-14.6039317055517;-13.2176373444318;-11.4258778752037;-3.59651270286982;-15.0093968136598;-1.71925292319764;-12.851568365682;9.70729826341429
2645;778;2594;109;115;-15.7219127297528;-14.6233004410847;-13.2370060799648;-11.4044246162165;-3.59155550147038;-15.0287655491928;-1.72898344759349;-12.8632426346831;9.75821180089578
2666;779;2610;109;115;-15.7342110006335;-14.6355987119654;-13.2493043508455;-11.3904055787798;-3.59411791403728;-15.0410638200735;-1.73097932312064;-12.8677416727004;9.78578237533154
2686;783;2635;110;115;-15.7532769219509;-14.6546646332828;-13.2683702721629;-11.4094715000972;-3.59512431925557;-15.060129741391;-1.73257580759371;-12.8819866277696;9.77917988030775
2706;786;2653;110;117;-15.7668927082755;-14.6682804196074;-13.2819860584875;-11.4902265892594;-3.58878239003143;-15.0737455277155;-1.73287734134554;-12.915497896865;9.79518993714296
2726;789;2674;110;117;-15.7826615153238;-14.6840492266557;-13.2977548655358;-11.5059953963077;-3.5975163294766;-15.0895143347638;-1.73419252991026;-12.914619019794;9.78286090861767
2746;791;2692;110;117;-15.7960793815292;-14.6974670928611;-13.3111727317412;-11.4653460412429;-3.59490370661177;-15.1029322009693;-1.73192440102356;-12.9128683554658;9.79880023779868
2766;796;2717;110;117;-15.8145672188527;-14.7159549301846;-13.3296605690647;-11.4578583921631;-3.59749528786415;-15.1214200382928;-1.73960663870296;-12.9131413928573;9.78597456997939
2786;799;2738;110;117;-15.8299660116968;-14.7313537230287;-13.3450593619088;-11.4605181592298;-3.60398290154783;-15.1368188311368;-1.74753006854743;-12.9207050331046;9.83304134579146
2806;803;2757;110;117;-15.8437968220476;-14.7451845333795;-13.3588901722596;-11.4743489695806;-3.60011052322414;-15.1506496414876;-1.75567468316428;-12.9195792754876;9.82500160579679
2826;807;2774;110;117;-15.8560912017496;-14.7574789130814;-13.3711845519616;-11.4866433492825;-3.59485824837544;-15.1629440211896;-1.76536242343622;-12.919725569478;9.82705329018225
2846;813;2801;110;118;-15.8754635505202;-14.7768512618521;-13.3905569007322;-11.4810143958478;-3.60155470218647;-15.1823163699603;-1.76998852674663;-12.9339674242706;9.83248804256192
2866;816;2815;110;119;-15.8854350811476;-14.7868227924795;-13.4005284313596;-11.5034084464737;-3.60483490863198;-15.1922879005876;-1.77646865123814;-12.9525686065108;9.8556182664361
2886;820;2834;110;121;-15.8988888405013;-14.8002765518331;-13.4139821907133;-11.5421800138117;-3.60535491920108;-15.2057416599413;-1.7775228505016;-12.9805551974548;9.86323686669891
2907;823;2850;112;121;-15.9101485465254;-14.8115362578573;-13.4252418967374;-11.5926604329891;-3.60841578242661;-15.2170013659654;-1.77707410778745;-13.0149567323366;9.87843173543572
2927;830;2878;112;122;-15.9297017748946;-14.8310894862265;-13.4447951251066;-11.5858963530409;-3.61055047531266;-15.2365545943347;-1.77673589227001;-13.015764911838;9.83234670232081
2948;834;2901;114;122;-15.9456215682428;-14.8470092795747;-13.4607149184548;-11.6281334547065;-3.60993833139385;-15.2524743876829;-1.77436009312109;-13.049812185605;9.86464303152261
2968;836;2918;114;122;-15.9573074581655;-14.8586951694974;-13.4724008083775;-11.6265741178791;-3.60677089839757;-15.2641602776055;-1.78057281929436;-13.0576324519554;9.90039966891039
2988;838;2935;114;122;-15.9689254645244;-14.8703131758563;-13.4840188147364;-11.6251200426707;-3.60970263950054;-15.2757782839644;-1.78503503336282;-13.063257790994;9.93866520695097
3000;840;2940;114;122;-15.9723297206655;-14.8737174319973;-13.4874230708775;-11.6156208939759;-3.61085717590759;-15.2791825401055;-1.78253517207659;-13.0574560694435;9.91602033644074
3020;844;2958;114;122;-15.9845372865415;-14.8859249978734;-13.4996306367535;-11.6025106518676;-3.61254350558514;-15.2913901059815;-1.78615221052424;-13.0564796129138;9.93310755495608
3041;847;2980;114;122;-15.9993571589989;-14.9007448703308;-13.5144505092109;-11.5926379117346;-3.61346608689289;-15.306209978439;-1.79480156750987;-13.0600609934855;9.94406969046586
3062;852;2999;116;122;-16.012068357498;-14.9134560688299;-13.52716170771;-11.6300417228241;-3.61578039305479;-15.3189211769381;-1.79594913153078;-13.0874358289571;9.93953414936726
3082;857;3022;116;122;-16.0273482856654;-14.9287359969973;-13.5424416358774;-11.6085076778688;-3.61885738164212;-15.3342011051054;-1.79462786008633;-13.0824117901772;9.93684360637305
3102;863;3042;116;122;-16.0405409456385;-14.9419286569704;-13.5556342958505;-11.6097241467952;-3.61992159601961;-15.3473937650785;-1.79529161651139;-13.0776200530005;9.94282732146458
3123;872;3065;118;125;-16.0556056967406;-14.9569934080725;-13.5706990469526;-11.698896870051;-3.62261264121474;-15.3624585161807;-1.7816227393463;-13.132218056005;9.90587939001333
3143;879;3096;118;125;-16.0757324694192;-14.9771201807511;-13.5908258196312;-11.6812833147468;-3.61703125946343;-15.3825852888593;-1.78678107119294;-13.1339763142912;9.93070366889307
3163;883;3112;118;125;-16.0860417705966;-14.9874294819285;-13.6011351208086;-11.6552249717533;-3.61976102961536;-15.3928945900366;-1.78846994476393;-13.1268444321301;9.89827804994875
3183;889;3139;118;125;-16.1033191136839;-15.0047068250158;-13.6184124638959;-11.6489718174304;-3.62769272541691;-15.410171933124;-1.78542728536031;-13.114250738053;9.86467060111312
3203;894;3161;118;126;-16.1172874244312;-15.0186751357631;-13.6323807746432;-11.6864706255879;-3.6242517148739;-15.4241402438713;-1.78900773254095;-13.1318900942807;9.89794652630201
3223;900;3181;120;126;-16.1299017834983;-15.0312894948302;-13.6449951337103;-11.699084984655;-3.62060349514054;-15.4367546029383;-1.78687132981855;-13.1528134128432;9.86201977780837
3243;901;3198;120;126;-16.1405617867878;-15.0419494981197;-13.6556551369998;-11.7097449879445;-3.62390630451966;-15.4474146062279;-1.79106802368351;-13.1600487553073;9.89355200769543
3263;904;3212;121;126;-16.1492981501333;-15.0506858614652;-13.6643915003453;-11.71848135129;-3.61872463976314;-15.4561509695734;-1.78889161097585;-13.1711234283876;9.89967697625015
3287;910;3236;121;127;-16.1641865563568;-15.0655742676887;-13.6792799065688;-11.7333697575135;-3.62219539891118;-15.4710393757968;-1.78842612581694;-13.1820603099317;9.91915643526693
3307;915;3265;121;127;-16.1820300834211;-15.083417794753;-13.6170807259595;-11.7512132845777;-3.62319714621475;-15.4888829028611;-1.7923298825107;-13.1828834987779;9.93866131440024
3327;923;3296;121;127;-16.2009297820587;-15.1023174933906;-13.5618724524435;-11.7235929675805;-3.62818483313954;-15.5077826014988;-1.79609818139668;-13.175816646636;9.92759454371532
3347;933;3319;123;129;-16.2148376234399;-15.1162253347718;-13.6498882659784;-11.7840208245966;-3.62891173811142;-15.52169044288;-1.7871155745123;-13.2058464753653;9.8152604190581
3367;933;3335;123;129;-16.2244559166994;-15.1258436280313;-13.6595065592379;-11.7936391178561;-3.62543956294812;-15.5313087361395;-1.79163818790194;-13.2138991187023;9.83616928759325
3387;935;3353;123;129;-16.2352214929325;-15.1366092042643;-13.6702721354709;-11.8044046940891;-3.62913858997708;-15.5420743123725;-1.7958125514985;-13.2191077688511;9.86027924829581
3408;942;3376;124;129;-16.2488937114317;-15.1502814227636;-13.6839443539702;-11.7829855927771;-3.62592158016769;-15.5557465308717;-1.79461824380067;-13.2224226397708;9.82964515212559
3428;949;3399;124;129;-16.2624730993922;-14.8761787382723;-13.6975237419307;-11.762663429062;-3.62833272054446;-15.5693259188323;-1.79306931457375;-13.214552399922;9.82324980084316
3448;951;3415;124;129;-16.2718655440098;-14.8855711828899;-13.6328082143945;-11.7610060374929;-3.63216802457759;-15.5787183634498;-1.79277823279468;-13.2152907597823;9.83344129694554
3469;955;3434;126;129;-16.2829620829148;-14.896667721795;-13.7180127254533;-11.7831524125846;-3.63605718543921;-15.5898149023549;-1.79220918362628;-13.242040468648;9.84476858704422
3490;957;3458;126;129;-16.2968913324865;-14.9105969713666;-13.6578340028712;-11.7970816621562;-3.63348245143824;-15.6037441519265;-1.7974413555882;-13.2519251363244;9.88065727177178
3510;961;3474;127;129;-16.3061238936021;-15.207511604934;-13.6670665639868;-11.8345014270357;-3.63394269479508;-15.6129767130422;-1.79957938637912;-13.2664193126965;9.89156685809514
3531;961;3490;127;129;-16.3153140303929;-15.2167017417248;-13.6762567007777;-11.8155043600627;-3.63086664136729;-15.622166849833;-1.79936742035061;-13.2681070647232;9.91405863369318
3552;962;3512;127;130;-16.32788190951;-15.2292696208419;-13.6888245798948;-11.8619737908554;-3.62261704664443;-15.6347347289501;-1.80240097779862;-13.2890314332233;9.93804279978882
3574;969;3542;127;135;-16.3448936366856;-15.2462813480174;-13.779944279224;-11.926053028889;-3.62434902338924;-15.6517464561256;-1.79609781745683;-13.3491236686961;9.92359522339649
3595;974;3569;127;135;-16.3600814469803;-15.2614691583122;-13.7951320895188;-11.929264648137;-3.62068418884023;-15.6669342664204;-1.8017244338433;-13.3531596171864;9.94111971517641
3615;976;3585;127;135;-16.3690275060674;-15.2704152173993;-13.8040781486059;-11.9382107072241;-3.61751913617568;-15.6758803255075;-1.80417234308347;-13.3548729517824;9.93823851773358
3635;981;3607;127;135;-16.3812633618071;-15.282651073139;-13.7422060321918;-11.9269160655536;-3.61796635695743;-15.6881161812471;-1.80856988476929;-13.3583448045246;9.96751002549735
3655;987;3631;127;135;-16.3945267428287;-15.2959144541606;-13.7554694132134;-11.8947170724984;-3.6192642869288;-15.7013795622687;-1.81055097884633;-13.35670549228;9.98201258643189
3675;989;3651;127;135;-16.4055127633113;-15.3069004746432;-13.766455433696;-11.905703092981;-3.62507647321112;-15.7123655827513;-1.81957782992908;-13.3655081656916;10.0101063501997
3695;993;3674;127;135;-16.4180725315501;-15.319460242882;-13.7790152019349;-11.9072130250333;-3.61778945332005;-15.7249253509902;-1.81814138640158;-13.3633582384993;10.0201039529631
3715;994;3691;127;135;-16.42730540606;-15.3286931173919;-13.7882480764447;-11.9164458995431;-3.61220659263529;-15.7341582255001;-1.82028351947974;-13.3695079993818;10.0494193133572
3735;996;3705;127;135;-16.4348770754604;-15.3362647867923;-13.7958197458451;-11.9240175689435;-3.60988253609737;-15.7417298949004;-1.82392993231589;-13.3725182823212;10.0583252051197
3755;998;3717;127;135;-16.4413443405945;-15.3427320519264;-13.8022870109792;-11.9304848340777;-3.60849938737085;-15.7481971600346;-1.82750215191108;-13.3767477180291;10.0800805558094
3775;1003;3742;127;135;-16.4547510136681;-15.356138725;-13.8156936840528;-11.9438915071512;-3.60836777749682;-15.7616038331081;-1.83500146477723;-13.3813959627366;10.1075620910462
3795;1006;3764;127;135;-16.4664750014105;-15.0801806402906;-13.8274176717953;-11.9338755082573;-3.60734306436205;-15.7733278208506;-1.83890064775178;-13.3865318509441;10.1360305758547
3815;1008;3786;127;135;-16.4781306635385;-15.0918363024186;-13.8390733339233;-11.9348358812685;-3.60782484761306;-15.7849834829786;-1.8413805470495;-13.3879600256636;10.1374373338926
3835;1012;3806;127;135;-16.4886680957122;-15.1023737345923;-13.8496107660969;-11.9453733134422;-3.61045231833602;-15.7955209151522;-1.84588601539256;-13.3886717851468;10.1405287743087
3855;1016;3819;127;135;-16.495487774451;-15.1091934133311;-13.8564304448358;-11.9311395829832;-3.60745529400149;-15.8023405938911;-1.84765435232427;-13.3885506741475;10.1565242037854
3875;1021;3835;127;137;-16.5038494276027;-15.1175550664828;-13.8647920979875;-11.9499725360022;-3.61092940366112;-15.8107022470428;-1.84740421154983;-13.4097672076957;10.1416376445722
3895;1024;3850;127;137;-16.5116568545637;-15.1253624934438;-13.8036066534615;-11.9577799629631;-3.60584132800724;-15.8185096740037;-1.84856790413641;-13.4046056387589;10.1241388564964
3915;1025;3870;127;138;-16.5220195720477;-15.1357252109278;-13.8829622424324;-11.9681426804471;-3.59922483092917;-15.8288723914877;-1.85088250480976;-13.4230615684997;10.1424809058122
3937;1030;3897;128;138;-16.5359246106774;-15.1496302495575;-13.8278744095752;-11.9820477190769;-3.60042589435494;-15.8427774301175;-1.85352409139056;-13.4431322857695;10.1868679566837
3957;1032;3912;128;138;-16.5436080623094;-15.1573137011895;-13.8355578612072;-11.9897311707089;-3.60665901940929;-15.8504608817495;-1.85469924227999;-13.4457434493158;10.205566278514
3979;1037;3938;128;138;-16.5568565183981;-15.1705621572783;-13.8488063172959;-12.0029796267976;-3.60462687199441;-15.8637093378382;-1.85871377528073;-13.4442714999243;10.2161226811823
3999;1040;3947;128;140;-16.5614221513257;-15.1751277902058;-13.8533719502235;-12.0075452597252;-3.60610794950567;-15.8682749707657;-1.85850769754866;-13.4683854444039;10.215519045742
4000;1040;3948;128;140;-16.5619288011067;-15.1756344399869;-13.8538786000045;-12.0080519095062;-3.60661459928672;-15.8687816205468;-1.85845126849203;-13.4685916080238;10.2179939698063
4021;1042;3974;128;140;-16.5750568462235;-15.1887624851036;-13.8670066451213;-12.021179954623;-3.60745200001734;-15.8819096656636;-1.863240736343;-13.4767039439913;10.2590414002842
4043;1043;3991;128;140;-16.5835942100975;-15.1972998489776;-13.8755440089953;-12.0297173184969;-3.60987238235059;-15.8904470295375;-1.86800319976999;-13.483117967513;10.2830700819059
4063;1044;4002;128;140;-16.5890990302874;-15.2028046691675;-13.8810488291851;-12.0352221386868;-3.61090629932795;-15.8959518497274;-1.87020184138897;-13.4854777892676;10.3041747377397
4084;1044;4026;128;140;-16.6010572123995;-15.2147628512796;-13.8930070112973;-12.0367090209316;-3.61515752259751;-15.9079100318395;-1.87220506701569;-13.4931746954065;10.3421954486321
4105;1045;4049;128;140;-16.6124504320643;-15.2261560709444;-13.9044002309621;-12.0481022405965;-3.61304143871887;-15.9193032515044;-1.87384673117438;-13.4914791366068;10.3142141178085
4125;1049;4075;128;141;-16.6252520513499;-15.23895769023;-13.9172018502477;-12.0505410728465;-3.61642025983553;-15.93210487079;-1.87891807442064;-13.5083895838346;10.3370702955267
4145;1054;4094;129;141;-16.6345555324425;-15.2482611713226;-13.9265053313403;-12.0598445539391;-3.61534843514241;-15.9414083518825;-1.8780011440381;-13.5186797022946;10.3430260597368
4165;1058;4113;129;141;-16.6438159364608;-15.257521575341;-13.9357657353586;-12.0588484577903;-3.61587093663469;-15.9506687559009;-1.87978717543786;-13.5158733253726;10.3314190729743
4187;1062;4137;129;141;-16.6554523329228;-15.2691579718029;-13.9474021318206;-12.0603324827882;-3.61427731920534;-15.9623051523629;-1.88170136463873;-13.5163349294852;10.3333881224132
4207;1064;4160;129;141;-16.6665407065106;-15.2802463453907;-13.9584905054084;-12.0613705205225;-3.61496252012443;-15.9733935259507;-1.88170076630491;-13.514388789567;10.3288591239886
4227;1064;4179;129;141;-16.6756545248958;-15.2893601637759;-13.9676043237936;-12.0704843389077;-3.6110007720437;-15.9825073443359;-1.88339050869827;-13.5202216816473;10.3562762659821
4251;1066;4194;129;141;-16.6828204229237;-15.2965260618038;-13.9747702218215;-12.0776502369356;-3.61098221393862;-15.9896732423638;-1.88608269112872;-13.5242366656704;10.3812476455789
4272;1070;4221;129;141;-16.695654691565;-15.3093603304451;-13.9876044904628;-12.0805341747237;-3.60858279686034;-16.0025075110051;-1.88856561154621;-13.5243398111658;10.394222850561
4292;1071;4232;129;141;-16.7008599470763;-15.3145655859564;-13.9928097459741;-12.085739430235;-3.60936204523936;-16.0077127665163;-1.89203761790164;-13.5273511125569;10.4127315624408
4312;1073;4247;129;141;-16.7079362606265;-15.3216418995067;-13.9998860595243;-12.0635453614852;-3.60628592481976;-16.0147890800666;-1.89537301414383;-13.5288869485313;10.433505808329
4332;1075;4273;129;141;-16.7201428712881;-15.3338485101682;-13.9475541490483;-12.0661825211305;-3.60118528701855;-16.0269956907281;-1.89957421378112;-13.5366326584276;10.4627844076918
4352;1077;4291;130;141;-16.728550169983;-15.3422558088632;-14.0204999688808;-12.0938211817534;-3.60260122840367;-16.0354029894231;-1.90145797325329;-13.5542617986307;10.487825790277
4372;1079;4312;130;141;-16.7383142251777;-15.3520198640578;-13.9657255029379;-12.0843538750201;-3.59976652335282;-16.0451670446177;-1.90374265143712;-13.5573440900728;10.5098717513573
4392;1081;4330;130;141;-16.7466456419931;-15.3603512808732;-13.9740569197533;-12.0926852918355;-3.59538970365413;-16.0534984614331;-1.90908783491579;-13.5624243101685;10.5341685776824
4412;1085;4348;130;141;-16.7549424964822;-15.3686481353623;-13.9823537742424;-12.1009821463247;-3.59848498594719;-16.0617953159223;-1.91309970392061;-13.5594348725113;10.5259072697318
4432;1085;4372;130;141;-16.7659516985929;-15.379657337473;-13.9933629763531;-12.1119913484353;-3.59689559319655;-16.0728045180329;-1.91732605470867;-13.5682048499655;10.5528867071146
4452;1089;4395;130;141;-16.7764456202386;-15.3901512591187;-14.0038568979988;-12.0943143931143;-3.60057180811977;-16.0832984396786;-1.91902435063548;-13.5633816913017;10.5238223201363
4472;1095;4424;130;141;-16.7895990864043;-15.4033047252845;-14.0170103641646;-12.1074678592801;-3.60821236855055;-16.0964519058444;-1.92947318573382;-13.5700732756614;10.5657808610966
4492;1096;4448;130;141;-16.8004196718608;-15.4141253107409;-14.0278309496211;-12.1182884447366;-3.60805273388788;-16.1072724913009;-1.93190211649413;-13.5768689303287;10.5969610744394
4500;1099;4454;130;141;-16.8031156956346;-15.4168213345147;-14.0305269733948;-12.1026353298422;-3.61074875766167;-16.1099685150747;-1.93344015703754;-13.5689046566238;10.5445357135531
4520;1103;4468;130;141;-16.8093923203782;-15.4230979592583;-14.0368035981384;-12.0908934490831;-3.60737523402744;-16.1162451398182;-1.93320709041955;-13.5630868707692;10.5227867508441
4541;1103;4484;130;141;-16.8165415683841;-15.4302472072642;-14.0439528461443;-12.098042697089;-3.60095017737977;-16.1233943878242;-1.93589381265059;-13.5640942207495;10.504587953003
4561;1106;4507;130;141;-16.8267740453813;-15.4404796842614;-13.9364022874851;-12.1082751740862;-3.60595997022016;-16.1336268648214;-1.94276888380303;-13.5698250713456;10.5309940525127
4582;1109;4527;130;141;-16.8356294948719;-15.449335133752;-13.9452577369758;-12.0994310464774;-3.60960905185732;-16.142482314312;-1.94644059828278;-13.5740870988458;10.5577561108138
4603;1115;4551;130;141;-16.8462045360333;-15.4599101749134;-13.9558327781371;-12.0926143449269;-3.60963071932415;-16.1530573554733;-1.9440523864868;-13.5703855587363;10.5782629048876
4624;1118;4568;131;141;-16.8536615026717;-15.4673671415518;-13.9632897447755;-12.1174630542772;-3.61316848301932;-16.1605143221117;-1.9447157005049;-13.5851202975341;10.5887539238296
4645;1123;4591;131;141;-16.8637062884984;-15.4774119273786;-13.9733345306023;-12.1101160973921;-3.61273863680615;-16.1705591079385;-1.9481677777249;-13.5876497474734;10.6157220800731
4666;1127;4608;131;141;-16.8710984047515;-15.4848040436316;-13.9807266468553;-12.1089244699537;-3.61113193535255;-16.1779512241915;-1.95475835127314;-13.5853683961645;10.6211820151036
4686;1130;4633;131;141;-16.8819197708333;-15.4956254097134;-13.9915480129371;-12.1197458360355;-3.60914870988054;-16.1887725902734;-1.95555351489192;-13.5865520575793;10.622770982458
4712;1131;4645;131;141;-16.8870933024959;-15.500798941376;-13.9967215445997;-12.1249193676981;-3.61028157528668;-16.1939461219359;-1.95748990037597;-13.5896792612541;10.634997185366
4732;1136;4664;133;141;-16.8952574560607;-15.5089630949408;-14.0048856981645;-12.1330835212629;-3.60816639026342;-16.2021102755007;-1.9547627571439;-13.6103097849762;10.6074845559653
4753;1141;4689;133;141;-16.9059492381792;-15.5196548770593;-14.015577480283;-12.1184574953971;-3.61003263367275;-16.2128020576192;-1.95624241150331;-13.6094001234746;10.6158148988652
4773;1144;4706;133;141;-16.9131871385746;-15.5268927774547;-14.0228153806785;-12.1256953957926;-3.61168392735955;-16.2200399580147;-1.95885880742522;-13.6105244404417;10.6314798092868
4793;1151;4724;134;141;-16.9208223546345;-15.5345279935146;-14.0304505967383;-12.1333306118525;-3.61653750045756;-16.2276751740746;-1.95559108070144;-13.6224945655312;10.6568463734652
4813;1155;4749;134;141;-16.9313786970982;-15.5450843359784;-14.0410069392021;-12.1438869543162;-3.61952948771594;-16.2382315165383;-1.95754207471634;-13.6256175826128;10.6855754998526
4833;1158;4770;134;141;-16.9402031677648;-15.5539088066449;-14.0498314098686;-12.1527114249827;-3.61706455490824;-16.2470559872048;-1.95983076465103;-13.6303822270295;10.7155938092214
4853;1162;4793;135;141;-16.9498235983193;-15.5635292371994;-14.0594518404231;-12.1623318555372;-3.6162597045706;-16.2566764177593;-1.96468605879231;-13.6489567880577;10.7457991688281
4873;1168;4816;135;141;-16.9593979739773;-15.5731036128574;-14.0690262160811;-12.1271001518504;-3.61937163629876;-16.2662507934174;-1.96194183957333;-13.6409608884673;10.7296520494784
4893;1171;4835;135;141;-16.9672728157748;-15.5809784546549;-14.0769010578786;-12.1309909088233;-3.61827279501208;-16.2741256352148;-1.96258009777737;-13.6396661156034;10.7233499161244
4913;1173;4858;135;141;-16.9767642191242;-15.5904698580043;-14.0863924612281;-12.1404823121728;-3.61802837957825;-16.2836170385643;-1.961669372297;-13.6359297150492;10.7131438868369
4933;1177;4875;135;141;-16.9837507668639;-15.597456405744;-14.0393117876975;-12.1239383625022;-3.61728580016188;-16.2906035863039;-1.96264432248435;-13.6323728347239;10.7086297698001
4953;1186;4904;135;141;-16.9956129552321;-15.6093185941122;-14.0511739760657;-12.1052638270103;-3.62127758801006;-16.3024657746722;-1.96411812037471;-13.6285904491911;10.7304152412587
4973;1190;4928;135;141;-17.0053770104267;-15.6190826493068;-14.0096447368727;-12.1001022319883;-3.62008645010014;-16.3122298298668;-1.96713097316805;-13.6300511891037;10.7568137359476
4995;1191;4944;135;141;-17.0118599982751;-15.6255656371552;-14.0161277247211;-12.1028951661878;-3.61895053436568;-16.3187128177151;-1.96918505181321;-13.6320585103845;10.7739608239475
5016;1196;4968;135;141;-17.0215452472266;-15.6352508861067;-14.0258129736726;-12.0870971933434;-3.62254001693668;-16.3283980666667;-1.97130040813968;-13.6342962401241;10.8011276395593
5500;1275;5436;138;141;-17.2015975505421;-15.592159638108;-14.1105550971838;-12.1264237353082;-3.62792928069955;-16.102985261874;-2.02748093916559;-13.6849312667743;10.9857745854905
6000;1362;5961;138;141;-17.3859870624399;-15.4400769133845;-13.9847896807777;-12.1710513048309;-3.64670873126142;-15.99969270132;-2.058816373873;-13.6610233309;10.9736879197561
7000;1504;6971;138;141;-17.6990279309728;-15.3964428379788;-14.0101484768589;-12.1383462999573;-3.64680864613337;-16.3127335698529;-2.15359235089048;-13.6787712987345;11.3530188207771
7500;1572;7477;138;141;-17.8391738419998;-15.4412785692015;-13.9679728310919;-12.1090740590263;-3.66917573069226;-16.4528794808799;-2.1869909991177;-13.6618441005616;11.3821797887894
8500;1689;8422;138;141;-18.0772052174437;-15.5122558599822;-13.9828606552216;-12.1110584783201;-3.6754030004308;-16.2854457482157;-2.26374059782096;-13.676728861477;11.7165189640915
9000;1735;8932;138;141;-18.1947912259201;-15.4867410248179;-13.975283520744;-12.1310060172325;-3.6666309051087;-16.403031756692;-2.3006067958589;-13.6930929943315;11.8335449853773
9500;1782;9428;138;141;-18.302878528112;-15.5948283270098;-13.9988134349079;-12.1290924242101;-3.67944894970094;-16.3569683790567;-2.32898690600257;-13.7095369207485;12.0201976940114
10000;1823;9908;138;141;-18.4021955812185;-15.5689822371623;-14.0077464265461;-12.1106264416602;-3.68685543565407;-16.4562854321632;-2.34517161449413;-13.710587886483;12.0734078637496
10500;1866;10407;138;141;-18.5004678712757;-15.6100961133796;-14.0006582009455;-12.1237409233771;-3.67889790928219;-16.5545577222204;-2.37690469451476;-13.7248908376424;12.2131881558882
11000;1903;10880;138;141;-18.5893630408199;-15.5936307672659;-13.9942431906853;-12.1123906779302;-3.67639552799531;-16.6434528917646;-2.39816944904636;-13.7355178897419;12.3786650260039
12000;2003;11864;138;141;-18.7625277676355;-15.5844739372876;-14.0003538328378;-12.1213455978949;-3.67422138828282;-16.5653031902993;-2.45876291948927;-13.7443568536139;12.566035758236
12500;2044;12372;138;141;-18.8463822676099;-15.668328437262;-14.0101003606584;-12.1419679126458;-3.67648502721898;-16.6491576902737;-2.48640453340169;-13.7550617022287;12.6673174038532
13000;2081;12895;138;141;-18.9291898366309;-15.6333529706266;-14.0165349508948;-12.1447327739932;-3.68322402336096;-16.5312945638325;-2.50798293257462;-13.7732299520206;12.8371562497033
13500;2123;13426;138;141;-19.0098968089974;-15.6776922988222;-14.0400835094214;-12.1429635245355;-3.68791793700103;-16.5249901592094;-2.53488392345509;-13.7826745283119;12.978294160022
14000;2158;13912;138;141;-19.0810141120682;-15.6798167304061;-14.0440615096546;-12.1340381199328;-3.67959530574707;-16.5961074622802;-2.55830865199902;-13.7933872377946;13.1274206456014
15500;2264;15396;138;141;-19.2837260288073;-15.7002070903512;-14.0633702037289;-12.1544284798779;-3.68606047728291;-16.7988193790193;-2.63720401976309;-13.8073035411375;13.2165250842912
16000;2293;15911;138;141;-19.3495319458157;-15.6859702996861;-14.0612649151212;-12.1596097750699;-3.68258755207808;-16.8646252960277;-2.66329217673169;-13.8147136586411;13.2706806129456
16500;2324;16389;138;141;-19.4087313141277;-15.7198518600137;-14.0616237834102;-12.1489117037645;-3.67636505798472;-16.7006811130254;-2.6809842284966;-13.8188670851387;13.3340113741361
17000;2360;16904;138;141;-19.4706111185918;-15.6864214846735;-14.0412654896373;-12.1494225618523;-3.67013317331867;-16.698022396352;-2.69750695784586;-13.8109440198216;13.269651244647
17500;2395;17388;138;141;-19.5270711842174;-15.6558701733095;-14.0464322608754;-12.1518154062076;-3.66744993306923;-16.6938578401612;-2.72318162183835;-13.8110417589054;13.2908364619566
18000;2422;17866;138;141;-19.5813094885236;-15.7101084776157;-14.0518804010121;-12.1547604161263;-3.66806595187597;-16.7480961444674;-2.74697776871797;-13.8272278197229;13.4343148547887
20000;2557;19842;138;141;-19.7911123644197;-15.7657606736845;-14.0873298897635;-12.1763069997086;-3.67486952886423;-16.9578990203635;-2.82424810658079;-13.8585466469613;13.7957364132483
20500;2584;20377;138;141;-19.8443241856019;-15.7499796233798;-14.0651262660944;-12.1734293542398;-3.67337919152801;-17.0111108415457;-2.83321699271234;-13.8558471005904;13.8054325505122
22000;2666;21839;138;141;-19.9829052825295;-15.7344100404802;-14.072108638489;-12.1664882988377;-3.67620841650163;-17.1496919384733;-2.87774253690998;-13.8476587490523;13.696961087077
23000;2720;22830;138;141;-20.0716614790477;-15.7149526523581;-14.0752093904287;-12.1651142466796;-3.68284236847953;-17.0759292054937;-2.90574972931554;-13.8427111670271;13.624627383745
23500;2755;23344;138;141;-20.1161905415251;-15.6853737426818;-14.0547336225971;-12.1695729782807;-3.68006466729689;-17.0251480881668;-2.91939150884237;-13.8333797030328;13.5152588617085
24000;2784;23869;138;141;-20.1606716497301;-15.6947635310755;-14.0514240669657;-12.1569743106357;-3.68288331280027;-17.0696291963718;-2.93085582831132;-13.8326740777128;13.5536212545054
24500;2811;24397;138;141;-20.2044309058051;-15.7046212354748;-14.0559626098875;-12.1588426250016;-3.67964955862612;-17.1133884524468;-2.94793305607435;-13.8362681827292;13.58636864041
25000;2838;24877;138;141;-20.2433979216095;-15.7107984284563;-14.0675306515038;-12.1600693128232;-3.67809910773419;-17.1079037056804;-2.96199990982998;-13.8377775831071;13.6412099265648
26000;2891;25874;138;141;-20.3219877649557;-15.7168175789676;-14.0643201770731;-12.1626130281803;-3.6734687662794;-17.1439339346077;-2.99298724206685;-13.8429795472288;13.672479436509
27000;2945;26917;138;141;-20.4010266724821;-15.7005463066897;-14.0553903116535;-12.1582703267676;-3.66951072351536;-17.1821508476139;-3.02058678602763;-13.8422639418965;13.7506854833238
27500;2975;27414;138;141;-20.4376182215827;-15.6754442867849;-14.0406885663665;-12.1561473636875;-3.67120090883701;-17.2187423967145;-3.02782577078167;-13.8310800146933;13.6369043477031
28000;2992;27870;138;141;-20.470612240952;-15.6831204981699;-14.0441237834943;-12.1530902446648;-3.67197826804224;-17.2517364160838;-3.03261826078347;-13.8306204322609;13.6137265059843
29000;3052;28825;138;141;-20.5379966902745;-15.6704622398189;-14.0337129988118;-12.1463667218336;-3.67488785839608;-17.3191208654063;-3.05386831582162;-13.8139064012637;13.453077307739
29500;3080;29328;138;141;-20.572595940159;-15.6673211617205;-14.0359043425677;-12.1429233462722;-3.67392509345683;-17.3537201152908;-3.06183931305326;-13.8073828598825;13.4409428927294
31000;3142;30808;138;141;-20.6710593509895;-15.6471788301432;-14.0246688361418;-12.1480829148175;-3.67088378144224;-17.412962812968;-3.09457288851161;-13.8076741705401;13.4014709028523
32000;3180;31815;138;141;-20.7353863113338;-15.6664821091136;-14.0309719563697;-12.1494136045227;-3.67461723271135;-17.4772897733123;-3.11587308668336;-13.8170689376563;13.5004005329125
34500;3293;34359;138;141;-20.8892385441317;-15.6688827190533;-14.0327765595371;-12.1428402100226;-3.66812860752626;-17.5934016781273;-3.16803740830424;-13.8176951107517;13.5243931795113
35000;3316;34837;138;141;-20.916870638674;-15.6698465665135;-14.0334080522609;-12.1354687309916;-3.66708417596705;-17.6210337726697;-3.17718285793965;-13.8166810008717;13.506352390153
35500;3336;35350;138;141;-20.9461073426494;-15.6731077840857;-14.0393525640009;-12.1419323238958;-3.66354300067249;-17.6139028324742;-3.18941381382185;-13.8195427366015;13.5486255533782
36500;3367;36388;138;141;-21.0039886578839;-15.6568811271664;-14.0351387220322;-12.1446252087318;-3.66511830829691;-16.9786369671488;-3.20088433416281;-13.8148964425818;13.4753312118759
37500;3406;37327;138;141;-21.054944408722;-15.6796660010378;-14.042378866749;-12.1507216713533;-3.6647296481869;-16.9945013981756;-3.22933398722081;-13.8256430275702;13.593084680658
38500;3444;38336;138;141;-21.1082893629502;-15.6658716524284;-14.0384152344917;-12.1412952496058;-3.66497507441956;-16.9494062795906;-3.24345230277204;-13.818883360794;13.575513306312
39000;3462;38875;138;141;-21.1362132989631;-15.6555743756211;-14.0337139431884;-12.1470184756384;-3.66548447089944;-16.9773302156034;-3.24957801809691;-13.8181042797145;13.5832990311448
39500;3485;39370;138;141;-21.1615187678756;-15.6602605573308;-14.0370405053821;-12.1482887701668;-3.66448439228328;-16.9718640258491;-3.26267832041994;-13.8189133822717;13.592999220152
40000;3515;39861;138;141;-21.1863073625188;-15.6568782750074;-14.0258498053886;-12.1403700468343;-3.66959034117591;-16.9966526204924;-3.26881961177446;-13.8112680903536;13.5773559000164
40500;3542;40358;138;141;-21.2110898384517;-15.6504082074361;-14.0257028228712;-12.1351955630284;-3.66733849810694;-17.0214350964252;-3.28350402352139;-13.8074420812337;13.5381768048033
41500;3577;41396;138;141;-21.2618790735761;-15.6560770072801;-14.0277018938263;-12.1351377254763;-3.66479685104136;-17.0722243315497;-3.30711449992321;-13.8097291845545;13.5594588613988
42000;3595;41905;138;141;-21.286320861066;-15.6515312578968;-14.0314363007109;-12.1365801112188;-3.66602370504994;-17.0966661190396;-3.31592010257448;-13.8133018845383;13.6036008670575
42500;3614;42409;138;141;-21.3102317656923;-15.6507495499327;-14.0316028233716;-12.1381126065363;-3.66499342331117;-17.0907240605162;-3.32327698743435;-13.8161545228029;13.6412165672938
43000;3636;42991;138;141;-21.3374921408867;-15.653912373548;-14.0269419823522;-12.1384149611892;-3.66650791333045;-17.1179844357106;-3.32977803126661;-13.8136432959867;13.6162847259967
43500;3653;43543;138;141;-21.3630084691477;-15.6592259944915;-14.0299854547612;-12.1384693777717;-3.66911587069693;-17.1435007639715;-3.34010403303141;-13.8198654808819;13.673849415071
44500;3693;44575;138;141;-21.4098568854627;-15.657284246637;-14.0320979772348;-12.1396451164491;-3.66886165821813;-17.1613616434133;-3.35616447177031;-13.8209498502229;13.7061487413296
45000;3710;45025;138;141;-21.4299463400883;-15.6616253442945;-14.0333047680253;-12.141534432692;-3.66968556228438;-17.181451098039;-3.36512992585404;-13.8208817448769;13.715922883898
46000;3748;46027;138;141;-21.4739669196027;-15.6568557596395;-14.029718270106;-12.1369938966932;-3.67235988750897;-17.2254716775534;-3.37647568161958;-13.8186655005378;13.7300480713662
46500;3764;46521;138;141;-21.4953182050645;-15.6575877578986;-14.0342528560476;-12.1341469433858;-3.67189055964459;-17.2468229630152;-3.38653670985872;-13.8213758646842;13.7533456797199
47000;3786;47040;138;141;-21.517507165145;-15.6538759895469;-14.0382075273622;-12.1379304759235;-3.67100153105641;-17.2690119230957;-3.39767919446047;-13.8196250853667;13.695881285669
48500;3832;48510;138;141;-21.5790504824785;-15.6494613390886;-14.0347183744248;-12.1344288147777;-3.67224691354229;-17.3305552404292;-3.41731908447085;-13.8187447461935;13.7245040403677
50000;3888;50022;138;141;-20.9472891947174;-15.6489718281694;-14.0330560601551;-12.1377995932986;-3.67632984025905;-17.3363712820732;-3.433580895543;-13.8171877966254;13.6971353852729
50500;3903;50537;138;141;-20.9677748599536;-15.6447648808151;-14.0304607787299;-12.1331466379362;-3.67628361911655;-17.3568569473093;-3.44040994140512;-13.8144837693364;13.6770490157419
51000;3915;51032;138;141;-20.9872691512836;-15.6401616205662;-14.0307237081321;-12.137324924048;-3.6752618652449;-17.3763512386394;-3.4439905004135;-13.814712387613;13.6718975449298
52500;3959;52503;138;141;-21.0441039990486;-15.6504764526962;-14.0374087722115;-12.1375750814541;-3.67901476194957;-17.4065178393222;-3.46253641835209;-13.8192870228095;13.7497770914465
53000;3970;52964;138;141;-21.0615882523593;-15.6499422005043;-14.0367170492274;-12.1386633217175;-3.67862309933349;-17.424002092633;-3.46747612192295;-13.8220367423028;13.7867015784159
53500;3990;53505;138;141;-21.0819135923623;-15.6460105628617;-14.0361370154827;-12.1386686592295;-3.6777658415811;-17.4443274326359;-3.47952199148148;-13.8206428258536;13.7939274463503
54500;4018;54508;138;141;-21.1190583371795;-15.6384194138375;-14.0314846316215;-12.1368112462434;-3.6748757589527;-17.4554966910498;-3.49086070707384;-13.817504946097;13.7878886939464
56000;4064;55934;138;141;-21.1707082258945;-15.6412791383831;-14.031841225949;-12.1380004212262;-3.67604417046826;-17.4818287717806;-3.50965646792743;-13.8143329632456;13.7416915728054
56500;4075;56428;138;141;-21.1882943558288;-15.6431169113493;-14.0336789989152;-12.1409436123471;-3.67468045243336;-17.4994149017149;-3.51638670116243;-13.8160732980377;13.7493110883197
57000;4085;56928;138;141;-21.2059380003712;-15.6414175930485;-14.0344732267696;-12.1390062116904;-3.67520300990387;-17.4923659336669;-3.52219477016043;-13.8170408511759;13.7581639553371
57500;4096;57442;138;141;-21.2239148635549;-15.6479657604086;-14.03625769944;-12.1370989778643;-3.67405247078338;-17.5103427968506;-3.52993570520402;-13.8193720473766;13.7867082153056
58000;4107;57931;138;141;-21.2408686717494;-15.6424467127511;-14.033008800317;-12.1409013572546;-3.6748809702622;-17.5272966050451;-3.53627684911843;-13.8213667909936;13.8096705101447
60000;4146;59831;138;141;-21.305411219975;-15.6529220397063;-14.039981496721;-12.1493158628512;-3.67262289199803;-17.5677416016916;-3.56279653060102;-13.8309915723003;13.9201863348043
60500;4156;60336;138;141;-21.3222212584363;-15.6627390426767;-14.0394600788307;-12.1523904297984;-3.67366534176295;-17.584551640153;-3.56952062917064;-13.8349683688052;13.9662545601724
62000;4187;61761;138;141;-21.3689075719949;-15.6751754331922;-14.0477190152554;-12.1505990303695;-3.6737210484683;-17.6077074563013;-3.58208376372991;-13.8395730111739;14.016318610573
62500;4195;62256;138;141;-21.3848732098887;-15.6810907352325;-14.0472854663501;-12.1479882826904;-3.67556797764721;-17.5782107201184;-3.58564160661232;-13.8425948679913;14.0611086582976
65000;4260;64727;138;141;-21.4627202276475;-15.6773577659989;-14.0505598927023;-12.1540741668872;-3.67830262027331;-17.5915192167396;-3.61316005862489;-13.8445450474656;14.0996804421863
65500;4278;65240;138;141;-21.47850893291;-15.6703664429295;-14.0442517252209;-12.1539474168437;-3.67897316794324;-17.6073079220021;-3.6170458111715;-13.8414136048889;14.078285146556
66000;4290;65731;138;141;-21.4935046892303;-15.6704587937473;-14.0464821234788;-12.1524869936125;-3.67957143589064;-17.6223036783224;-3.62043260441606;-13.8390393249946;14.0321127257959
66500;4302;66199;138;141;-21.5076940915817;-15.665600001128;-14.0451920017756;-12.1511776094479;-3.68097664269828;-17.6364930806738;-3.6238918272389;-13.837756909841;14.0198358047043
67000;4311;66669;138;141;-21.5218435319392;-15.6610573084733;-14.0476387254431;-12.151001263309;-3.67973206383936;-17.6300232338286;-3.62704900528448;-13.8361375825419;13.9775668422051
67500;4322;67151;138;141;-21.5362510071866;-15.6669540940528;-14.0485172457501;-12.1493975818245;-3.68070767984233;-17.2389656009678;-3.6274332331911;-13.8335164951602;13.9509681284185
68000;4337;67675;138;141;-21.5517970484051;-15.6656930169549;-14.0457550210009;-12.1463834357098;-3.68016951335356;-17.2145063075726;-3.6335878624682;-13.833535308311;13.9526775388003
68500;4347;68181;138;141;-21.5666952447243;-15.6695413770876;-14.0448359925227;-12.1459318858433;-3.68179611764323;-17.2294045038918;-3.64066368811512;-13.8366402802589;13.9931273112826
69000;4366;68719;138;141;-21.5824148289357;-15.6675613841996;-14.0453844548651;-12.1481312254748;-3.68016198294643;-17.2451240881032;-3.65112717680957;-13.8370754559429;14.0041479672988
69500;4381;69207;138;141;-21.5965674045584;-15.6643222171104;-14.0411857683753;-12.1455972602608;-3.68086163286059;-17.2398585778689;-3.65656486090362;-13.8370084559958;14.0281509755442
70000;4395;69692;138;141;-21.6105344445256;-15.6756402489061;-14.0394472773761;-12.1471034448673;-3.68180629565269;-17.2538256178361;-3.66263186327971;-13.8380570615245;14.0411273117329
70500;4407;70207;138;141;-21.6252594197248;-15.6746168671371;-14.0387102704086;-12.1453882168813;-3.68383885499301;-17.2685505930353;-3.6662016807576;-13.8374272148727;14.0210668255327
71000;4422;70721;138;141;-21.6398484944061;-15.6698629789753;-14.0384461598224;-12.1401274933426;-3.683962187133;-17.2831396677166;-3.66967658801515;-13.8339702532505;13.9786432367806
72000;4453;71702;138;141;-21.667400659843;-15.6697055629844;-14.0369393980594;-12.1452467358401;-3.68530767220201;-17.3106918331534;-3.68450405266275;-13.8345430092733;14.0068696994896
73000;4478;72669;138;141;-21.6941931447987;-15.6731697954492;-14.0364378736639;-12.1445274672189;-3.68664464143995;-17.3374843181091;-3.69607756763138;-13.8360769033438;14.0426459734788
73500;4489;73142;138;141;-21.7071688917354;-15.6752824301285;-14.0376736407277;-12.1437450173328;-3.68609331145218;-17.3314118700751;-3.69851082734196;-13.836965802229;14.0592321502638
74000;4507;73669;138;141;-21.7215275505167;-15.6717940952847;-14.0330721939667;-12.1465440649526;-3.68656340648776;-17.3457705288564;-3.70526931586754;-13.8351860079925;14.0444858651444
74500;4514;74171;138;141;-21.7351098537997;-15.669001763696;-14.0352674464027;-12.1459564047128;-3.68601576854668;-17.3593528321394;-3.70838392131359;-13.8365152270507;14.0414533782918
75000;4522;74649;138;141;-21.7479576335007;-15.6657387231243;-14.0378646597163;-12.1477735343193;-3.68653987959114;-17.3722006118404;-3.71221587479343;-13.8357463605235;14.0333710245178
75500;4534;75146;138;141;-21.7612291532099;-15.656435920795;-14.0372244965339;-12.1517771470978;-3.68600468981757;-17.3854721315497;-3.7184967501155;-13.8367449908252;14.0499739349475
76000;4543;75616;138;141;-21.7736991794133;-15.664451596649;-14.0406725669442;-12.1499255296798;-3.68681108737806;-17.397942157753;-3.72199202724929;-13.8371296388643;14.0553928585874
76500;4557;76114;138;141;-21.7868278102245;-15.6665303912735;-14.0407433408379;-12.1500439237549;-3.68812878342118;-17.4110707885642;-3.72440452601441;-13.8371618179799;14.0644355702166
77000;4572;76630;138;141;-21.800340667369;-15.6647757762872;-14.0433964657715;-12.1489106763117;-3.68755667604668;-17.4058915126965;-3.73123900193186;-13.8369297847676;14.0638656314655
77500;4585;77138;138;141;-21.8135554285199;-15.6629526600736;-14.0403817480374;-12.1502940072793;-3.6872860144373;-17.4191062738475;-3.7371902498309;-13.8357509629399;14.0388220952839
79000;4626;78630;138;141;-21.8518699894112;-15.6595074999363;-14.0378743144084;-12.1467114318148;-3.68773812460536;-17.4033536134685;-3.7515499693578;-13.8341654883739;14.0043405719623
80500;4659;80097;138;141;-21.8888401777831;-15.6662639097118;-14.0438157605417;-12.1521453804233;-3.68847213328972;-17.4229320591286;-3.76944472528193;-13.839108071509;14.0436158011448
81500;4680;81091;138;141;-21.9135073391188;-15.6674005736373;-14.0410521890548;-12.1551900777458;-3.68850513663511;-17.4305047871049;-3.777255072969;-13.8400903894775;14.0635222075602
82000;4692;81572;138;141;-21.9253355090645;-15.6590841774905;-14.0445311643896;-12.1521844582564;-3.68724454987603;-17.4423329570506;-3.78205774227788;-13.837375139309;14.0441503174236
