20;22;25;9;12;-6.4377516497364;-6.4377516497364;-5.33913936106829;-4.56891684059472;-2.29461692334487;-5.74460446917646;-0.744019510933702;-5.31112500567832;2.82358957276562
40;37;53;12;17;-7.94058382710424;-7.2474366465443;-5.99467367804893;-5.6379987341102;-2.86541001187042;-6.55428946598435;-0.894807250224732;-6.29684087358554;3.75370345943351
61;45;70;13;20;-8.49699048409872;-7.80384330353877;-6.2997659067625;-5.85793315448346;-2.86220088092947;-7.39837819543061;-0.822372986734355;-6.62814628268207;4.14233476954273
81;60;93;18;20;-9.06519898630651;-8.37205180574657;-7.1192888372512;-6.29261026406673;-3.03451372604525;-7.9665866976384;-0.933080213350705;-7.11431188187018;4.55963142324366
103;68;112;18;21;-9.43699774259019;-8.74385056203024;-7.23977316525397;-6.17890120456871;-3.14542860303187;-7.35755620091035;-0.993020613505211;-7.25130185842625;4.92147943737179
123;73;125;20;22;-9.6566274746046;-8.96348029404466;-7.57718593292477;-6.47857364425666;-3.13453467643445;-8.96348029404466;-1.01969760158603;-7.5013396729968;5.05518159868165
143;87;146;20;24;-9.96721324341667;-9.07133350880265;-7.66462815042263;-6.38369430496056;-3.09819879275097;-9.27406606285673;-1.2329750591481;-7.58539662240284;5.06333225499846
163;92;160;22;24;-10.1503476304677;-9.05173534179954;-7.84776253747361;-6.56682869201154;-3.08047350200908;-9.45720044990771;-1.23236692049436;-7.73176583785934;5.16873259647391
183;99;182;22;25;-10.4080133741536;-9.30940108548548;-7.92310672436559;-6.67034375587022;-3.12387856795839;-8.61625390492554;-1.24507912457468;-7.79497335176921;5.25725210418012
203;106;197;25;26;-10.566407457476;-9.46779516880787;-8.26382236448193;-6.82873783919261;-3.11865617742807;-9.87326027691603;-1.22241070068712;-8.03624114622342;5.43769909947556
223;111;213;25;28;-10.7225843314189;-9.62397204275074;-8.28118337012566;-6.98491471313548;-3.16563375940595;-10.0294371508589;-1.25180462338476;-8.18549550317918;5.60970691095769
243;118;235;25;29;-10.9191710282883;-9.53287666716843;-8.43426437850032;-7.00714802286017;-3.22068824040737;-10.2260238477284;-1.27847783269619;-8.23553796452074;5.68649847914733
263;130;265;25;31;-11.1594596519724;-9.77316529085255;-8.45140945087024;-7.15212646673997;-3.21923188682674;-9.77316529085255;-1.31758158106801;-8.34083456625082;5.83526207018727
283;142;286;30;34;-11.3119836216397;-10.2133713329716;-9.00939852864566;-7.62310416752577;-3.24358066307001;-10.6188364410798;-1.26743062882497;-8.7430138470134;6.01807284647822
303;151;311;31;35;-11.4795858243585;-10.3809735356904;-8.99467917457047;-7.62943822264841;-3.22271897538416;-10.7864386437985;-1.31816689502247;-8.86886828179581;6.26231047008056
324;156;336;31;35;-11.6342223199264;-10.2479279588065;-9.06927296246487;-7.74240202181578;-3.20980252866253;-10.5356100312583;-1.34727671454521;-8.86495826463061;6.20316766888209
345;161;357;31;38;-11.7554715635593;-10.3691772024394;-9.11641423394402;-7.86365126544865;-3.20910799484326;-11.0623243829993;-1.34128839570789;-8.98164930648909;6.18643489777792
366;169;378;34;38;-11.8697883912392;-10.7711761025711;-9.38488174145117;-7.97796809312855;-3.23748239272243;-11.1766412106792;-1.37308449676815;-9.1499270818642;6.39943668510098
386;172;396;34;39;-11.962828422509;-10.8642161338409;-9.43790041888419;-8.01158470392753;-3.26414735504735;-11.269681241949;-1.4060786231118;-9.23434209019157;6.56189233344073
406;181;420;39;39;-12.0805094225548;-10.9818971338867;-9.68261414975646;-8.11021750900271;-3.25803985028586;-11.3873622419949;-1.39061205899906;-9.4462645860943;6.64336150379242
427;185;433;41;39;-12.141475456005;-11.0428631673369;-9.83889036301093;-8.1524914094407;-3.25963915100083;-11.448328275445;-1.39293541919575;-9.54553656312407;6.74488649874261
448;190;450;41;39;-12.2184951655287;-11.1198828768606;-9.91591007253468;-8.21116198029626;-3.2555910374358;-11.5253479849688;-1.40023803749039;-9.55983366662891;6.8567184859645
468;198;475;42;39;-12.3266296080693;-11.2280173194012;-9.84172295828128;-8.24909216416356;-3.2473094985315;-11.6334824275093;-1.44754521776159;-9.60954292264183;6.92120710356411
489;205;498;43;39;-12.4212001540493;-11.3225878653812;-9.93629350426131;-8.310326289876;-3.26005002626389;-11.7280529734894;-1.48689747091089;-9.67509127342194;7.10634670742185
500;207;504;44;40;-12.4451525361427;-11.3465402474746;-10.0472572633444;-8.35080797392064;-3.27667636826525;-11.7520053555828;-1.48486476275294;-9.75939774797938;7.14247795877418
520;212;528;44;42;-12.5381925674125;-11.4395802787444;-10.0532859176245;-8.37930948405285;-3.31988402578716;-11.8450453868526;-1.46971215269141;-9.83406471178908;7.21614445333842
540;217;545;44;42;-12.6015715893265;-11.5029593006584;-10.1166649395385;-8.38206388415038;-3.32077275370174;-11.9084244087665;-1.47743112221323;-9.83783665055821;7.26347721704921
560;221;558;44;44;-12.6487179247626;-11.5501056360945;-10.1638112749746;-8.42921021958652;-3.29427720881268;-11.9555707442027;-1.47535747412385;-9.92230441081639;7.3290223138398
580;231;580;47;45;-12.7260562070809;-11.6274439184128;-10.4234711140869;-8.5829214806894;-3.28889903842424;-12.032909026521;-1.51156373246663;-10.0554699807877;7.36024121048142
600;236;601;47;47;-12.7971898690704;-11.6985775804023;-10.4946047760764;-8.63830678571074;-3.32156641958593;-12.1040426885105;-1.51119009870986;-10.1076045279394;7.32180711111966
620;243;626;47;48;-12.8787007422002;-11.7800884535321;-10.4808054694018;-8.71206556557254;-3.3419384694563;-12.1855535616403;-1.52067623844793;-10.1405687326052;7.38549973239488
643;248;644;47;50;-12.9353974522087;-11.8367851635406;-10.6328123592147;-8.77651436884904;-3.31056616091705;-12.2422502716488;-1.52100033981034;-10.2066829112874;7.41724970774154
664;251;661;47;50;-12.9875076797034;-11.8888953910353;-10.589612406905;-8.81312040980774;-3.28926236734577;-12.2943604991434;-1.53103617087934;-10.2236014916846;7.50805696514205
687;255;679;48;50;-13.0412422551174;-11.9426299664493;-10.643346982319;-8.80713575052013;-3.29915660912272;-11.9426299664493;-1.54789724212611;-10.2710686646591;7.55130378217198
708;258;696;48;50;-13.0906993206688;-11.9920870320007;-10.6057926708808;-8.81403320165278;-3.31096257556889;-11.9920870320007;-1.55691296503128;-10.2786987210398;7.60474057371536
730;266;716;50;51;-13.1473603339213;-12.0487480452532;-10.6624536841333;-8.87069421490524;-3.32032195354857;-12.0487480452532;-1.55412758089739;-10.372306920407;7.71512852657268
750;271;739;50;53;-13.2105958418964;-12.1119835532283;-10.812700569098;-8.96210059984704;-3.31715862521378;-12.1119835532283;-1.58359197272863;-10.439604111203;7.75791709236173
771;275;752;50;54;-13.2454726478997;-12.1468603592316;-10.8475773751013;-8.99697740585032;-3.30247596226884;-12.1468603592316;-1.59309833304089;-10.4699675631837;7.7557499183512
793;282;776;50;54;-13.3083050403664;-12.2096927516983;-10.8233983905784;-8.95159621367685;-3.2886357335409;-12.2096927516983;-1.6056687201704;-10.4680216922733;7.8166275434997
813;285;792;50;54;-13.3491227836289;-12.2505104949607;-10.8642161338409;-8.95467362895641;-3.3011886267277;-12.2505104949607;-1.62115045725196;-10.4842609989019;7.89988607472797
833;290;803;50;54;-13.3767094278935;-11.9904150667736;-10.811760070432;-8.92236213164002;-3.31938553064253;-11.9904150667736;-1.62984291494975;-10.4802294905108;7.93581558001663
854;296;827;50;55;-13.4356093900474;-12.0493150289275;-10.8706600325858;-8.94697302031524;-3.33721316521183;-12.0493150289275;-1.6344495051973;-10.5111450067509;7.96437535854689
875;307;852;51;61;-13.4951730536586;-12.3965607649905;-11.0102664038706;-9.19110796045446;-3.35629722339186;-12.8020258730987;-1.59297961548281;-10.6603976441978;7.83470608060163
896;313;874;52;61;-13.5461607513111;-12.447548462643;-11.0612541015231;-9.21542741102474;-3.350526109364;-12.8530135707511;-1.60635447356067;-10.7020991216055;7.88045189595633
917;320;894;52;64;-13.591411550347;-12.4927992616789;-11.106504900559;-9.34291630829767;-3.33635205204807;-12.8982643697871;-1.60305346978258;-10.7625436167119;7.83968795804638
937;323;908;53;64;-13.6224887572026;-12.5238764685345;-11.1375821074146;-9.37399351515323;-3.33885390454258;-12.9293415766426;-1.60701382153757;-10.8108917916015;7.9411697623938
958;330;924;54;66;-13.6574241432834;-12.5588118546153;-11.1725174934954;-9.40892890123401;-3.35791594146708;-12.9642769627234;-1.60688313065738;-10.8898847561118;8.01049349920179
978;336;952;56;66;-13.7171300695827;-12.6185177809146;-11.3192347967844;-9.49762236440662;-3.38400525696745;-13.0239828890228;-1.59655540135488;-10.9455892172097;8.05798627472043
998;339;971;56;67;-13.7566529365827;-12.6580406479145;-11.3587576637843;-9.53714523140654;-3.37206727675352;-13.0635057560227;-1.60987922947557;-10.9835797615644;8.11187900268355
1021;346;987;57;67;-13.789340078867;-12.6907277901989;-11.3914448060686;-9.56983237369086;-3.39268183780357;-13.096192898307;-1.61872882161495;-11.0105923521791;8.14871386228454
1041;352;1004;57;68;-13.8234946005033;-12.7248823118352;-11.3385879507153;-9.57499935845399;-3.39551523343742;-12.7248823118352;-1.62358088228876;-11.0353086608652;8.18386129670853
1061;355;1022;57;70;-13.8590335415273;-12.7604212528592;-11.4611382687289;-9.68464627163166;-3.40436567987685;-12.7604212528592;-1.62882453564733;-11.0897354045934;8.20277691490518
1081;360;1042;57;70;-13.8977944446266;-12.7991821559585;-11.4128877948386;-9.67828673945052;-3.39808369281228;-12.7991821559585;-1.64205582808163;-11.0981401827633;8.26219617955228
1101;367;1067;57;70;-13.9452125026035;-12.8466002139354;-11.4603058528155;-9.64114740939934;-3.4017412326235;-12.8466002139354;-1.65603108535097;-11.0935031802036;8.2931813032581
1121;371;1084;58;70;-13.9768263639992;-12.8782140753311;-11.4919197142112;-9.67312663434799;-3.41152751121296;-12.5905320028793;-1.6503208633539;-11.1149998920317;8.30694238373872
1142;374;1100;58;71;-14.0061309175729;-12.9075186289048;-11.5212242677849;-9.72946479855687;-3.40575319819802;-12.619836556453;-1.66142740387353;-11.149732209198;8.36487444169347
1163;379;1125;58;73;-14.051076629277;-12.9524643406089;-11.566169979489;-9.77441051026099;-3.41950920964094;-12.6647822681572;-1.65723893633447;-11.1879184739667;8.35070418679076
1183;386;1155;61;73;-14.1037112459118;-13.0050989572437;-11.6188045961238;-9.82704512689573;-3.41310814192537;-12.7174168847919;-1.64966586043811;-11.2747657009266;8.42937534837651
1203;390;1174;61;73;-14.1363440007761;-13.037731712108;-11.6514373509881;-9.85967788176003;-3.40881259287824;-12.7500496396562;-1.65589871160506;-11.2808513291152;8.45560252418388
1223;392;1190;61;73;-14.1634171722111;-13.064804883543;-11.6785105224231;-9.88675105319509;-3.42268209514132;-12.7771228110913;-1.66550361420536;-11.2932481547221;8.53712221499416
1244;395;1210;61;73;-14.1967512771816;-13.0981389885135;-11.7118446273936;-9.86601793689524;-3.42347777042704;-12.8104569160617;-1.66908438258038;-11.2996261649967;8.58284835178686
1264;401;1237;61;73;-14.240888744785;-13.1422764561169;-11.6018314151697;-9.85886211011109;-3.42898135475526;-12.8545943836651;-1.67285365879603;-11.3014454819576;8.6238541271388
1284;407;1264;61;73;-14.2840731494136;-12.8977787882937;-11.6450158197983;-9.85325635057029;-3.42192526863681;-12.8977787882937;-1.6774842880332;-11.2819073169545;8.47039252689982
1304;415;1285;64;73;-14.3170279946586;-12.9307336335388;-11.7150246511202;-9.93500135998476;-3.43026418546773;-12.9307336335388;-1.66833576362675;-11.3555846013098;8.53005526624539
1324;420;1308;66;73;-14.3525090640343;-13.2538967753662;-11.7875597065728;-9.9958002373447;-3.42938028270104;-12.9662147029144;-1.68064477221772;-11.4249705332083;8.64929727594162
1346;426;1324;66;73;-14.3768254729939;-12.990531111874;-11.7377681433786;-9.98237631832147;-3.43873096176558;-12.990531111874;-1.67840996240381;-11.408041488037;8.59996157560887
1366;431;1344;66;73;-14.4068110421662;-13.0205166810463;-11.7677537125509;-10.0000917949019;-3.42751934028796;-13.0205166810463;-1.69779878589415;-11.4155277115279;8.63473420198808
1386;436;1363;66;73;-14.4348868633931;-13.0485925022732;-11.7958295337778;-10.0040700645498;-3.42945923209615;-13.0485925022732;-1.71181667960565;-11.4198804019636;8.68585954143862
1407;442;1380;69;73;-14.4596775563025;-13.0733831951826;-11.894728198841;-10.0652284016301;-3.43986878131749;-13.0733831951826;-1.70402791474549;-11.4934014795284;8.70828411063626
1427;449;1402;69;75;-14.4913101351891;-13.1050157740692;-11.8522528055738;-10.0968609805166;-3.44874036143112;-13.1050157740692;-1.70148673587835;-11.5311160924744;8.71715304311732
1447;452;1418;69;76;-14.5140054141841;-13.1277110530643;-11.8749480845689;-10.0831886153408;-3.45175165016016;-13.1277110530643;-1.69949688502428;-11.5502454846395;8.72061786714326
1467;458;1442;69;76;-14.5475726356898;-13.1612782745699;-11.9085153060745;-10.1167558368465;-3.45746191716284;-13.1612782745699;-1.70699143606105;-11.5485386827691;8.75905040026819
1487;465;1470;69;76;-14.5860353595456;-13.1997409984257;-11.8779851584434;-10.120127240891;-3.4793953390674;-13.1997409984257;-1.71638338573794;-11.5445141828464;8.76516387860195
1500;467;1482;69;76;-14.6022956117121;-13.2160012505922;-11.8942454106099;-10.1249587972339;-3.48472652070171;-13.2160012505922;-1.71980748305374;-11.551805971241;8.80781099333669
1522;473;1507;69;76;-14.635752397253;-13.2494580361331;-11.8631636750132;-10.1471160275209;-3.48038798298387;-13.2494580361331;-1.74958994889096;-11.5700864019517;8.89450745590523
1543;477;1526;70;78;-14.6608104236888;-13.2745160625689;-11.9527602225866;-10.1834736092106;-3.48154116408031;-13.5621981350207;-1.74035762119068;-11.6354742999996;8.9214723260482
1563;481;1546;70;78;-14.6868524582947;-13.3005580971748;-11.9788022571925;-10.1982160885626;-3.47091893510206;-13.5882401696266;-1.75612669772979;-11.639227264739;8.94909022606915
1583;487;1570;71;78;-14.7176617966847;-13.3313674355648;-12.0096115955825;-10.2178521263544;-3.46066137255307;-13.6190495080166;-1.76289610621394;-11.6658114607184;8.97669499335247
1603;492;1586;73;79;-14.7379408043896;-13.3516464432697;-12.0298906032874;-10.2606039899114;-3.47086472826921;-13.6393285157215;-1.75804693150089;-11.7358459787666;9.03196588570362
1624;495;1607;73;80;-14.764248731475;-13.3779543703551;-12.0561985303728;-10.2869119169968;-3.46952902878938;-13.6656364428069;-1.76558636645875;-11.7698181138558;9.09693387978288
1644;502;1633;75;82;-14.7963481859409;-13.410053824821;-12.1572908563257;-10.4018990312685;-3.46696101769255;-13.6977358972728;-1.76278542161852;-11.8574872551068;9.1149121843584
1664;504;1654;75;82;-14.8219037511673;-13.4356093900474;-12.182846421552;-10.379252494677;-3.47544617906783;-13.7232914624992;-1.77621625556086;-11.8693123079866;9.1808817435546
1687;506;1675;75;82;-14.8471368885183;-13.4608425273984;-12.2080795589031;-10.3812287698637;-3.47651258701821;-13.7485245998502;-1.78617455927138;-11.8844381452395;9.24450007801538
1709;510;1697;77;82;-14.8732345304685;-13.7746222418003;-12.2341772008532;-10.478785375796;-3.46220890952707;-13.7746222418003;-1.78655843614051;-11.9361633487618;9.27017447001761
1731;519;1723;77;83;-14.9036444730559;-13.8050321843878;-12.1955942719536;-10.4848764500021;-3.45070258541499;-13.8050321843878;-1.79798381263826;-11.9524469591181;9.31543875558097
1751;521;1741;77;83;-14.9244298795364;-13.8258175908683;-12.2163796784342;-10.4817786230461;-3.44178837967474;-13.8258175908683;-1.80143070429434;-11.9601128203871;9.36272162246558
1771;523;1759;77;83;-14.9450014894751;-13.846389200807;-12.2369512883729;-10.4676646749969;-3.45105499110269;-13.846389200807;-1.80621176623905;-11.9625416112183;9.36890382453599
1791;528;1783;77;85;-14.9721052357263;-13.8734929470582;-12.333047906111;-10.5177579394728;-3.44677700403901;-13.8734929470582;-1.81257517632399;-12.0041592715196;9.36681592790807
1813;528;1795;77;85;-14.9855206018448;-13.8869083131766;-12.3464632722295;-10.5081837873666;-3.44028284740728;-13.8869083131766;-1.81560782970713;-12.0129970482544;9.40596373280382
1833;535;1823;79;87;-15.0164775493573;-13.9178652606892;-12.5315708995693;-10.6726721275036;-3.41491869024548;-13.9178652606892;-1.81999419987127;-12.1053194080357;9.44422039126486
1854;544;1845;79;87;-15.0404691129493;-13.9418568242811;-12.4755197554877;-10.6460199582768;-3.42394067589648;-13.9418568242811;-1.83564687220468;-12.0958339404539;9.42875672297391
1874;545;1862;79;87;-15.058812915674;-13.9602006270059;-12.4938635582125;-10.6643637610016;-3.41903455970787;-13.9602006270059;-1.84246569220267;-12.106244615422;9.47513109185438
1894;548;1879;79;89;-15.0769899988269;-13.9783777101588;-12.5120406413654;-10.694963364153;-3.41222795807547;-13.9783777101588;-1.83812262561127;-12.1397673623897;9.45491511705541
1914;552;1901;81;89;-15.1002706849769;-14.0016583963087;-12.6153640351889;-10.7435618582873;-3.4169275677155;-14.0016583963087;-1.83353860134275;-12.1812581259179;9.47273496692961
1934;555;1926;84;89;-15.1264011847161;-14.027788896048;-12.6414945349281;-10.7956678444298;-3.40450411778984;-14.027788896048;-1.83688065103763;-12.2581587524268;9.51547056183015
1954;557;1942;85;89;-15.1429472977025;-14.0443350090344;-12.6580406479145;-10.8524878565541;-3.40500004640633;-14.0443350090344;-1.84016250095589;-12.283541508536;9.53723144467864
1974;562;1965;86;89;-15.1664950486067;-14.0678827599386;-12.6815883988187;-10.8624299554026;-3.40265523537693;-14.0678827599386;-1.84391617023463;-12.3027461032213;9.5542704800095
1994;568;1984;87;89;-15.1857405756896;-14.0871282870215;-12.7008339259016;-10.8816754824855;-3.40811511465955;-14.0871282870215;-1.84098592986493;-12.3100549905606;9.54408992473261
2000;569;1989;88;89;-15.1907745577079;-14.0921622690398;-12.7058679079199;-10.8867094645038;-3.40922752302468;-14.0921622690398;-1.83641889477008;-12.3256230601284;9.54280433053322
2023;573;2006;88;90;-15.2077959370438;-14.1091836483757;-12.7228892872558;-10.9037308438396;-3.40874460988906;-14.1091836483757;-1.83891160170259;-12.3401519766186;9.52599500989186
2043;575;2028;88;90;-15.2296107294221;-14.130998440754;-12.7447040796341;-10.8793536051505;-3.41126151052398;-14.130998440754;-1.83705686936772;-12.3387098696335;9.54211560513999
2063;580;2051;90;90;-15.2521655161448;-14.1535532274767;-12.7672588663568;-10.9083600942911;-3.40342517342347;-14.1535532274767;-1.83562172631006;-12.3725332071471;9.51748180662635
2083;583;2064;91;90;-15.2648022532029;-14.1661899645348;-12.7798956034149;-10.9209968313492;-3.40478966086336;-14.1661899645348;-1.82851027675517;-12.3861421401873;9.529796119801
2106;585;2080;91;90;-15.2802463453907;-14.1816340567226;-12.7953396956027;-10.9235375187011;-3.41092697596966;-14.1816340567226;-1.83388969938547;-12.3946472970593;9.57393077617996
2126;586;2096;91;90;-15.2955720908819;-14.1969598022138;-12.8106654410939;-10.913545456208;-3.40945680635526;-14.1969598022138;-1.8325125530531;-12.3938009156511;9.5711519843428
2146;586;2116;91;90;-15.3145655859564;-14.2159532972883;-12.7496162284948;-10.9325389512825;-3.40252848685016;-14.2159532972883;-1.83729101911424;-12.4067656122888;9.62089392535983
2166;593;2136;94;90;-15.3333804001602;-14.2347681114921;-12.7684310426986;-11.0026470598738;-3.41036055869812;-14.2347681114921;-1.83627782436093;-12.4576984822279;9.61983517604866
2186;601;2160;95;91;-15.3557270013564;-14.2571147126883;-12.7907776438949;-11.0119215795027;-3.42359132648636;-14.2571147126883;-1.83345928161661;-12.4832390111092;9.6033302375714
2207;602;2178;95;91;-15.3723246069858;-14.2737123183177;-12.8073752495243;-11.0285191851321;-3.41676670956598;-14.2737123183177;-1.83800655765068;-12.4887412296866;9.61213175804857
2228;605;2196;96;91;-15.3887856052588;-14.2901733165907;-12.8238362477973;-11.0449801834052;-3.42607197354379;-14.2901733165907;-1.83552721804479;-12.5064169169173;9.64398715591065
2248;606;2217;96;91;-15.4078204192326;-14.3092081305645;-12.8428710617711;-11.0383725667656;-3.42912527554872;-14.3092081305645;-1.83751115574218;-12.5120594566307;9.66340640807803
2268;606;2235;96;91;-15.4239930140953;-14.3253807254272;-12.8590436566338;-11.0419663794215;-3.43294695177743;-14.3253807254272;-1.84094681149203;-12.517172611595;9.66896020211302
2288;613;2258;98;91;-15.4444694894192;-14.3458572007511;-12.8795201319577;-11.0877606627296;-3.43422926271094;-14.3458572007511;-1.83617992222534;-12.5400278254034;9.64251954159991
2310;619;2283;98;91;-15.4664912930596;-14.3678790043915;-12.9015419355981;-11.0844646583857;-3.4440290345083;-14.3678790043915;-1.84345445110841;-12.5421230007715;9.67859172257467
2330;625;2314;98;94;-15.4934658155072;-14.3948535268391;-12.9285164580457;-11.1240179630402;-3.45540953566597;-14.3948535268391;-1.84723345006503;-12.5993228568666;9.69717090397114
2350;630;2339;98;94;-15.5149575331684;-14.4163452445002;-12.9500081757068;-11.1455096807013;-3.4395632112803;-14.4163452445002;-1.84978044983806;-12.5994274056837;9.74594246050297
2370;632;2356;98;94;-15.529441089543;-14.4308288008748;-12.8903837599277;-11.1349919348705;-3.44723243123517;-14.4308288008748;-1.85069227904285;-12.5991358119076;9.75378531147072
2390;633;2371;98;94;-15.5421341721308;-14.4435218834627;-12.9030768425156;-11.1354149248666;-3.45315729847688;-14.4435218834627;-1.85374473938404;-12.6064401489954;9.78712331399203
2410;642;2398;101;94;-15.5647806711749;-14.4661683825068;-12.9998313137134;-11.182754036501;-3.44260063468733;-14.4661683825068;-1.84944741827634;-12.6416359210151;9.7159133165648
2430;649;2425;101;97;-15.5871736067432;-14.4885613180751;-13.1022669569552;-11.2304647800536;-3.44530353878592;-14.4885613180751;-1.85374224535569;-12.6952332555897;9.71532171094487
2450;651;2449;101;97;-15.6068701139043;-14.5082578252362;-13.1219634641163;-11.2248434792305;-3.45034491921278;-14.5082578252362;-1.85809034500858;-12.6997120612351;9.73985100703454
2470;652;2467;101;97;-15.6215162330587;-14.5229039443906;-13.0565668755972;-11.2394895983848;-3.44725422324507;-14.5229039443906;-1.85847545073843;-12.697418391391;9.7255485342773
2490;657;2490;101;99;-15.6400759789175;-14.5414636902494;-13.1551693291295;-11.2833671522279;-3.43873450776323;-14.5414636902494;-1.86510412227146;-12.7297591302489;9.70793737025833
2500;661;2506;101;99;-15.652886270912;-14.5542739822439;-13.167979621124;-11.2708596362381;-3.44202510865006;-14.5542739822439;-1.86933914399318;-12.7270441690384;9.70485180041798
2522;662;2524;101;99;-15.6672004473222;-14.5685881586541;-13.1822937975342;-11.2851738126483;-3.43902390288511;-14.5685881586541;-1.87055471652615;-12.7323239338024;9.74231399622375
2542;664;2541;101;99;-15.6806259666403;-14.5820136779722;-13.1156766091788;-11.2985993319664;-3.44463536007288;-14.5820136779722;-1.87472240847407;-12.7350171192543;9.74800715576643
2562;668;2562;102;101;-15.6970869649134;-14.5984746762452;-13.2121803151254;-11.3403781382238;-3.4424908574423;-14.5984746762452;-1.87324223285913;-12.7902534595258;9.75890241037086
2583;671;2572;102;101;-15.704878170715;-14.6062658820469;-13.219971520927;-11.3228515360411;-3.4379738659786;-14.6062658820469;-1.87525072653256;-12.7843020376676;9.74756506153631
2607;674;2589;102;102;-15.7180539595031;-14.619441670835;-13.2331473097151;-11.3360273248292;-3.43435845484958;-14.619441670835;-1.87428447289321;-12.7983889442544;9.74012446337188
2627;677;2609;102;102;-15.7334445702735;-14.6348322816053;-13.1684952128119;-11.3514179355996;-3.4360971489677;-14.6348322816053;-1.87974267493525;-12.8023926926898;9.79768450848985
2647;678;2628;102;102;-15.747956759209;-14.6493444705409;-13.1830074017475;-11.3171399603657;-3.44757443420809;-14.6493444705409;-1.87951509879731;-12.8086442640612;9.84875311741216
2667;681;2652;102;102;-15.7661387026115;-14.6675264139434;-13.20118934515;-11.3353219037682;-3.44777362278271;-14.6675264139434;-1.88835030191859;-12.8199096725066;9.90506687107068
2687;682;2674;102;102;-15.7826615153238;-14.6840492266557;-13.2177121578622;-11.3518447164805;-3.44494676074189;-14.6840492266557;-1.89403619255867;-12.8307020419725;9.95661166635873
2707;685;2694;102;103;-15.7975647139406;-14.6989524252725;-13.2326153564791;-11.3667479150973;-3.44360668893762;-14.6989524252725;-1.90034883121691;-12.8539288028696;9.98374708630043
2727;688;2717;102;103;-15.8145672188527;-14.7159549301846;-13.2496178613912;-11.3719159623624;-3.43003044685587;-14.7159549301846;-1.90721795422596;-12.8559102615595;9.98074582832083
2747;689;2739;102;103;-15.8306963385262;-14.732084049858;-13.2657469810646;-11.3763490422726;-3.42743815455349;-14.732084049858;-1.91341198951738;-12.8667588375074;10.0132213429499
2769;691;2760;102;103;-15.8459719174224;-14.7473596287543;-13.2810225599609;-11.3916246211689;-3.43126040678089;-14.7473596287543;-1.91479166644914;-12.8730312666556;10.0535762816205
2789;695;2776;102;103;-15.8575326432534;-14.7589203545853;-13.2925832857919;-11.4031853469999;-3.42579961628473;-14.2480947308193;-1.91360864205337;-12.8636579045154;10.0101628177101
2809;702;2803;103;103;-15.8768911023296;-14.7782788136615;-13.2378337727143;-11.3995542878514;-3.43810088305092;-14.2674531898955;-1.91764217065678;-12.8822549426739;10.0589130442002
2829;711;2825;106;106;-15.8925272871611;-14.793914998493;-13.4076206373731;-11.5105006524872;-3.43134354095176;-14.283089374727;-1.91705837517612;-12.9651912142398;9.97294763606728
2849;718;2850;106;106;-15.9101485465254;-14.8115362578573;-13.3451991890639;-11.4793317476821;-3.43233649010178;-14.3007106340913;-1.91263231498635;-12.9582663186055;9.99984707035137
2869;721;2871;106;106;-15.9248313602421;-14.826219071574;-13.3598820027806;-11.4940145613988;-3.43054303465404;-14.315393447808;-1.91589034510757;-12.9628455260064;10.0362597853382
2890;726;2891;106;106;-15.9387154840327;-14.8401031953646;-13.2996581544174;-11.4728073653781;-3.43758801172132;-14.3292775715986;-1.91867106588177;-12.9645974409847;10.0860941442218
2910;731;2908;106;106;-15.9504416773068;-14.8518293886387;-13.3113843476916;-11.4731048628286;-3.43845910073807;-14.3410037648727;-1.92903871711518;-12.9660018316324;10.1296763978692
2930;735;2928;106;106;-15.9641497501624;-14.8655374614943;-13.3250924205471;-11.4643400798321;-3.43730606055854;-14.3547118377283;-1.9362678533893;-12.972402898466;10.1716320042298
2950;741;2947;109;106;-15.9770859654754;-14.8784736768073;-13.3380286358601;-11.5462691666321;-3.44089695342691;-14.3676480530413;-1.9394547792043;-13.0211681457071;10.1801570063921
2970;748;2972;111;106;-15.9939808116753;-14.8953685230072;-13.4290314542138;-11.563164012832;-3.43377845857412;-14.3845428992412;-1.93772964283286;-13.0512682328075;10.1952845656329
2990;751;2988;111;106;-16.0047190925054;-14.9061068038373;-13.4397697350439;-11.5739022936621;-3.43134021596785;-14.3952811800713;-1.93919250436992;-13.0521500527801;10.2183697710834
3000;754;2999;113;106;-16.012068357498;-14.9134560688299;-13.52716170771;-11.6300417228241;-3.43343265520228;-14.4026304450639;-1.934946125884;-13.0806802674133;10.2115331877246
3022;757;3030;113;106;-16.0326357970068;-14.9340235083387;-13.5477291472188;-11.6259165497426;-3.42656965202113;-14.4231978845727;-1.94404551381234;-13.0932247633061;10.2705818022197
3043;760;3050;113;106;-16.0457937392029;-14.9471814505348;-13.4808443817414;-11.6149769403596;-3.4204582798802;-14.4363558267688;-1.94381634688966;-13.0943073548304;10.3059640215103
3065;762;3074;113;106;-16.0614698481971;-14.962857559529;-13.4965204907355;-11.5841330337189;-3.42839241472076;-14.452031935763;-1.94444901954454;-13.100949094897;10.3600314642868
3085;766;3095;113;106;-16.0750863702374;-14.9764740815693;-13.4360290406221;-11.5977495557592;-3.43306790934547;-14.4656484578033;-1.95109528499661;-13.0989112421622;10.3546056193398
3107;768;3109;113;107;-16.0841128201175;-14.9855005314494;-13.4450554905022;-11.6067760056393;-3.43576751907991;-14.4746749076834;-1.94797779787254;-13.110840688823;10.3469538740983
3127;773;3140;113;107;-16.1039561578046;-15.0053438691365;-13.4648988281893;-11.6266193433264;-3.42797988802902;-14.4945182453705;-1.95419368344965;-13.1123003277158;10.3588107155813
3147;778;3165;113;107;-16.1198166691566;-15.0212043804884;-13.4807593395413;-11.6424798546783;-3.42644089730258;-14.5103787567225;-1.96358861274583;-13.1150398207386;10.3955706339359
3167;782;3186;114;107;-16.13304298094;-15.0344306922719;-13.4939856513247;-11.6444066112078;-3.41993588908383;-14.5236050685059;-1.97015981188621;-13.136409429128;10.4239552778122
3188;787;3209;114;107;-16.1474292822197;-15.0488169935516;-13.5083719526045;-11.6476196118894;-3.41228842538627;-14.5379913697856;-1.97154582618506;-13.1282343953894;10.3997429995587
3208;795;3232;114;108;-16.161712839282;-15.0631005506139;-13.5226555096667;-11.6730764695498;-3.41327520608015;-14.5522749268479;-1.98040774753518;-13.1396541124133;10.4082809512941
3229;800;3249;114;108;-16.1722050713382;-15.0735927826701;-13.464154870236;-11.6078568798704;-3.41895076508138;-14.5627671589041;-1.97664636346442;-13.1242080337418;10.3583121049259
3249;804;3272;114;109;-16.1863133954453;-15.0877011067772;-13.4782631943431;-11.6219652039774;-3.4270455297826;-14.5768754830112;-1.97286465238563;-13.1329779963;10.3325230570858
3269;805;3288;114;109;-16.1960695123521;-15.097457223684;-13.4880193112499;-11.6317213208843;-3.43198236025352;-14.586631599918;-1.9739358503492;-13.1358463916089;10.3537842401148
3289;811;3311;114;111;-16.2100110750945;-15.1113987864264;-13.5019608739923;-11.6991515685776;-3.4435458005909;-14.6005731626604;-1.96910599237836;-13.1630867931962;10.3848115873015
3311;814;3327;114;113;-16.219652552037;-15.1210402633688;-13.5805952224217;-11.7198428817067;-3.44604697063193;-15.526505371477;-1.96654405310572;-13.1898791448018;10.3682895417122
3331;820;3343;114;113;-16.2292477728402;-15.1306354841721;-13.521197571738;-11.7183882663233;-3.45205152330444;-15.5361005922803;-1.97438933304616;-13.1914168831813;10.4019614394489
3351;823;3361;114;113;-16.2399876554502;-15.1413753667821;-13.531937454348;-11.7291281489334;-3.44861198224864;-15.5468404748903;-1.97731421846164;-13.1920204436659;10.42125878781
3372;825;3388;114;113;-16.2559901115439;-15.1573778228758;-13.5479399104417;-11.7342015344948;-3.44232817381542;-15.5628429309839;-1.98276677331395;-13.2014010106614;10.468791071515
3392;826;3404;114;113;-16.2654129793865;-15.1668006907184;-13.5573627782843;-11.7436244023375;-3.44130740080617;-15.5722657988266;-1.98506963798677;-13.1996093726536;10.4674292692786
3412;827;3415;114;113;-16.2718655440098;-15.1732532553417;-13.5638153429076;-11.7179886524092;-3.44078538206297;-15.5787183634498;-1.98850241867541;-13.2017966871846;10.468536993391
3432;830;3439;114;113;-16.2858720208645;-15.1872597321964;-13.5778218197623;-11.7215238293967;-3.44439783982439;-15.5927248403046;-2.00370906777201;-13.2113267168435;10.5139330675255
3452;831;3456;114;113;-16.2957342598479;-15.1971219711798;-13.5231455376081;-11.7313860683801;-3.44280447583861;-15.6025870792879;-2.00619256893013;-13.2157126904713;10.5354782372965
3473;833;3481;114;113;-16.3101497756229;-15.2115374869548;-13.5375610533831;-11.745801584155;-3.44808679392911;-15.6170025950629;-2.01031117445805;-13.2200874826002;10.538120287318
3496;833;3497;114;113;-16.3193214741268;-15.2207091854586;-13.546732751887;-11.7549732826589;-3.45045776805153;-15.6261742935668;-2.01290232623685;-13.2268507864818;10.5629767698065
3500;834;3501;114;113;-16.3216078419093;-15.2229955532412;-13.5490191196696;-11.7366403632388;-3.45159800390349;-15.6284606613494;-2.01223553654406;-13.2271371669287;10.5757719244247
3521;837;3520;115;113;-16.3324325371843;-15.2338202485162;-13.6243823360821;-11.7680843457164;-3.44331860404649;-15.6392853566243;-2.01982557130787;-13.2456383262979;10.5849051673816
3541;838;3534;115;113;-16.3403713057593;-15.2417590170912;-13.6323211046571;-11.7760231142914;-3.44557876565264;-15.6472241251993;-2.02458861674774;-13.2500717212792;10.6081695342689
3561;842;3555;116;114;-16.3522206844747;-15.2536083958066;-13.6441704833725;-11.7878724930068;-3.4408203429754;-15.6590735039147;-2.02208811814037;-13.2748847845797;10.5819384792826
3582;845;3576;116;114;-16.3640002725868;-15.2653879839187;-13.591411550347;-11.799652081119;-3.44148392994625;-15.6708530920269;-2.02317910660775;-13.2753089158896;10.5997116735924
3602;850;3599;116;114;-16.3768226161581;-15.27821032749;-13.6042338939183;-11.8021116376547;-3.44227184379697;-15.6836754355981;-2.02656992780781;-13.2718466709503;10.6235851188488
3623;851;3613;116;114;-16.3845874622953;-15.2859751736272;-13.6119987400555;-11.7894676121607;-3.44134596611084;-15.6914402817353;-2.02749184015472;-13.2744525327397;10.6524894397479
3645;854;3632;116;114;-16.3950774794424;-15.2964651907743;-13.6224887572026;-11.7899072934543;-3.43126913346464;-15.7019302988824;-2.03158887584553;-13.2749748541988;10.6660046446143
3666;857;3649;118;114;-16.4044168728729;-15.3058045842048;-13.6318281506331;-11.8297058943695;-3.43738654068104;-15.7112696923129;-2.03033392826991;-13.3073689564534;10.68086699576
3686;860;3666;119;114;-16.4137128567993;-15.3151005681312;-13.7056626556971;-11.8390018782959;-3.43805295858718;-15.7205656762394;-2.03265044993688;-13.3267609622968;10.7015349311212
3706;863;3687;119;114;-16.4251367964683;-15.3265245078002;-13.7170865953661;-11.8401693177977;-3.43779620898304;-15.7319896159083;-2.03397457243862;-13.3278381780981;10.7103192254265
3727;869;3707;119;117;-16.4359564063015;-15.3373441176334;-13.7279062051993;-11.8820795147009;-3.43908822697534;-15.7428092257415;-2.02693725162145;-13.3591053488616;10.650973597137
3747;876;3726;119;117;-16.4461811023231;-15.347568813655;-13.7381309012209;-11.8612136236525;-3.44092473912912;-15.7530339217631;-2.02443238239091;-13.3444628968659;10.5933371786385
3768;880;3745;122;117;-16.4563537919026;-15.3577415032345;-13.8172964622874;-11.9237542987494;-3.44371599877696;-15.7632066113427;-2.02178456418305;-13.3852872071366;10.5640213804668
3788;882;3770;122;118;-16.4696605608841;-15.371048272216;-13.8306032312689;-11.9643259724606;-3.44438093513326;-15.7765133803242;-2.02406616544118;-13.4058420298852;10.5895795696121
3808;884;3788;122;118;-16.4791869086119;-15.3805746199438;-13.7711367075097;-11.9358921263419;-3.44875462655377;-15.786039728052;-2.02276237974147;-13.4048288942193;10.6042291119236
3828;887;3805;122;118;-16.4881425405916;-15.3895302519235;-13.7800923394894;-11.9237943491237;-3.44601789007129;-15.7949953600316;-2.03254544677251;-13.4104101647228;10.6346387717218
3849;892;3824;123;118;-16.4981045483426;-15.3994922596745;-13.7900543472404;-11.944227656742;-3.44641044680615;-15.8049573677826;-2.02801665483227;-13.4117598048681;10.5682224592878
3869;894;3842;123;118;-16.507496686657;-15.4088843979889;-13.7994464855548;-11.9431484951892;-3.44139259801499;-15.8143495060971;-2.03105640145712;-13.415564594217;10.5859490100745
3889;897;3859;124;118;-16.5163267230752;-15.4177144344071;-13.808276521973;-11.983727229922;-3.44021254083812;-15.8231795425153;-2.03279911783961;-13.4323926018161;10.6067325436797
3910;903;3890;125;118;-16.532328873225;-15.4337165845569;-13.8932715436097;-12.0325192028947;-3.43006820813784;-15.839181692665;-2.0458794232811;-13.4462599697051;10.6041164149067
3930;905;3910;125;118;-16.5425853059588;-15.4439730172907;-13.8345351048566;-11.9887084143583;-3.43213257958033;-15.8494381253989;-2.04962157667326;-13.4488045398046;10.6298847754857
3951;907;3927;125;118;-16.551262109156;-15.4526498204879;-13.8432119080538;-11.9869139176882;-3.43770539683993;-15.8581149285961;-2.05872206563811;-13.4492381111618;10.6271893747694
3971;912;3952;125;119;-16.5639541177355;-15.4653418290674;-13.8559039166333;-12.010077226135;-3.44043141261134;-15.8708069371756;-2.05973923409104;-13.4601639421798;10.6174023303446
3991;914;3975;125;119;-16.5755600541769;-15.4769477655088;-13.8675098530747;-12.011211862709;-3.44599070228221;-15.8824128736169;-2.06388586970359;-13.4564958921696;10.6059324844742
4012;917;3992;125;119;-16.5840952748627;-15.4854829861946;-13.8760450737605;-12.0197470833949;-3.44442650330203;-15.8909480943028;-2.0695578555886;-13.4619719978839;10.6331647869938
4033;919;4012;125;119;-16.5940902981637;-15.2077959370438;-13.8860400970614;-11.9989704480291;-3.4465037172499;-15.9009431176037;-2.07067449753893;-13.4612762844105;10.6268094610552
4053;925;4037;125;119;-16.6065142417059;-15.220219880586;-13.8984640406037;-12.0113943915713;-3.44802146279392;-15.9133670611459;-2.07506032182715;-13.4614616568266;10.6365499595904
4074;929;4053;125;119;-16.6144252532566;-15.2281308921367;-13.8418365310168;-11.9894524399723;-3.45100438906251;-15.9212780726967;-2.07842378531349;-13.4627064897169;10.6662794172103
4097;930;4072;125;119;-16.6237791164607;-15.2374847553408;-13.8511903942209;-11.9793882173193;-3.45644237341366;-15.9306319359008;-2.07960221862712;-13.4666656499414;10.7025003026091
4118;932;4088;125;119;-16.6316222637671;-15.2453279026472;-13.8590335415273;-11.9872313646257;-3.4593797914841;-15.2453279026472;-2.07809489346978;-13.4604064161788;10.6628733289731
4138;935;4110;125;119;-16.6423566149806;-15.2560622538607;-13.8697678927408;-11.988396264823;-3.45952298061461;-15.2560622538607;-2.07632234751633;-13.4524873338348;10.635744365752
4161;938;4136;125;121;-16.6549688323765;-15.2686744712566;-13.8823801101367;-12.0105779332352;-3.4576538387862;-15.2686744712566;-2.07739249178993;-13.4869691236907;10.666401078421
4181;944;4160;127;121;-16.6665407065106;-15.2802463453907;-13.9584905054084;-12.071420856376;-3.46153247150186;-15.2802463453907;-2.07827127626382;-13.5100732799652;10.6585837416855
4201;947;4177;127;121;-16.6746971289943;-15.2884027678745;-13.9021084067546;-12.0497243157101;-3.46487247582003;-15.2884027678745;-2.08398071622342;-13.509339021356;10.6543515757432
4221;949;4193;127;122;-16.6823434943415;-15.2960491332216;-13.9742932932393;-12.0573706810573;-3.46487359423321;-15.2960491332216;-2.08282089637066;-13.5261090788398;10.6731296330825
4242;952;4212;127;123;-16.6913857465077;-15.3050913853878;-13.9833355454055;-12.0862155605196;-3.46710316798191;-15.3050913853878;-2.08354895828095;-13.540064067105;10.6777171727489
4262;959;4238;127;126;-16.7036934776565;-15.6050811889884;-13.9956432765543;-12.1393452861887;-3.47093428302979;-15.3173991165366;-2.08433953361885;-13.5827451119903;10.7014848985122
4282;959;4258;127;126;-16.7131096909069;-15.6144974022387;-14.0050594898046;-12.148761499439;-3.47472126664778;-15.326815329787;-2.0876396099187;-13.5900110642996;10.7296793909737
4303;962;4277;127;128;-16.7220142164538;-15.6234019277857;-14.0139640153516;-12.157666024986;-3.4732085145971;-15.3357198553339;-2.08570804351952;-13.6145428328605;10.7094322703108
4323;962;4300;127;128;-16.7327406033633;-15.6341283146952;-14.0246904022611;-12.1683924118955;-3.47269919254503;-15.3464462422434;-2.08979063672331;-13.6230320051154;10.7397192884063
4343;964;4321;127;128;-16.7424842718639;-15.6438719831958;-14.0344340707617;-12.178136080396;-3.47768774034058;-15.356189910744;-2.09350865856702;-13.624737898066;10.7393281217556
4364;969;4344;127;131;-16.7531017232275;-15.6544894345594;-14.1140443936123;-12.2098069409575;-3.47621630638704;-15.3668073621077;-2.09160230409899;-13.6647264552433;10.7417319717513
4384;972;4368;127;131;-16.7641210348495;-15.6655087461814;-14.1250637052342;-12.2208262525795;-3.47884320617643;-15.3778266737296;-2.10260402143109;-13.671866737031;10.777770049364
4405;980;4387;127;136;-16.7728018023324;-15.6741895136643;-14.2078524448709;-12.2729921320022;-3.4792890451374;-15.3865074412125;-2.09434475073506;-13.7210544734323;10.7010292104156
4425;985;4403;128;136;-16.7800828115115;-15.6814705228434;-14.21513345405;-12.2802731411812;-3.48010895704334;-15.3937884503916;-2.09742218726096;-13.7362884085275;10.7126130617327
4447;987;4422;128;136;-16.7886947228348;-15.6900824341667;-14.2237453653732;-12.2888850525045;-3.48593664383021;-15.4024003617149;-2.10192971181808;-13.7418037275962;10.7451715685513
4469;989;4436;128;136;-16.7950166969405;-15.6964044082724;-14.230067339479;-12.2952070266102;-3.48583522069034;-15.4087223358206;-2.10272368159717;-13.7433598541478;10.7624997844492
4489;990;4453;128;136;-16.8026666106434;-15.7040543219753;-14.2377172531819;-12.2918071041266;-3.48621122084621;-15.4163722495235;-2.1035967986634;-13.7465153281582;10.7850604929004
4500;991;4464;128;136;-16.8076010081223;-15.7089887194542;-14.2426516506608;-12.2858124310733;-3.48843641203423;-15.4213066470024;-2.10255363390034;-13.7451539232576;10.7984481462576
4522;992;4481;128;136;-16.8152030295723;-15.7165907409042;-14.176145699957;-12.282603536419;-3.48158894115737;-15.4289086684524;-2.09994868850744;-13.7392802434045;10.7835801252298
4542;993;4494;128;136;-16.8209969054905;-15.7223846168224;-14.1819395758753;-12.2883974123373;-3.4846518185644;-15.4347025443707;-2.10168569293262;-13.7420223996446;10.8052683231596
4562;997;4520;128;136;-16.8325345456526;-15.7339222569844;-14.1934772160373;-12.2999350524993;-3.48633985349752;-15.4462401845327;-2.10030534738;-13.7346630558254;10.7792726645712
4583;999;4542;128;136;-16.842245445331;-15.7436331566629;-14.2031881157157;-12.2883685537305;-3.48617372111603;-15.4559510842111;-2.10344550329264;-13.74091867043;10.8029764721877
4603;1001;4556;128;136;-16.8484006491341;-15.749788360466;-14.2093433195189;-12.2945237575336;-3.48519526612385;-15.4621062880143;-2.1029379033916;-13.7365204534834;10.7852415028227
4624;1004;4576;128;136;-16.8571610661193;-15.7585487774512;-14.1491108650171;-12.2928128746514;-3.48332327323267;-15.4708667049994;-2.10389382718929;-13.7393011527041;10.8198142108967
4644;1006;4597;128;136;-16.8663183916125;-15.7677061029443;-14.1582681905102;-12.3019702001446;-3.4845751987816;-15.4800240304926;-2.1030122331835;-13.7311145587948;10.783584126226
4667;1008;4616;128;136;-16.8745676163759;-15.488273255256;-14.1665174152737;-12.310219424908;-3.48152388003975;-15.488273255256;-2.10653430584873;-13.7349424166448;10.8071769249068
4687;1008;4638;128;136;-16.884077035631;-15.4977826745111;-14.1760268345287;-12.3094192005617;-3.47970062445233;-15.4977826745111;-2.10899137740468;-13.7415382097771;10.8367148809737
4707;1013;4670;128;136;-16.8978287013259;-15.511534340206;-14.1897785002237;-12.2926585153378;-3.47789876436842;-15.511534340206;-2.11245820894477;-13.7384912372418;10.8204476356868
4728;1016;4683;129;136;-16.9033884183671;-15.5170940572472;-14.1953382172649;-12.3184209396965;-3.47914424911116;-15.5170940572472;-2.11097831860193;-13.7495124500871;10.8060097569045
4749;1019;4704;129;136;-16.9123369791569;-15.526042618037;-14.2042867780547;-12.3121919610956;-3.4794611373724;-15.526042618037;-2.11281648193075;-13.7493206279709;10.7950546786016
4769;1022;4731;129;136;-16.9237837512623;-15.5374893901424;-14.2157335501601;-12.3186135652742;-3.48318484836273;-15.5374893901424;-2.11404005013714;-13.7472425438995;10.7729366661783
4791;1024;4749;130;136;-16.9313786970982;-15.5450843359784;-14.223328495996;-12.3262085111102;-3.48228033662845;-15.5450843359784;-2.11129513819574;-13.7579728278351;10.7657664668406
4811;1024;4758;130;136;-16.9351653817258;-15.5488710206059;-14.2271151806236;-12.3299951957377;-3.48013700604322;-15.5488710206059;-2.11319071927911;-13.7612711954876;10.7737585504592
4831;1024;4781;130;136;-16.9448100172522;-15.5585156561323;-14.23675981615;-12.3396398312641;-3.48384524292658;-15.5585156561323;-2.11740331846659;-13.769275168632;10.7971371462162
4851;1026;4803;130;136;-16.9539920033296;-15.5676976422098;-14.2459418022274;-12.3290191900454;-3.48461358901684;-15.5676976422098;-2.11787502347365;-13.7721375441004;10.8235223594938
4871;1031;4829;130;140;-16.9647893717471;-15.5784950106272;-14.2567391706449;-12.4004411802792;-3.48540630983388;-15.5784950106272;-2.1168316128392;-13.824478019963;10.8331892351983
4891;1034;4842;130;140;-16.970166274996;-15.5838719138761;-14.2621160738938;-12.3750464248614;-3.48329590437884;-15.5838719138761;-2.11725734878238;-13.822986592166;10.8417298879503
4911;1038;4866;130;141;-16.9800550466869;-15.593760685567;-14.2720048455847;-12.4157068552191;-3.48652819287146;-15.593760685567;-2.11814029871288;-13.8359577597957;10.8618749216429
4931;1040;4887;131;141;-16.9886677945403;-15.6023734334204;-14.3496104649251;-12.4037003158697;-3.48683290085814;-15.6023734334204;-2.11640463342107;-13.8457073758618;10.840192525969
4951;1043;4913;131;141;-16.9992800643373;-15.6129857032174;-14.360222734722;-12.4143125856667;-3.48831293590022;-15.6129857032174;-2.12333825817186;-13.8514442824235;10.8701996618828
4971;1045;4941;131;141;-17.0106460376915;-15.6243516765716;-14.3025958365893;-12.4256785590209;-3.49227547095357;-15.6243516765716;-2.12945796883201;-13.8592176929603;10.9039440043093
4991;1046;4961;131;141;-17.0187252246021;-15.6324308634822;-14.3106750234999;-12.4337577459315;-3.49460360102093;-15.6324308634822;-2.13344502337946;-13.8644957331187;10.9245409460834
5000;1047;4972;131;141;-17.0231549052612;-15.6368605441413;-14.315104704159;-12.4381874265906;-3.49252235481599;-15.6368605441413;-2.13559371679719;-13.8669098037865;10.9392967766697
5020;1050;4996;131;141;-17.0327857424909;-15.646491381371;-14.3247355413887;-12.4478182638204;-3.48672710720733;-15.646491381371;-2.13649698200389;-13.8667133692909;10.9427865330217
5041;1051;5018;131;141;-17.0415734538527;-15.6552790927328;-14.3335232527505;-12.4515297894502;-3.48905235574987;-15.6552790927328;-2.14133082664667;-13.8733968085593;10.9617202183817
5063;1054;5040;131;141;-17.0503227221308;-15.6640283610109;-14.3422725210286;-12.4451525361427;-3.48335044950071;-15.6640283610109;-2.14682680852858;-13.8775984154669;10.9852651499054
5083;1055;5059;131;141;-17.0578482285839;-15.671553867464;-14.3497980274817;-12.4231192403542;-3.48212648894204;-15.671553867464;-2.14696261614447;-13.8804752668549;11.0109580306324
5104;1056;5072;131;141;-17.0629809922341;-15.6766866311142;-14.3549307911319;-12.4185900930928;-3.48407290183072;-15.6766866311142;-2.14736259782436;-13.8812825043512;11.0187539610104
5125;1060;5092;131;141;-17.0708519193546;-15.6845575582347;-14.3628017182524;-12.4264610202132;-3.48164991604769;-15.6845575582347;-2.15360063804768;-13.882901812179;11.0501037314972
5147;1061;5111;131;141;-17.0783007175366;-15.6920063564167;-14.3702505164343;-12.4339098183952;-3.47806227210607;-15.6920063564167;-2.15572106404385;-13.8858853665452;11.0578272826844
5167;1065;5127;133;141;-17.0845519435674;-15.6982575824475;-14.3765017424652;-12.4595791302831;-3.47798621751752;-15.6982575824475;-2.15437072552632;-13.9097017713729;11.0353198248539
5190;1067;5144;133;141;-17.0911725318349;-15.704878170715;-14.3831223307327;-12.4661997185506;-3.47441905701287;-15.704878170715;-2.15296408607585;-13.9042520769543;11.0139637202654
5210;1072;5171;133;141;-17.1016427447924;-15.7153483836726;-14.3935925436902;-12.4476823946349;-3.46861855720314;-15.3098832755644;-2.15938929978231;-13.903142493197;11.0146104413811
5232;1079;5198;133;141;-17.1120584304029;-15.725764069283;-14.4040082293007;-12.4299272032787;-3.46823814216389;-15.3202989611748;-2.1600795834656;-13.8902081412821;10.9541596324409
5252;1081;5226;133;141;-17.1228028921611;-15.7365085310412;-14.3502141699213;-12.4223225263687;-3.47127115234308;-15.3310434229331;-2.1631816424714;-13.8950475050004;10.9965431667931
5274;1083;5247;133;141;-17.1308235273734;-15.7445291662535;-14.3582348051336;-12.430343161581;-3.46941448377838;-15.3390640581454;-2.16530565819464;-13.9007496191778;11.0227318773281
5294;1087;5266;135;141;-17.1380526801125;-15.7517583189926;-14.4300024790103;-12.484092329955;-3.47054225542503;-15.3462932108845;-2.16334850671856;-13.9253764875239;11.008515103541
5314;1090;5288;137;141;-17.146390763063;-15.7600964019432;-14.4383405619608;-12.5214179497788;-3.47506471261418;-15.354631293835;-2.16086022962524;-13.9526666033053;11.0235513857514
5334;1092;5316;137;141;-17.1569528396663;-15.7706584785464;-14.4489026385641;-12.531980026382;-3.47426992201828;-15.3651933704382;-2.1630374705002;-13.9569655442362;11.0573530336602
5354;1093;5342;137;141;-17.1667107873398;-15.7804164262199;-14.4586605862376;-12.5417379740555;-3.47718304149989;-15.3749513181118;-2.16714078647658;-13.9632183870542;11.0855218566583
5374;1097;5363;137;141;-17.1745575979659;-15.788263236846;-14.4019688757261;-12.5301666988245;-3.47681645075078;-15.788263236846;-2.16517457277918;-13.9509027608668;11.0132940060419
5394;1098;5382;137;141;-17.1816306625737;-15.7953363014538;-14.4090419403339;-12.5276703124162;-3.47490871168624;-15.7953363014538;-2.1651705657485;-13.9503655344764;11.0042950024073
5414;1099;5398;137;141;-17.1875675871559;-15.801273226036;-14.4149788649161;-12.5336072369984;-3.47417170717348;-15.801273226036;-2.17034257301531;-13.9548194221759;11.0210028593429
6000;1168;5944;138;141;-17.3802751727952;-15.9939808116753;-14.3845428992412;-12.5439932658437;-3.49610646602402;-15.9939808116753;-2.21943991538354;-13.9829275886337;11.1978035587802
6500;1215;6438;138;141;-17.5399464237175;-15.9305085112834;-14.4489039703592;-12.5293111296213;-3.49449626002002;-16.1536520625976;-2.27940124534863;-14.0113224816541;11.3728540712599
7000;1261;6925;138;141;-17.6857866621111;-15.894027192883;-14.5077328317631;-12.5153026670729;-3.48666404401129;-16.2994923009912;-2.30583660366909;-14.0421024866671;11.6476909615894
7500;1308;7387;138;141;-17.8149539550575;-16.0231944858294;-14.4827494448823;-12.5166365885094;-3.47993557294438;-16.4286595939376;-2.34115303671506;-14.0706214935552;11.963532671372
8000;1369;7956;138;141;-17.9633632799477;-16.0174531308924;-14.4668557184812;-12.5166259082814;-3.49240740860752;-16.1716038107197;-2.38099337020675;-14.0650485773419;12.0189953611937
9000;1468;8950;138;141;-18.1988176225378;-16.0015930452016;-14.4611480042544;-12.5358571424019;-3.47880514853084;-16.0015930452016;-2.45357943474836;-14.0941558540722;12.4560465278115
9500;1515;9466;138;141;-18.3109234209324;-16.0083383279383;-14.4822820244433;-12.5240260395657;-3.48245868554872;-16.1136988435962;-2.48563026276489;-14.1035421342445;12.6188512549297
10500;1596;10503;138;141;-18.5188324192456;-16.0339257694576;-14.5114992340131;-12.5223803306265;-3.47094820643459;-16.1209371464472;-2.54761604893126;-14.1165622626019;12.7322080525287
11500;1669;11490;138;141;-18.6984647416856;-15.9904145405834;-14.5088099996592;-12.5246786377837;-3.46929322731589;-16.0594074120703;-2.60392281459769;-14.1169748292517;12.7609585065743
12500;1745;12533;138;141;-18.872240889223;-16.0996521669833;-14.4902142545492;-12.5318815854953;-3.47294012737401;-16.2331835596078;-2.66113214930003;-14.1373602315865;13.0366818880856
13000;1776;13051;138;141;-18.9532400763351;-16.0628683184389;-14.5105888198447;-12.5414218086252;-3.47080224686515;-16.3141827467198;-2.69040610313622;-14.1461662736598;13.0786201699621
13500;1807;13598;138;141;-19.0353560041728;-16.0396237306188;-14.5355463338425;-12.5044783764469;-3.4740131683704;-16.3962986745576;-2.7062086545753;-14.1473011393061;13.1294754655056
14000;1840;14086;138;141;-19.1058733506107;-16.1101410770567;-14.5107535004761;-12.5128288164683;-3.47459094213287;-16.4668160209955;-2.72735740038455;-14.1459521322892;13.1115321050173
15000;1913;15100;138;141;-19.244900045606;-16.0668462152581;-14.4827261108083;-12.5198664034392;-3.47584569200405;-16.6058427159908;-2.77217163454763;-14.1421848540353;13.0979375945456
16500;2017;16583;138;141;-19.4322667064282;-16.031069324766;-14.4624534068522;-12.5165432577969;-3.46446733969944;-16.6596779841884;-2.81939530459958;-14.1290408804931;13.0784850046871
17000;2051;17089;138;141;-19.4923805212938;-16.0266446184941;-14.4817452271976;-12.5160324508461;-3.46402403709037;-16.4966482477398;-2.8398666338792;-14.1354001660786;13.1452745501319
18000;2106;18079;138;141;-19.605012645364;-16.0496645838746;-14.4810486659608;-12.5016905828379;-3.46321365146905;-16.3861368204958;-2.88834333005336;-14.1471574799663;13.2802418715844
19500;2186;19573;138;141;-19.763812689005;-16.0749332348911;-14.5167886168446;-12.5296355092552;-3.4505952548165;-16.5449368641368;-2.94562855417014;-14.1737368026562;13.4990049382957
20000;2210;20155;138;141;-19.8224153511025;-16.0847457328192;-14.5240979845545;-12.546550750556;-3.44455249743177;-16.6035395262343;-2.96373789278825;-14.1770217452287;13.5143139554515
21000;2260;21136;138;141;-19.9174660535242;-16.1108035637539;-14.5058200016692;-12.5447196871199;-3.45219225074457;-16.5162686718621;-2.99445217776359;-14.1795241326041;13.5551371511274
21500;2290;21613;138;141;-19.9621005289678;-16.0908995180599;-14.519682818446;-12.5391292779184;-3.45405958155939;-16.5609031473057;-3.00914227305911;-14.1793508027706;13.6066260025121
22000;2313;22109;138;141;-20.0074800888504;-16.1362790779425;-14.5268411655084;-12.5401090219329;-3.45217185647012;-16.3186006347365;-3.02892012265431;-14.1875471730237;13.6891191199187
23500;2388;23641;138;141;-20.1414755436196;-16.1341423583871;-14.5320037484346;-12.5445811054751;-3.45105616514588;-16.9634217132717;-3.06396725948123;-14.1960206648967;13.8081210490238
24000;2421;24151;138;141;-20.1841621321819;-16.1411108643473;-14.5212016520459;-12.539242787223;-3.45531552568767;-17.0061083018339;-3.0751484663466;-14.1874839825729;13.7339693815381
25500;2488;25662;138;141;-20.3055331549099;-16.1311458850143;-14.5247896391176;-12.543788170251;-3.45274169693235;-17.127479324562;-3.11968065245957;-14.2008720885533;13.8954152201478
26000;2506;26158;138;141;-20.3438207000982;-16.1541659580718;-14.526709540135;-12.544887390057;-3.45511246391573;-17.1657668697503;-3.13053511003505;-14.2096920825497;13.9732298205092
26500;2529;26691;138;141;-20.3841634178258;-16.1356681757764;-14.5406190007944;-12.5426704933657;-3.45762428445672;-17.2061095874778;-3.14870601966982;-14.209940645108;13.9315540444473
27000;2546;27206;138;141;-20.4223856323867;-16.1457195133707;-14.5446498506071;-12.5348016007265;-3.45843501866036;-17.2443318020388;-3.15658525681929;-14.2170341786823;14.0163367626773
27500;2564;27709;138;141;-20.459025098302;-16.1823589792859;-14.550942160133;-12.5444073892613;-3.4572068668634;-17.280971267954;-3.1676320697524;-14.2243001996089;14.097456850887
28000;2582;28175;138;141;-20.492380677816;-16.1616473375296;-14.5522094250955;-12.5471795454032;-3.46256874182987;-17.1601761676407;-3.18692089613276;-14.2324134093551;14.1816248249872
28500;2604;28667;138;141;-20.5270038288138;-16.1702950021242;-14.5481180639127;-12.5528151595278;-3.46554242480088;-17.0612679260141;-3.20513577360832;-14.2327597014466;14.2005324843364
29000;2620;29143;138;141;-20.5599400514396;-16.1779134167657;-14.5560529843331;-12.5562427123453;-3.46732249704424;-17.0942041486399;-3.21936416019866;-14.2393403105654;14.2626637385396
29500;2644;29645;138;141;-20.5940975122829;-16.1632807134396;-14.544364057051;-12.5433941308126;-3.46769451293062;-17.1283616094832;-3.22168532880644;-14.2271381496066;14.1569397418647
30500;2679;30660;138;141;-20.6614283048516;-16.1616186345213;-14.5411308859007;-12.559750557397;-3.46235005905219;-17.0238421451252;-3.2388500747532;-14.2266728385734;14.1985160738242
31000;2700;31143;138;141;-20.6926895597227;-16.1283413682549;-14.5431540275407;-12.5512085182653;-3.46246429221124;-17.0551033999963;-3.24311696551967;-14.2168217201838;14.1127703423859
32500;2761;32627;138;141;-20.7857908908561;-16.1318305406986;-14.5281233029735;-12.5440877311263;-3.46298085061396;-17.0969114367422;-3.27292061308974;-14.2170006261912;14.1895992388578
33000;2775;33100;138;141;-20.8145771227303;-16.1324458956061;-14.5379336333887;-12.5491841918781;-3.45801704189821;-17.1256976686164;-3.28449765361287;-14.225944617472;14.2821684301521
34000;2825;34121;138;141;-20.8753366189994;-16.1568377477043;-14.5227072226798;-12.5432689117098;-3.4570213772093;-17.1864571648855;-3.31066237244171;-14.2324002999905;14.4023594936437
35500;2876;35622;138;141;-20.9614374069975;-16.1739456642154;-14.542260131838;-12.5496047312391;-3.45722090997212;-17.1772477730792;-3.34873766746499;-14.2474975161948;14.547005880226
36000;2893;36133;138;141;-20.9899237083695;-16.1616099710672;-14.5489771677366;-12.560906207857;-3.45552317570153;-17.2057340744513;-3.36167283476133;-14.2542387072636;14.6052331169731
37000;2924;37120;138;141;-21.0438223738003;-16.1762879233447;-14.5470473836144;-12.5645387554573;-3.45681936008594;-17.1726213628924;-3.36991254447756;-14.2548933840345;14.628298377868
37500;2941;37630;138;141;-21.071113767175;-16.1807646389532;-14.5519664792346;-12.5599386480843;-3.45629986498239;-17.1590907617468;-3.38246459749755;-14.2603561270279;14.6904681023187
38000;2957;38143;138;141;-21.0981950672768;-16.1855401815408;-14.5586091116592;-12.5547495047165;-3.45814844120765;-17.1469513486954;-3.38908186175529;-14.2612957925385;14.7165844889163
38500;2973;38595;138;141;-21.1217560267679;-16.1801136041586;-14.5649776706099;-12.5578701073597;-3.45989186371597;-17.1705123081865;-3.39940012435809;-14.2573288143196;14.6291190515109
39000;2990;39103;138;141;-21.1479089387457;-16.1780956391697;-14.5672698014608;-12.5537547061933;-3.45670331660863;-17.1589248921814;-3.41035991790803;-14.2544852723127;14.6120152382315
39500;3012;39580;138;141;-21.1721584383131;-16.1817258515344;-14.564157813017;-12.544139691808;-3.45696443511051;-17.1831743917488;-3.42585786211951;-14.2560446622379;14.6480940379272
40500;3037;40608;138;141;-21.2234407410282;-16.1930028196358;-14.5796510078806;-12.550954665206;-3.45963881839352;-17.1980890502931;-3.44052747699089;-14.2624160564297;14.732550843738
41500;3072;41589;138;141;-21.271181976413;-16.1835856411806;-14.5618776361547;-12.5492536333659;-3.46232468005654;-17.2107389658666;-3.45290225069896;-14.2591408074374;14.7383660925161
43000;3107;43090;138;141;-21.3420924612198;-16.2062940241695;-14.5735992495711;-12.5671610737248;-3.4594382029026;-17.1832093778601;-3.47241639991995;-14.2735674663749;14.8960679869269
44000;3147;44086;138;141;-21.3877951014326;-16.2060115511405;-14.5721551113582;-12.5615008701912;-3.46131232347634;-17.1981403594061;-3.48956362480652;-14.2731073234571;14.8721596852997
44500;3166;44602;138;141;-21.4110679601041;-16.2070612730273;-14.5625321814992;-12.5545494630843;-3.46324603758216;-17.2214132180777;-3.49564825100025;-14.2731169048668;14.8753560767236
45500;3187;45548;138;141;-21.453043987861;-16.2112969728013;-14.5665123453305;-12.5601578466703;-3.45840498637917;-17.2335362826849;-3.50726139179216;-14.2772529900725;14.909506782579
46000;3200;46059;138;141;-21.475356924654;-16.2023573660903;-14.5596334760227;-12.5603276522941;-3.45888630163576;-17.2558492194779;-3.5111231264419;-14.2733330945368;14.8749700680412
47000;3224;47055;138;141;-21.5181448185858;-16.2000248247416;-14.5615993754342;-12.5628257368218;-3.45614538712695;-17.2986371134097;-3.52417535264422;-14.2721832992921;14.8236941062315
47500;3240;47558;138;141;-21.5394105955517;-16.2018725158504;-14.5696199256501;-12.557980369784;-3.45387685073577;-17.3199028903756;-3.5300918120163;-14.2720699811236;14.8310079646457
48500;3269;48539;138;141;-21.5802457550053;-16.2049673473212;-14.5681304606989;-12.558647507626;-3.45546177185715;-17.3035796359893;-3.54121219631739;-14.2719888837289;14.829914407494
49500;3307;49552;138;141;-21.621555804426;-16.2010208051537;-14.5627980215743;-12.556010017353;-3.45690163062008;-17.3174907112218;-3.5595684114546;-14.2670296239945;14.8360168949104
51000;3361;51065;138;141;-21.6817092200244;-16.2010702966824;-14.5653150759309;-12.56096538186;-3.46133254541642;-17.3776441268202;-3.59389956461743;-14.2661961512919;14.872497230768
53000;3420;53013;138;141;-21.7565848909523;-16.1920644836296;-14.567417152532;-12.5574065836823;-3.45839850100802;-17.3998760642627;-3.6285302477095;-14.2654465822636;14.8470574273384
53500;3431;53523;138;141;-21.7757334940856;-16.1997843909393;-14.5663932374827;-12.5574249524603;-3.45705070332402;-17.419024667396;-3.63423420212037;-14.2668241481531;14.8709291675986
54000;3442;53985;138;141;-21.7929230183625;-16.1945010593641;-14.5652605196338;-12.554772945747;-3.4560182872031;-17.4362141916729;-3.63956605698131;-14.2707748615627;14.9202008903988
57000;3519;56909;138;141;-21.898417559677;-16.1979739862863;-14.5562858290923;-12.5483152453257;-3.45371775674985;-17.4440702634235;-3.67478305856901;-14.2687718959145;14.9514583091183
57500;3533;57411;138;141;-21.9159824031563;-16.1989547017501;-14.5590643644258;-12.5486382823705;-3.45617960476347;-17.4616351069028;-3.68045387052298;-14.2701026706945;14.9861687530035
58000;3550;57928;138;141;-21.9339122781373;-16.1909090903278;-14.5605379682273;-12.5472684216927;-3.45650475793155;-17.4795649818838;-3.68398041347568;-14.2693481102207;15.0047381952743
59500;3609;59386;138;141;-21.9836275746715;-16.2028840588791;-14.5511437667544;-12.5382150805158;-3.45498870178183;-17.529280278418;-3.71126402512259;-14.2648061337391;14.9955640358388
60000;3621;59854;138;141;-21.9993270850078;-16.1851965531827;-14.5547861233133;-12.541814183918;-3.45633510209289;-17.5219902705296;-3.71566692239667;-14.2654544527597;15.017192799187
61000;3643;60838;138;141;-22.0319397454462;-16.2000572681627;-14.558870657414;-12.5433617598462;-3.45367472891301;-17.554602930968;-3.73187377398516;-14.2707911029456;15.0586441488203
62000;3667;61814;138;141;-22.0637703100139;-16.2001391344158;-14.552245661623;-12.5424220402824;-3.45450888849649;-17.5419817329648;-3.74479448268191;-14.2712853736252;15.0907273080557
62500;3678;62319;138;141;-22.0800432684056;-16.1939392369554;-14.5517115016983;-12.5476193972603;-3.45329075020325;-17.5367484861356;-3.74900752274462;-14.2703009239521;15.0949187813708
63000;3693;62833;138;141;-22.0964713842965;-16.1938380508951;-14.5521392762428;-12.5468057067167;-3.45497530121373;-17.5531766020265;-3.75575599350957;-14.2691025580543;15.0890620870787
64000;3712;63773;138;141;-22.1261703645348;-16.1912761689152;-14.550585712977;-12.54495632922;-3.4528922822493;-17.5828755822648;-3.76393350381364;-14.2709573163845;15.140658641851
64500;3721;64218;138;141;-22.1400776484249;-16.1894350958371;-14.5611655006699;-12.5457682286854;-3.45177920196851;-17.575729456957;-3.76997781056359;-14.2739013579666;15.1601046665789
65000;3730;64700;138;141;-21.461885780418;-16.1888862218543;-14.5573860772437;-12.5438380934513;-3.45120984343137;-17.5700654823074;-3.7727873644165;-14.2712166154427;15.0918138496871
66500;3764;66181;138;141;-21.5071502027734;-16.2038452947143;-14.560174210638;-12.5503481586822;-3.45000951380184;-17.5753245700491;-3.79013266951181;-14.2759494096324;15.1215998572988
67000;3778;66700;138;141;-21.5227732832475;-16.2046532894033;-14.5567490961414;-12.5506901003956;-3.44974703295906;-17.5909476505232;-3.79382684842813;-14.2759831948031;15.1186015084498
68000;3798;67704;138;141;-21.5526539021399;-16.2055463714225;-14.5564299751702;-12.5470034028197;-3.45033271624053;-17.6014101835585;-3.80641490137942;-14.277068255216;15.1465209666458
69500;3830;69249;138;141;-21.5977807864643;-16.2041532401119;-14.5589972450757;-12.5485485748828;-3.44617184530225;-17.6087967399;-3.8169358094575;-14.2782371067483;15.1824441423592
70500;3848;70252;138;141;-21.6265409325233;-16.1993906941323;-14.5592210838698;-12.5468788841892;-3.44456101669757;-17.637556885959;-3.82356253240752;-14.2759969385666;15.1346944618484
71000;3867;70767;138;141;-21.6411489580955;-16.1987312475737;-14.5523229042211;-12.5482416830114;-3.44714911450599;-17.6521649115313;-3.82657336568325;-14.2751170870112;15.1622329738609
72000;3881;71761;138;141;-21.6690456833913;-16.2009855422561;-14.5583495604124;-12.5514787115674;-3.44729179627184;-17.6436939926561;-3.83351888399256;-14.276851906402;15.1630123430842
72500;3889;72268;138;141;-21.6831262392277;-16.2024873158857;-14.5530280496148;-12.545786760136;-3.44755928271952;-17.6577745484925;-3.8361744977532;-14.277998489811;15.188472938905
73500;3910;73256;138;141;-21.7102836890152;-16.2008953523872;-14.5566455437465;-12.5402966713882;-3.44725988965842;-17.68493199828;-3.84410250822496;-14.2765088820815;15.1853158298336
75500;3948;75337;138;141;-21.7663061413765;-16.1960550593448;-14.5532744815416;-12.5444325335866;-3.4518996637583;-17.7409544506413;-3.85875907436347;-14.2755743994921;15.1959308438225
76000;3953;75784;138;141;-21.7781377545508;-16.2040843865694;-14.5570326563683;-12.5460358907931;-3.45284628803089;-17.7527860638156;-3.86340223789669;-14.2794482946846;15.2372103551655
76500;3958;76284;138;141;-21.7912898128889;-16.2153407097426;-14.5636273141602;-12.546161615427;-3.45152402690976;-17.7659381221537;-3.8686953998365;-14.2829145781737;15.2643114079588
77000;3968;76758;138;141;-21.8036786085302;-16.2052566495319;-14.5630289142748;-12.5407457864349;-3.45238781489018;-17.7783269177951;-3.87358679677048;-14.2810380480027;15.2513371881759
77500;3975;77252;138;141;-21.816508988225;-16.2070371930401;-14.5630386055405;-12.538416514198;-3.45144497124042;-17.7734577203905;-3.87655657003529;-14.2816005256942;15.2627644636852
78000;3987;77774;138;141;-21.8299777476023;-16.1934040226395;-14.5636746616809;-12.5371821956899;-3.45184717811328;-17.7869264797677;-3.88141958027985;-14.2784094397961;15.2289148095757
78500;3995;78276;138;141;-21.8428454626082;-16.1903562823396;-14.5635266271936;-12.5381499121509;-3.45132690680919;-17.7824024520618;-3.88278606746745;-14.2780414572127;15.2219336955548
79500;4021;79292;138;141;-21.8686378590603;-16.1901731923883;-14.5654678078235;-12.5382946946894;-3.45346489511952;-17.8081948485138;-3.89877305903669;-14.28016026383;15.2425148410436
80000;4027;79774;138;141;-21.880758651065;-16.2022939843931;-14.5668718194315;-12.5429929908336;-3.45363846489583;-17.8203156405186;-3.90528723137787;-14.283948638641;15.2860791928261
82000;4072;81731;138;141;-21.9292301111293;-16.1910462097557;-14.5608906238447;-12.5427539414462;-3.45575244081071;-17.8687871005828;-3.91769634505654;-14.2780162134548;15.2450264311401
82500;4084;82220;138;141;-21.9411605403438;-16.1901764642033;-14.5599700268142;-12.5438428000375;-3.45612637050793;-17.8807175297974;-3.92209158059709;-14.2779258727583;15.2512182615826
83500;4101;83163;138;141;-21.9639684521547;-16.1925273290247;-14.5584727889553;-12.5469391669363;-3.45582821912995;-17.886431008249;-3.93112248055562;-14.2790124080554;15.2477730322032
84000;4108;83667;138;141;-21.9760526464433;-16.1984003232206;-14.5614797650927;-12.5486270377369;-3.45645912891829;-17.8817080842212;-3.93613740778925;-14.2821419546865;15.2849706493658
85500;4145;85098;138;141;-22.0099704444854;-16.1928592845222;-14.5598908746779;-12.5429743786625;-3.45659094820724;-17.8990965803121;-3.95586653535529;-14.280355989982;15.2981894687043
86000;4153;85613;138;141;-22.0220376589556;-16.2049264989924;-14.5595355691495;-12.5435038911115;-3.45555326058191;-17.9111637947823;-3.96129168067785;-14.2828451927555;15.3289594736119
86500;4161;86119;138;141;-22.0338234988526;-16.19901276179;-14.5667382278845;-12.5440348593518;-3.45487372143086;-17.9229496346793;-3.96452121429528;-14.2848834889117;15.3520014319325
87500;4182;87091;138;141;-22.0562704754309;-16.2040679956564;-14.5554646324271;-12.5447150167203;-3.45435509850564;-17.9131357490394;-3.97250781247357;-14.2811714401398;15.3142420473144
88000;4193;87577;138;141;-22.0674001901855;-16.2066139667196;-14.552055619005;-12.5450266548937;-3.45419090835516;-17.9085171068258;-3.97773442680081;-14.2820429913811;15.328755375149
88500;4204;88106;138;141;-22.0794446475042;-16.2045139166521;-14.553265734158;-12.5396566538437;-3.45374157021502;-17.9050573776085;-3.98113672867163;-14.2799175012669;15.2884228298785
89000;4208;88612;138;141;-22.0908979546452;-16.204793923195;-14.5538675805746;-12.5432285703278;-3.4541685043748;-17.9012432126188;-3.98373030314153;-14.2795132512228;15.2767752108721
90500;4233;90152;138;141;-22.1253576467044;-16.1904634510848;-14.5497729951466;-12.5391869717498;-3.45436567751109;-17.9058499415283;-3.99333010659933;-14.2770204133493;15.2633980580519
91000;4238;90647;138;141;-22.1363090620732;-16.1895804088066;-14.5454569383846;-12.5375480165981;-3.45523924922223;-17.9022025574759;-3.99394106015066;-14.2766844315854;15.2587761486366
91500;4247;91153;138;141;-22.1474422041327;-16.1890175111029;-14.548792311035;-12.5386613389853;-3.45521021783022;-17.8847623270914;-3.99743973999074;-14.2754136503019;15.2414698686713
94500;4301;94133;138;141;-22.2117807291408;-16.1968438258476;-14.5542616691798;-12.5424344821284;-3.45541946188949;-17.9491008520995;-4.02211875857155;-14.2746147314748;15.1965772893212
95500;4318;95150;138;141;-22.2332725648886;-16.1977911323639;-14.5583067837834;-12.5474747129843;-3.45580080873373;-17.9428131237403;-4.03650282917023;-14.2783560121008;15.2410846602574
96000;4323;95654;138;141;-22.2438384056926;-16.1964662266463;-14.5590544621698;-12.5464529386158;-3.45730956610152;-17.9533789645442;-4.03863863945011;-14.2788783362021;15.2385346720936
1e+05;4398;99738;138;141;-21.9219917648589;-16.2038681729321;-14.5576558769632;-12.5443306771021;-3.45928957961027;-18.0099687594308;-4.07416512748253;-14.2796481892407;15.2161411456586
100500;4405;100238;138;141;-21.9319929858438;-16.2018932028703;-14.5596654676132;-12.5435064284842;-3.45785056181902;-18.0067247536657;-4.07721808749394;-14.2807179131024;15.2283472564859
102500;4433;102255;138;141;-21.9718376562619;-16.2118849101386;-14.5604827986055;-12.5489698854347;-3.45818202688068;-18.007854911903;-4.09220600960652;-14.2857864312056;15.2983224365742
103000;4437;102740;138;141;-21.9813013193744;-16.2129803235806;-14.5619207364557;-12.5498995622883;-3.45846930388374;-18.0047397928087;-4.09509887006639;-14.2878552245594;15.3242021937684
103500;4446;103252;138;141;-21.9912434735233;-16.2146236749149;-14.5615248263648;-12.5434622455321;-3.4586209222014;-18.0146819469576;-4.09982324773969;-14.2860212551075;15.2926718818337
104000;4453;103783;138;141;-22.0015026309476;-16.2125623479511;-14.5605742616982;-12.5471708751443;-3.4585227118729;-18.0249411043818;-4.10367093665838;-14.2860297372874;15.2913949803392
105000;4463;104846;138;141;-22.0218834830611;-16.2227908286006;-14.5668742655375;-12.5478976164614;-3.45971734360209;-18.0453219564954;-4.1109500777665;-14.2899450078556;15.327413023894
105500;4469;105341;138;141;-22.0313036834567;-16.2102321222774;-14.5643136415008;-12.5464678008329;-3.45938587155334;-18.0547421568909;-4.11372688012515;-14.2886415750248;15.3202865754339
106000;4478;105868;138;141;-22.0412843394642;-16.2182384439811;-14.5633973707855;-12.5487770757243;-3.45894702974276;-18.0647228128984;-4.11940642799413;-14.2892337758583;15.3304935757476
106500;4481;106318;138;141;-22.0497674754799;-16.2169079585486;-14.5661481765525;-12.5507455307188;-3.4596513121861;-18.0607834289156;-4.12302813819007;-14.2922650837988;15.3566210415521
107000;4489;106811;138;141;-22.0590201042502;-16.21644233785;-14.5616280894116;-12.5504534459466;-3.45932519746198;-18.0577659650941;-4.12713882846131;-14.2927123093837;15.3720629055646
107500;4494;107302;138;141;-22.06819284688;-16.2102596923966;-14.5617842337664;-12.5480175978109;-3.45930037176451;-18.0428411561449;-4.12982725693215;-14.2922596950941;15.3721203450456
109000;4524;108865;138;141;-22.0971154343047;-16.2128649715039;-14.569142219065;-12.5518754902677;-3.45802137297563;-18.0366724237583;-4.14498494425988;-14.2961221228878;15.4139279588259
109500;4532;109394;138;141;-22.10681035705;-16.2160873797435;-14.5727602044957;-12.549717439045;-3.45771273690006;-18.023639095426;-4.14952856267087;-14.2969494165414;15.4278828170444
110000;4542;109904;138;141;-22.1161127842392;-16.2143906126321;-14.5742528653309;-12.5476551755954;-3.45705961253615;-18.0107183858305;-4.15235698822944;-14.2975280698044;15.4455240625125
111500;4573;111432;138;141;-22.1437273480676;-16.2141382046777;-14.5655818756482;-12.5483967211727;-3.45631872791074;-18.0058976739058;-4.16662275968348;-14.2970960676386;15.4661693638493
112000;4582;111932;138;141;-22.1526813574003;-16.2125101046799;-14.5631771701569;-12.5483863133896;-3.45600598132578;-18.0148516832385;-4.16926407787786;-14.2958682405311;15.4522989799848
112500;4592;112402;138;141;-22.1610617310874;-16.2121567983982;-14.5645020209794;-12.545322919892;-3.45604661197402;-18.0232320569255;-4.17153084233623;-14.2962303150607;15.4558391734991
113000;4600;112908;138;141;-22.1700449249214;-16.2194023723337;-14.5638233039017;-12.5459186036977;-3.45644279273389;-18.021633141429;-4.17561197577476;-14.2966150510865;15.4606030647683
113500;4607;113421;138;141;-22.1791113879645;-16.2198257392208;-14.5649637016724;-12.5476075521621;-3.45674795913333;-18.0306996044721;-4.17830926958959;-14.2979993923369;15.4778307342213
114000;4610;113925;138;141;-22.1879789435961;-16.2218322044724;-14.5685819014178;-12.5499119880236;-3.4575216306865;-18.0395671601037;-4.18204642284297;-14.2999571273023;15.4982684744458
114500;4617;114431;138;141;-22.1968423118131;-16.2255804720227;-14.5698661097619;-12.548655694557;-3.45686424599833;-18.0484305283208;-4.18442698317186;-14.3005152120947;15.5093833153079
115000;4624;114979;138;141;-22.2063972752814;-16.2249830640269;-14.5714155020864;-12.5524400292326;-3.45632051026631;-18.0475141919217;-4.19144049293684;-14.3025238661524;15.5226578256913
116000;4636;115967;138;141;-22.2235096050459;-16.2245730430992;-14.5709639123519;-12.5535947993145;-3.45626001718932;-18.0646265216862;-4.19555775026361;-14.3028231633926;15.5183907430846
118000;4671;117966;138;141;-22.257691164003;-16.2270059037417;-14.5721412773039;-12.5509689796932;-3.45839468077151;-18.0884452936078;-4.20983857992374;-14.302956734237;15.5628205352009
118500;4678;118467;138;141;-22.2661671508551;-16.2259124395777;-14.5714708580798;-12.5503956794303;-3.45847582079322;-18.0969212804599;-4.21204261488937;-14.3028834713956;15.5709143623784
119000;4688;118978;138;141;-22.2747754734375;-16.2258284909161;-14.5701889054405;-12.5542496825827;-3.45916025886433;-18.1055296030423;-4.21506473639635;-14.3032261503509;15.5799475651516
119500;4694;119473;138;141;-22.2830790781369;-16.2302059029003;-14.5703371368393;-12.554441067556;-3.45960492076522;-18.1138332077417;-4.22239025416329;-14.304186189775;15.5802726960938
