20;19;21;9;9;-6.08904487544685;-6.08904487544685;-4.70275051432696;-4.29728540621879;-2.35137525716348;-5.3958976948869;-0.690882173929093;-4.95580734270939;2.74867775792626
43;35;43;12;14;-7.52240023138712;-7.17582664110715;-6.13610587026723;-5.12450495858875;-2.55955560112722;-6.82925305082718;-0.992981393124899;-5.98904776909201;3.51299715252434
63;47;69;12;19;-8.46821300919452;-7.36960072052641;-6.85877509676042;-5.58405251129763;-2.56013007102559;-7.36960072052641;-1.0669817447815;-6.50199676940029;4.13719245328571
84;51;87;12;19;-8.93181623730917;-7.83320394864106;-6.79348317780114;-5.59961172713396;-2.42155789678602;-7.32237832487507;-1.19419995445126;-6.67929798121193;4.77619949842759
104;59;107;14;21;-9.34565766892381;-8.2470453802557;-7.26621612724398;-6.04982080291948;-2.61225577708645;-7.73621975648971;-1.28417080205249;-7.1645420156218;5.45552739349128
124;65;126;15;24;-9.67256381390296;-9.67256381390296;-7.47533923656674;-6.41446727588147;-2.62330897264712;-8.06312590146886;-1.4214216748122;-7.5695731118625;5.921831726021
144;74;147;19;24;-9.98086517355747;-9.98086517355747;-8.03495502450216;-6.7257360032959;-2.63227764262988;-9.28771799299753;-1.42522079576698;-7.91581064573185;6.04394555900172
164;84;167;24;28;-10.2359876248335;-10.2359876248335;-8.8819625242824;-7.14494517147519;-2.60358649823206;-9.54284044427357;-1.32837528351438;-8.44838037926107;5.96412667541488
184;88;185;26;28;-10.4407116501566;-10.4407116501566;-9.05441728903676;-7.3052174342275;-2.6170657193217;-9.7475644695967;-1.4142941163414;-8.65601999348462;6.22373599813603
204;99;201;28;32;-10.6066098161182;-10.6066098161182;-9.50799752745004;-7.61087754256416;-2.7044922698417;-9.91346263555821;-1.32329783168615;-8.83421624040035;5.92757430200389
224;104;218;30;32;-10.7689901255782;-10.7689901255782;-9.67037783691007;-7.72446768785476;-2.75564694419151;-10.0758429450182;-1.32793493679147;-8.93856429491004;5.93549287457949
244;109;231;30;33;-10.8848354210436;-10.1916882404836;-9.4985410599237;-7.58899855503926;-2.76513916808634;-10.1916882404836;-1.33623869065269;-8.97654540903906;5.98081262079656
265;117;255;30;33;-11.0825270903169;-10.3893799097569;-9.47308917788275;-7.64853988583171;-2.8618549200196;-10.3893799097569;-1.35006513483283;-8.97640280313549;6.15722695996398
286;127;275;32;37;-11.2335421953331;-10.5403950147732;-9.84724783421325;-7.97544565731166;-2.8396472202614;-10.5403950147732;-1.35076768439456;-9.2152408883254;6.11674043126589
307;133;295;32;39;-11.3739507126796;-10.6808035321197;-9.98765635155975;-8.04174620250444;-2.80796735709397;-10.6808035321197;-1.3513920655025;-9.27981254148881;6.12831089016845
327;139;311;33;39;-11.4795858243585;-10.7864386437985;-9.87014791192437;-8.07838844269631;-2.82089307066853;-10.7864386437985;-1.36514876660884;-9.35134448780865;6.31073256328176
347;142;329;33;39;-11.5921155015307;-10.8989683209708;-9.80035603230269;-8.12637959873102;-2.81749328083375;-10.8989683209708;-1.39130499950615;-9.37262239570302;6.3518422921089
367;150;369;33;39;-11.8215932880811;-11.1284461075211;-9.87568313902574;-8.08392366979769;-2.84545741477851;-11.1284461075211;-1.4522983984306;-9.43323258468322;6.70413054569595
389;160;388;35;39;-11.9220106792465;-11.2288634986866;-9.84256913756671;-8.13782104532829;-2.86832411731574;-11.2288634986866;-1.49865847829376;-9.51866687803368;6.79727628228559
409;169;406;37;41;-12.0127063192035;-11.3195591386435;-10.2209468499754;-8.37512015947708;-2.90539584754683;-11.3195591386435;-1.5386912996553;-9.68423152614972;6.85112264572415
429;177;427;38;44;-12.1135680264572;-11.4204208458973;-10.3218085572292;-8.58720750184109;-2.9138842346696;-11.4204208458973;-1.54571864479293;-9.82897692455613;6.89132443619749
450;184;439;40;46;-12.1689988261503;-11.4758516455904;-10.3772393569223;-8.61365076466093;-2.9396404483384;-11.4758516455904;-1.54942912177177;-9.94834285242188;6.85899205991276
470;190;454;40;46;-12.2361943960827;-11.5430472155228;-10.4444349268546;-8.65267545762659;-2.97706385993708;-11.5430472155228;-1.54086884036373;-9.91945923054285;6.85645570976675
490;193;473;40;47;-12.3181907769839;-11.6250435964239;-10.5264313077558;-8.66761687405585;-2.99166865071827;-11.6250435964239;-1.53374955686327;-9.95612684562794;6.90653672622239
500;196;485;40;47;-12.368297781875;-11.675150601315;-10.4223876328197;-8.67941832776103;-2.9863598164678;-11.675150601315;-1.55691463825307;-9.97036778805672;7.0121026763847
520;199;509;42;47;-12.464896033101;-11.7717488525411;-10.5189858840457;-8.75132396639674;-2.99319189699096;-11.7717488525411;-1.57617021156473;-10.081571477405;7.13787418601456
540;209;527;47;47;-12.5344010970827;-11.8412539165228;-10.7426416278547;-8.79673147879936;-2.98473541950292;-11.8412539165228;-1.53917482482166;-10.1894482060675;6.90101888702933
561;212;541;48;47;-12.586838557693;-11.893691377133;-10.6409284086377;-8.84916893940959;-2.9874334989764;-11.893691377133;-1.54786048840229;-10.2300682090521;6.96586193774491
581;218;560;50;47;-12.6558735674584;-11.9627263868984;-10.7099634184031;-8.91820394917502;-2.98330975355543;-11.9627263868984;-1.55060060119176;-10.2850569192794;6.97587796860326
601;225;583;50;48;-12.736374372701;-12.043227192141;-10.7904642236457;-8.95218473878272;-2.9557326501637;-12.043227192141;-1.57851086751385;-10.3242854680008;7.0531904987958
622;228;605;50;48;-12.8104569160617;-12.1173097355017;-10.8645467670064;-9.02626728214342;-2.96322230507635;-11.7118446273936;-1.58990450903136;-10.3410191417701;7.09567710242894
642;238;630;53;48;-12.8914396387712;-12.1982924582112;-10.8119980970913;-9.06279824228206;-3.00103732578368;-11.792827350103;-1.58744668202117;-10.4211477376421;7.13501428942361
662;241;654;53;50;-12.9662147029144;-12.2730675223545;-10.8867731612346;-9.09501369200651;-2.99918912957428;-11.8676024142463;-1.6133640977914;-10.5306022495849;7.28245760875609
682;245;669;54;50;-13.0115681202565;-12.3184209396965;-10.9321265785766;-9.14036710934857;-3.0038556966628;-11.9129558315883;-1.60910505232498;-10.548792527864;7.23587941349976
703;247;679;54;50;-13.0412422551174;-12.3480950745574;-10.9618007134376;-9.1700412442095;-3.0001690396287;-11.9426299664493;-1.61678741313672;-10.5539887253436;7.26113615079407
723;254;698;58;50;-13.0964382055247;-12.4032910249648;-11.0169966638449;-9.28977571575443;-2.97767799605498;-11.9978259168566;-1.60697585928232;-10.6424077607363;7.17720902636327
744;259;716;58;52;-13.1473603339213;-12.4542131533613;-11.0679187922415;-9.34069784415097;-2.99085979646868;-11.7610659728014;-1.61050352165936;-10.7081468718356;7.20277618540354
766;264;746;61;52;-13.2294512004075;-12.5363040198476;-11.1500096587277;-9.54057174629359;-2.9756589509405;-11.8431568392876;-1.60681071441443;-10.7908991971185;7.22270576241707
786;266;760;61;52;-13.2666368665608;-12.5734896860008;-11.1871953248809;-9.52896724827739;-2.97768285242315;-11.8803425054409;-1.61199484897204;-10.7925825370642;7.21131594367286
806;269;780;63;52;-13.3185878393673;-12.6254406588073;-11.2391462976874;-9.62970838525334;-2.97791043902874;-11.9322934782474;-1.61615006646751;-10.8567609202216;7.23924081860489
826;277;801;70;52;-13.3717218941367;-12.6785747135768;-11.4258117450814;-9.73413573441033;-3.00828104820836;-12.2731096054686;-1.59273899286138;-10.9830780389993;7.12660280869242
847;282;824;70;52;-13.4283410598189;-12.3297287711508;-11.3488995181391;-9.73946160570501;-3.00391914936854;-12.3297287711508;-1.59521793072025;-10.9741522922496;7.10170557427767
868;285;852;70;54;-13.4951730536586;-12.3965607649905;-11.4157315119788;-9.80629359954469;-3.00115261055236;-12.3965607649905;-1.60155342957216;-11.054700952327;7.17734632548028
889;289;874;70;55;-13.5461607513111;-12.447548462643;-11.4667192096312;-9.85728129719713;-3.01566582071954;-12.447548462643;-1.60106982640272;-11.0898647647176;7.25175982038075
909;293;896;70;55;-13.5958808259499;-12.4972685372818;-11.51643928427;-9.85821120766649;-2.99425855134275;-12.4972685372818;-1.6190326832999;-11.0990957598587;7.31093940992477
929;299;917;72;55;-13.6422149445129;-12.5436026558448;-11.5627734028331;-9.95333549039899;-2.98161998245798;-12.5436026558448;-1.61918811799128;-11.136580555742;7.31462444317602
949;306;942;72;55;-13.6960105491527;-12.5973982604846;-11.4987859718165;-9.86736915266363;-3.00656876647045;-12.5973982604846;-1.63248697643982;-11.1326695596431;7.39113436135758
970;312;958;73;55;-13.7296955559417;-12.6310832672736;-11.5324709786055;-9.85849454503383;-3.0165230065977;-12.6310832672736;-1.63023420797103;-11.1329060096562;7.35432948773579
990;315;973;73;56;-13.760768164372;-12.6621558757039;-11.5635435870358;-9.88956715346412;-3.01951374166599;-12.6621558757039;-1.65219258814683;-11.1798269127405;7.4235694189962
1000;316;983;73;56;-13.7812182402943;-12.6826059516262;-11.5839936629581;-9.91001722938644;-3.02144476982108;-12.6826059516262;-1.66483510019503;-11.1931739419547;7.4717504105697
1020;319;1005;73;56;-13.8254856409864;-12.7268733523182;-11.6282610636501;-9.95428463007846;-3.00666781767119;-12.7268733523182;-1.68187899907597;-11.2207657532427;7.56118329147432
1040;323;1025;74;56;-13.864895783145;-12.7662834944769;-11.6676712058088;-9.99369477223713;-3.00628147494954;-12.7662834944769;-1.68842704087342;-11.2478959723036;7.58866990192661
1061;323;1038;74;56;-13.8901021274517;-12.7914898387836;-11.6928775501154;-9.97807912202352;-2.98804364042766;-12.7914898387836;-1.69896039530992;-11.2665236254537;7.63527099872784
1081;331;1064;74;56;-13.9395813398032;-12.8409690511351;-11.6369962468091;-9.93224815457071;-2.98672426517739;-12.8409690511351;-1.70879169173617;-11.2574982685505;7.62873758809585
1101;337;1084;74;58;-13.9768263639992;-12.8782140753311;-11.779601786663;-10.064803358571;-2.99482719450195;-12.8782140753311;-1.7083753412633;-11.320307815023;7.69839812295115
1122;343;1107;76;58;-14.0188178654173;-12.9202055767492;-11.8215932880811;-10.1067948599891;-3.00815479355255;-12.9202055767492;-1.70862397180423;-11.358719405725;7.70573822342855
1142;350;1132;76;58;-14.0634825175263;-12.9648702288581;-11.7608974245322;-10.0933686349534;-3.01259251215259;-12.9648702288581;-1.70654458316035;-11.3388187179572;7.67707607261898
1163;354;1153;76;58;-14.1002450405381;-13.00163275187;-11.7976599475441;-10.074893349803;-3.00215343368015;-13.00163275187;-1.75526734139625;-11.3624986379918;7.76266726610856
1183;357;1169;76;60;-14.1278079229441;-13.029195634276;-11.8252228299501;-10.1388238763799;-3.00650383426142;-13.029195634276;-1.74420853070494;-11.4149421085788;7.78464397819934
1203;364;1187;76;62;-14.1583687892193;-13.0597565005512;-11.8557836962253;-10.226543156495;-3.0294601011514;-13.0597565005512;-1.76417891429863;-11.4762945490725;7.87205932303289
1223;366;1205;76;62;-14.1884696918495;-13.0898574031814;-11.8858845988555;-10.2566440591252;-3.01419683879205;-13.0898574031814;-1.78622600458664;-11.4974612104223;7.92804612440091
1243;369;1221;76;62;-14.2148509482214;-13.1162386595533;-11.9122658552274;-10.2075177629889;-2.99984646152321;-13.1162386595533;-1.80065905307614;-11.5118260305079;7.98601848432267
1264;370;1246;76;62;-14.2553873986948;-13.1567751100267;-11.9528023057008;-10.2480542134623;-2.99342642324119;-13.1567751100267;-1.8115387798061;-11.5330503275393;8.06739264024219
1284;379;1271;81;65;-14.2951185423789;-13.1965062537108;-12.0978939650427;-10.423917531471;-3.00801521292865;-13.1965062537108;-1.79235453023937;-11.7002022692431;8.04867035803267
1304;384;1294;81;65;-14.3309869501217;-13.2323746614536;-12.1337623727855;-10.4597859392138;-2.99832516083597;-13.2323746614536;-1.79973415571965;-11.6992147916036;8.07809164276055
1325;390;1319;83;66;-14.3692583054346;-13.2706460167665;-12.1720337280984;-10.4980572945267;-2.98882477351426;-13.2706460167665;-1.80163064291578;-11.7664507364429;8.10447632723807
1345;400;1345;83;66;-14.4082985840719;-13.3096862954038;-12.2110740067357;-10.537097573164;-2.99747229205711;-13.3096862954038;-1.83730161449716;-11.7770115742381;8.20209509497818
1366;404;1365;83;69;-14.4378194152381;-13.33920712657;-12.3583778735583;-10.6536297813199;-3.00069566368417;-13.33920712657;-1.82918253172465;-11.8490722128992;8.21068752848015
1386;413;1388;83;72;-14.4712382821335;-13.3726259934654;-12.3917967404537;-10.6870486482152;-3.00811249071588;-13.3726259934654;-1.82749797485516;-11.9102598456932;8.22213531893552
1408;415;1415;83;72;-14.5097696201547;-13.4111573314866;-12.3125450428185;-10.6813645744145;-3.00471504956502;-13.4111573314866;-1.83330279665285;-11.9166258949025;8.25842121458643
1429;418;1430;83;72;-14.5308594465079;-13.4322471578398;-12.3336348691717;-10.6596584356;-3.01309570489743;-13.4322471578398;-1.84934486118582;-11.9222954705567;8.31321458802139
1449;424;1448;83;74;-14.5558771458913;-13.4572648572232;-12.4764356042115;-10.6846761349834;-3.01300460455314;-13.4572648572232;-1.84769071469719;-11.9566800110178;8.27280278374137
1470;426;1467;83;74;-14.581949556286;-13.4833372676179;-12.3847249789497;-10.7107485453781;-3.00520457860278;-13.4833372676179;-1.85191494774676;-11.9647727817708;8.30796150206397
1490;433;1493;83;74;-14.6170855950784;-13.5184733064103;-12.4198610177422;-10.665841876497;-3.02211941977194;-13.5184733064103;-1.84409531367987;-11.9464608404717;8.30543950803231
1510;438;1509;85;75;-14.6384049175357;-13.5397926288676;-12.4411803401995;-10.7672039066278;-3.03439637620579;-13.9452577369758;-1.84032397518888;-11.996729368731;8.28449853087152
1530;442;1532;85;75;-14.6686587006011;-13.570046411933;-12.4714341232649;-10.7368330678767;-3.05259919673391;-13.9755115200411;-1.84887176815886;-11.9975985246349;8.30990869218111
1550;446;1550;85;75;-14.6920204198266;-13.5934081311585;-12.4947958424904;-10.7601947871023;-3.06115193199861;-13.9988732392666;-1.85736311516204;-12.0008918796569;8.3193299411411
1570;451;1573;85;75;-14.7214798061166;-13.6228675174484;-12.5242552287803;-10.7324957595523;-3.05802449434463;-13.6228675174484;-1.85998521196938;-12.0036861268193;8.37369789196476
1591;458;1588;85;75;-14.7404612836142;-13.6418489949461;-12.4378761906201;-10.7514772370499;-3.0654169691675;-13.6418489949461;-1.86380153308872;-11.9887054051942;8.34551860575916
1611;463;1598;86;76;-14.7530162526524;-13.6544039639843;-12.4504311596584;-10.7276645619173;-3.06930214670198;-13.6544039639843;-1.85614167450766;-12.0151005661615;8.34983450323232
1631;466;1621;86;77;-14.7815970434714;-13.6829847548032;-12.4790119504773;-10.7562453527362;-3.06883759662254;-13.6829847548032;-1.85886334801626;-12.0385072272413;8.32731785728212
1652;471;1647;86;79;-14.8134214603553;-13.7148091716872;-12.5108363673612;-10.824437413791;-3.05559095228933;-13.7148091716872;-1.86391497136112;-12.0849314206606;8.3298133132299
1673;474;1666;86;79;-14.8363616454536;-13.7377493567855;-12.5337765524595;-10.8473775988893;-3.03940074895176;-13.7377493567855;-1.87694552456006;-12.0922796253133;8.33375910223424
1693;477;1682;86;80;-14.8554776810658;-13.7568653923977;-12.5528925880717;-10.8664936345015;-3.02850088862371;-13.7568653923977;-1.88948745134182;-12.1193036999916;8.35880590158123
1713;481;1699;86;80;-14.8755902433439;-13.7769779546758;-12.5730051503498;-10.8502385526087;-3.02174530253944;-13.7769779546758;-1.89557875934424;-12.1273910501007;8.41524748736778
1734;484;1716;86;81;-14.8955025600958;-13.7968902714277;-12.5929174671018;-10.9065185135315;-3.00993136583274;-13.7968902714277;-1.9011362039549;-12.1484758572926;8.40691209559894
1757;493;1740;87;81;-14.9232807844172;-13.824668495749;-12.6206956914231;-10.9342967378529;-3.00905888821098;-13.824668495749;-1.917970459172;-12.1710298212145;8.45774408724699
1780;495;1762;87;81;-14.9484096129923;-13.8497973243241;-12.6458245199982;-10.9230579222571;-3.01612270938844;-13.8497973243241;-1.92218495853934;-12.1823439594493;8.5115416708258
1800;498;1786;87;81;-14.9754675228729;-13.8768552342048;-12.5775722500745;-10.9324162550383;-3.01015519668509;-13.8768552342048;-1.92432521182466;-12.1875193239426;8.55931286083625
1821;502;1807;89;81;-14.9988465811845;-13.9002342925163;-12.6962614881904;-10.991513395952;-2.99853199427616;-13.9002342925163;-1.92889712583638;-12.2278072993391;8.55022015072724
1842;505;1834;89;81;-15.0285093056328;-13.9298970169647;-12.6306140328344;-10.9341647434107;-3.00850121317544;-13.9298970169647;-1.93597440682944;-12.2361765673631;8.64870058733
1862;509;1852;90;81;-15.0480428304122;-13.9494305417441;-12.6501475576139;-10.9536982681901;-3.00604915413875;-13.9494305417441;-1.93840406863277;-12.2538802583406;8.64695583168257
1883;510;1871;90;81;-15.0684566525482;-13.9698443638801;-12.6705613797498;-10.9741120903261;-3.01434708139985;-13.9698443638801;-1.94454048135238;-12.2662513466674;8.70010988508691
1903;517;1891;90;81;-15.0897221373169;-13.9911098486488;-12.6918268645185;-10.9953775750948;-3.01640404337327;-13.703427776197;-1.95229282324022;-12.2653135134319;8.72687581046728
1925;523;1912;90;83;-15.1118101872227;-14.0131978985546;-12.7139149144243;-11.0174656250006;-3.01949992103118;-13.7255158261028;-1.95532561559921;-12.3126545902215;8.77262058285523
1946;529;1935;90;87;-15.1357252109278;-14.0371129222597;-12.8331401179337;-11.1467411643635;-3.01988366559206;-13.7494308498079;-1.9430506314163;-12.3827050732693;8.75822300541416
1967;530;1952;90;87;-15.1532195339461;-14.054607245278;-12.850634440952;-11.1642354873818;-3.01645409501524;-13.7669251728262;-1.94266031464105;-12.379966334482;8.75505079786175
1990;533;1980;92;87;-15.1817042473772;-14.0830919587091;-12.8791191543831;-11.1927202008129;-3.01961483782991;-13.7954098862573;-1.95482591169791;-12.4225531013225;8.7735836844093
2000;534;1992;92;87;-15.1937888762891;-14.095176587621;-12.891203783295;-11.2048048297248;-3.01574540348042;-13.8074945151692;-1.96952435997675;-12.4313570590632;8.80292422135573
2020;538;2014;92;87;-15.215756146557;-14.1171438578889;-12.913171053563;-11.2084229613245;-3.0084143067947;-13.8294617854371;-1.97297143907994;-12.4404625551524;8.86620970977632
2040;540;2034;93;87;-15.235519153217;-14.1369068645489;-12.932934060223;-11.2465351066527;-3.00152982969263;-13.8492247920971;-1.97587517027865;-12.4637310227877;8.90522874869127
2060;541;2050;93;87;-15.2511901442649;-14.1525778555968;-12.9486050512709;-11.2622060977006;-2.99092291715407;-13.864895783145;-1.98719006121368;-12.475249224927;8.9386185364619
2080;545;2077;93;89;-15.2773596477522;-14.1787473590841;-12.9747745547582;-11.2883756011879;-2.98684475595768;-13.8910652866323;-1.99112046182697;-12.5200249353867;8.94060313078006
2101;550;2104;95;89;-15.3031911477152;-14.2045788590471;-13.0006060547212;-11.3142071011509;-2.98288843752819;-13.6937532352811;-1.99975032043042;-12.5628965490834;8.97875666885044
2121;555;2125;95;91;-15.323054162717;-14.2244418740489;-13.020469069723;-11.3340701161528;-2.9922361085305;-13.7136162502829;-2.00722159491669;-12.6035365913166;8.99283562169914
2141;559;2154;97;91;-15.3501637154327;-14.2515514267646;-13.0475786224386;-11.3611796688684;-3.00056231782769;-13.7407258029986;-2.01198920329712;-12.6472949635279;9.03678476576632
2162;563;2186;97;92;-15.379657337473;-14.2810450488049;-13.0770722444789;-11.3906732909087;-3.00314595706061;-13.7702194250389;-2.01811171893695;-12.6703109742045;9.06936116502938
2186;563;2199;97;92;-15.3915159811095;-14.2929036924414;-13.0889308881155;-11.4025319345452;-3.00477314153462;-13.7820780686754;-2.0234025165856;-12.680018998715;9.09392573024348
2207;569;2224;97;92;-15.4141253107409;-14.3155130220728;-13.1115402177469;-11.4067921255085;-3.0050138668281;-13.8046873983068;-2.02777744368159;-12.6825534612052;9.13526846306001
2227;573;2247;99;92;-15.4347025443707;-14.7415553638107;-13.1321174513766;-11.4093508536355;-3.00349632892741;-13.8252646319366;-2.03301643666171;-12.7173876747748;9.12268364014688
2247;576;2267;100;92;-15.4524253010151;-14.7592781204551;-13.149840208021;-11.4093740331805;-3.00133802935251;-13.842987388581;-2.03508452686707;-12.7291746492691;9.11369478822226
2267;583;2286;102;92;-15.4691176887095;-14.7759705081496;-13.1665325957155;-11.4437659979744;-3.00230517425128;-13.8596797762754;-2.0415560469891;-12.7552740264285;9.11796507687368
2287;589;2306;102;96;-15.486539401658;-14.7933922210981;-13.183954308664;-11.4975553550937;-3.00604851059906;-13.8771014892239;-2.03115975260586;-12.8169504496986;9.07546794146672
2307;592;2326;102;98;-15.5038106661572;-14.8106634855973;-13.2012255731632;-11.5148266195929;-3.00968351753617;-13.8943727537231;-2.02950110781125;-12.8547410911049;9.08766381832484
2327;595;2339;102;98;-15.5149575331684;-14.8218103526084;-13.2123724401743;-11.5259734866041;-3.0073036082491;-13.9055196207343;-2.04018108070043;-12.8588412787116;9.11883713437666
2347;596;2360;102;98;-15.5328337960393;-14.8396866154794;-13.2302487030453;-11.543849749475;-3.00414156317691;-13.9233958836052;-2.04616764073247;-12.8684208152271;9.15259970384052
2368;606;2385;104;102;-15.5539088066449;-14.8607616260849;-13.3566842293087;-11.5649247600806;-3.00815835354465;-13.9444708942108;-2.03834455365907;-12.9528419007668;9.09372033563257
2388;610;2404;104;102;-15.5697785913102;-14.8766314107503;-13.372554013974;-11.5807945447459;-3.00711600545399;-13.9603406788761;-2.04212612128752;-12.9529908256017;9.1261000516511
2408;613;2432;104;102;-15.5929384861721;-14.8997913056122;-13.2903533931781;-11.5856053009396;-3.00611359532918;-14.2066441250522;-2.0377944894139;-12.9418683207489;9.09401647416435
2428;616;2447;106;102;-15.6052361268853;-14.9120889463254;-13.3026510338913;-11.6162520803211;-3.00918433078245;-14.2189417657655;-2.03255665415496;-12.9685580517141;9.07801655800021
2448;619;2461;106;102;-15.6166461007821;-14.9234989202222;-13.3140610077881;-11.6093129155496;-3.01324805150419;-14.2303517396622;-2.04127902764625;-12.9724708508039;9.09977968805634
2469;623;2484;108;102;-15.6352508861067;-14.9421037055468;-13.3326657931127;-11.6462668395425;-3.01360439832011;-14.2489565249868;-2.03965285484297;-12.9973478442527;9.05995207261986
2489;625;2504;108;102;-15.65128946444;-14.95814228388;-13.3487043714459;-11.6259377737048;-3.00795593026211;-14.2649951033201;-2.03697629617247;-12.999099655035;9.10661436285553
2500;627;2517;108;102;-15.6616459902706;-14.9684988097107;-13.3590608972766;-11.6362942995355;-3.00756612236662;-14.2753516291507;-2.04100377181916;-13.00620633312;9.13683484775008
2520;634;2540;108;102;-15.6798387200252;-14.9866915394652;-13.3772536270311;-11.65448702929;-3.00797756640372;-14.2935443589053;-2.04300516830483;-12.9991661941486;9.12849744858157
2540;638;2560;108;102;-15.6955250749472;-15.0023778943873;-13.3929399819532;-11.6701733842121;-3.01306298297218;-14.3092307138273;-2.04422428691077;-12.9930641199898;9.1014288059257
2560;639;2580;108;102;-15.7110893558313;-15.0179421752714;-13.4085042628373;-11.6768878765465;-3.01459789631282;-14.3247949947114;-2.04793658588579;-12.997495968392;9.11092339342338
2583;642;2596;109;102;-15.723454155648;-15.030306975088;-13.4208690626539;-11.6981024649128;-3.01472617242512;-14.3371597945281;-2.04557022147513;-13.0105273756376;9.10580440329081
2606;643;2616;109;102;-15.7388034251542;-15.0456562445942;-13.4362183321601;-11.713451734419;-3.01794500760638;-14.3525090640343;-2.04586623317973;-13.0129976810926;9.12485932347745
2626;645;2646;110;102;-15.7616086893498;-14.6629964006817;-13.4590235963558;-11.6672641271277;-3.01668288669348;-14.3753143282299;-2.04876450173645;-13.0352981516461;9.16391281804138
2646;647;2660;110;102;-15.7721628035515;-14.6735505148834;-13.4695777105574;-11.6778182413294;-3.01363134883939;-14.3858684424316;-2.05109150475304;-13.0381012634303;9.19274561133405
2666;654;2685;110;105;-15.7908720138859;-15.097724833326;-13.4882869208919;-11.7478207460514;-3.01712471193657;-14.404577652766;-2.04532694310309;-13.0737636990643;9.13742188903478
2688;660;2711;110;107;-15.8101456989973;-15.1169985184374;-13.5075606060033;-11.7847940082622;-3.01962250276643;-14.4238513378774;-2.04683621574957;-13.1053457443698;9.15757052190288
2708;662;2722;110;107;-15.8182443664228;-15.1250971858629;-13.5156592734288;-11.7928926756877;-3.01939198657879;-14.4319500053029;-2.04908460031735;-13.1040693806293;9.15130455072883
2728;666;2751;111;107;-15.8394395218491;-15.1462923412892;-13.5368544288551;-11.814087831114;-3.0141622969719;-14.4531451607293;-2.05308798604912;-13.1182241466957;9.14765350815125
2748;667;2777;111;107;-15.8582529746136;-15.1651057940537;-13.5556678816196;-11.8329012838784;-3.00527867802362;-14.4719586134937;-2.0570299997974;-13.1282284825558;9.20097119497015
2769;670;2789;111;107;-15.866876775255;-15.173729594695;-13.5642916822609;-11.8415250845198;-3.00421720447666;-14.4805824141351;-2.06433900115666;-13.1309895030335;9.22987318252327
2793;671;2805;111;107;-15.8783176359136;-15.1851704553536;-13.5757325429195;-11.7839730736915;-3.00443100254149;-14.4920232747937;-2.06808096045203;-13.1387715339193;9.25927054248923
2816;672;2822;111;107;-15.8904022648255;-14.7917899761574;-13.5878171718315;-11.7960577026034;-3.00216249957856;-14.5041079037056;-2.07055412777381;-13.141115196309;9.25791680037458
2836;673;2845;111;107;-15.9066366931209;-14.8080244044528;-13.6040516001268;-11.8122921308988;-2.99315899528404;-14.520342332001;-2.07544965577158;-13.1472541749689;9.26444197818667
2856;676;2873;111;107;-15.9262241179586;-14.8276118292905;-13.5283288451602;-11.8318795557365;-2.99405319172877;-14.5399297568387;-2.07983524034937;-13.1565773555505;9.31528869723017
2876;677;2893;111;107;-15.9400986099523;-14.8414863212842;-13.5422033371539;-11.8457540477302;-2.98942550227324;-14.5538042488324;-2.08494819591815;-13.1622479979319;9.32975551384714
2896;681;2907;112;107;-15.9497538011178;-14.8511415124496;-13.5518585283194;-11.8554092388957;-2.98985523702845;-14.5634594399979;-2.09030195868051;-13.1765534979568;9.3307790276161
2916;682;2934;112;107;-15.9682439174059;-14.8696316287377;-13.5703486446075;-11.8738993551838;-2.99306355051319;-14.581949556286;-2.09857951034466;-13.1884429330865;9.36785304320532
2937;683;2956;112;107;-15.9831845641362;-14.8845722754681;-13.5852892913378;-11.8560501790911;-2.98676543466895;-14.5968902030163;-2.10004900312391;-13.1943725193399;9.40437431873268
2957;688;2979;112;109;-15.9986859054266;-14.9000736167585;-13.6961008124325;-11.9043413432045;-2.99176929488109;-14.6123915443067;-2.10160549877011;-13.227911270488;9.42993490146551
2977;690;3003;112;109;-16.0147341359667;-14.9161218472985;-13.6168388631683;-11.9203895737446;-2.9868836562805;-14.6284397748468;-2.10377704385837;-13.23217155851;9.45369430524079
3000;690;3021;112;109;-16.0266863627733;-14.9280740741052;-13.628791089975;-11.8995519777283;-2.98257862413515;-14.6403920016535;-2.10682389762581;-13.2396684517907;9.4880498318188
3022;693;3043;112;112;-16.0411982997939;-14.9425860111258;-13.7386132067999;-12.0158466090588;-2.97654878458009;-14.6549039386741;-2.10709436791936;-13.2881270130602;9.47050888262847
3044;698;3064;112;112;-16.054953061721;-14.9563407730529;-13.7523679687269;-12.0296013709858;-2.97442469176127;-14.6686587006011;-2.12071946559668;-13.2904576920478;9.48441577741918
3064;701;3079;114;112;-16.064720295849;-14.9661080071809;-13.762135202855;-12.0393686051139;-2.97412213302468;-14.6784259347291;-2.12030741790389;-13.3197179930466;9.48322762353489
3084;704;3100;114;114;-16.0783147809465;-15.3851676003865;-13.7757296879524;-12.0801561650481;-2.97906446428163;-14.6920204198266;-2.11926334283846;-13.3527217985166;9.49114366502018
3104;705;3122;114;114;-16.0924582021508;-14.9938459134826;-13.7898731091567;-12.0671065114156;-2.97466927159282;-14.7061638410309;-2.11925951423441;-13.349832045841;9.48124572843985
3124;707;3139;114;114;-16.1033191136839;-15.0047068250158;-13.8007340206899;-12.0779674229488;-2.97563989045734;-14.717024752564;-2.12219835911515;-13.3536869452687;9.51406753426048
3144;708;3151;114;114;-16.1109502835145;-15.0123379948464;-13.8083651905205;-12.0855985927794;-2.9706251879342;-14.7246559223947;-2.12457943216007;-13.3586407457187;9.53466185258632
3164;710;3165;115;114;-16.1198166691566;-15.0212043804884;-13.8172315761625;-12.0944649784214;-2.96831010984943;-14.7335223080367;-2.12376113157743;-13.3732359752687;9.54711579715464
3186;711;3181;115;114;-16.1299017834983;-15.0312894948302;-13.8273166905042;-12.1045500927631;-2.97006922597948;-14.7436074223784;-2.12923867977349;-13.38050066721;9.57186758894334
3206;714;3196;115;114;-16.1393106137723;-15.0406983251042;-13.741415340974;-12.1139589230372;-2.975329398615;-14.7530162526524;-2.13009849755785;-13.3763874186693;9.58129867290987
3226;715;3222;115;114;-16.1555151274738;-15.0569028388057;-13.7576198546755;-12.1301634367387;-2.97493001286939;-14.7692207663539;-2.13495818861022;-13.3829885240007;9.59012710491538
3246;717;3246;115;114;-16.1703574961491;-15.071745207481;-13.7724622233507;-12.1099144856027;-2.97746855576305;-14.7840631350292;-2.14406993843541;-13.3907651628998;9.6342402515814
3266;720;3267;115;115;-16.1832548232021;-15.084642534534;-13.8806697302081;-12.1402035553676;-2.97402407917718;-14.7969604620823;-2.1478844996512;-13.4116550893857;9.65113582810644
3286;724;3282;115;116;-16.1924165433001;-15.093804254632;-13.7945212705017;-12.1493652754655;-2.97641711393448;-14.8061221821802;-2.14550462378262;-13.4240935057056;9.66180785083975
3306;728;3312;117;116;-16.2106150310103;-15.1120027423422;-13.9080299380163;-12.1675637631757;-2.97982424567372;-14.8243206698904;-2.14735026371914;-13.4548799792507;9.65613528408906
3326;729;3340;117;116;-16.2274521719415;-15.1288398832734;-13.9248670789474;-12.1844009041069;-2.97932877092833;-14.8411578108216;-2.15210207240361;-13.4634208816584;9.68720587526348
3349;729;3366;117;116;-16.2429607495015;-15.1443484608334;-13.8450654767031;-12.1486161872794;-2.98689374430598;-14.8566663883816;-2.14771763290864;-13.4646055118582;9.73443503258273
3369;734;3390;117;116;-16.257170400749;-15.1585581120809;-13.8592751279506;-12.1628258385269;-2.98796585013271;-14.8708760396291;-2.15376354328119;-13.4632719467745;9.75293086184889
3390;740;3413;117;118;-16.2706938978134;-15.1720816091453;-13.872798625015;-12.210250887267;-2.99361999732331;-14.8843995366935;-2.15812412058476;-13.4929825570767;9.75500611313489
3413;741;3434;118;118;-16.2829620829148;-15.1843497942467;-13.8850668101165;-12.2225190723684;-2.99019623296016;-14.896667721795;-2.1614230320161;-13.5151041444843;9.77138000314212
3433;745;3451;118;121;-16.292838646196;-15.1942263575279;-13.990253553202;-12.2674869554609;-2.98970992226503;-15.5996914656361;-2.15445576982755;-13.5443811189583;9.70699661748907
3454;746;3467;118;121;-16.30208989137;-15.2034776027019;-13.999504798376;-12.2767382006349;-2.98736222134714;-15.6089427108101;-2.15960780016388;-13.5511317060345;9.73329269553157
3474;751;3490;120;122;-16.3153140303929;-15.622166849833;-14.0127289373989;-12.3450221168408;-2.98649761661973;-15.622166849833;-2.15806796827537;-13.5901889706531;9.70604719399442
3494;756;3511;120;124;-16.3273123523369;-15.6341651717769;-14.0247272593428;-12.3760686337554;-2.98198463967656;-15.6341651717769;-2.15870564669261;-13.6156369195593;9.69829020426084
3515;757;3525;120;124;-16.3352714304927;-15.6421242499328;-14.0326863374987;-12.3649795169406;-2.9823742768807;-15.6421242499328;-2.15895009296078;-13.6194536707235;9.7182854696267
3535;760;3546;120;124;-16.3471509732683;-15.2485386846002;-14.0445658802743;-12.358166926704;-2.98544318997411;-15.6540037927084;-2.15801003071589;-13.6102446254452;9.70434788724685
3558;762;3572;120;124;-16.3617618839928;-15.2631495953247;-13.9638666111944;-12.3544286987603;-2.98381719441779;-15.6686147034328;-2.1591735671951;-13.6125935215582;9.71764561859495
3578;764;3586;120;124;-16.3695853083302;-15.270973019662;-13.9716900355318;-12.3622521230977;-2.98173025422172;-15.6764381277702;-2.1681533830679;-13.6176036863865;9.74029018196823
3598;766;3606;120;124;-16.3807088075265;-15.2820965188584;-13.9828135347282;-12.3553571167914;-2.98173239404132;-15.6875616269666;-2.17228221946077;-13.6190986936718;9.74396066511604
3620;770;3620;120;126;-16.3884586096396;-15.2898463209715;-14.0858735166456;-12.3631069189045;-2.98581246726547;-15.6953114290797;-2.16900209689651;-13.6388149270472;9.70664855734573
3640;773;3641;120;126;-16.4000272963509;-15.3014150076828;-14.0021320235525;-12.3746756056157;-2.98389640043886;-15.7068801157909;-2.17825128397433;-13.6405000738656;9.71102367426896
3663;775;3669;121;126;-16.4153488487106;-15.3167365600425;-14.0651086658144;-12.3899971579754;-2.98706081131717;-15.7222016681506;-2.18013765692235;-13.6597149793416;9.74765896316048
3683;775;3680;121;126;-16.421336062326;-15.3227237736578;-14.0710958794297;-12.3959843715908;-2.98575006679344;-15.728188881766;-2.18184618030223;-13.6640026496884;9.76448252586963
3703;780;3702;121;128;-16.4332569862669;-15.7401098057069;-14.1306718932728;-12.4259238010344;-2.99165473150656;-15.7401098057069;-2.17556180936448;-13.6794849490681;9.72153003200563
3724;781;3723;121;128;-16.4445701477454;-15.3459578590773;-14.1419850547514;-12.4192184570103;-2.99336356088438;-15.7514229671855;-2.17837066938317;-13.6851066144837;9.74049080618871
3744;784;3745;121;128;-16.4563537919026;-15.3577415032345;-14.1537686989086;-12.4310021011675;-2.99436885648547;-15.7632066113427;-2.1851134936676;-13.6883608673703;9.77221179302257
3764;786;3764;121;128;-16.4664750014105;-15.3678627127424;-14.0685797286122;-12.4411233106754;-2.99616264076778;-15.7733278208506;-2.18527887361473;-13.6842541842836;9.75556788968652
3784;787;3784;121;128;-16.4770738603435;-15.3784615716754;-14.0791785875452;-12.4517221696084;-2.99608544167686;-15.7839266797836;-2.19119036633568;-13.6927892835354;9.77901635489022
3804;789;3804;121;128;-16.4876168473306;-15.3890045586625;-14.0897215745322;-12.4622651565954;-2.99484230137561;-15.7944696667706;-2.19944619165934;-13.7002242050625;9.80658420886241
3824;790;3818;121;129;-16.4949640085714;-15.3963517199033;-14.1923789155773;-12.4696123178362;-2.99164955159635;-15.8018168280114;-2.20022252411125;-13.7164428989242;9.80806919822324
3844;794;3841;121;129;-16.5069760566918;-15.4083637680237;-14.1090807838934;-12.4639247888573;-2.98619501282864;-15.8138288761319;-2.20873569188817;-13.7139315224764;9.79999018010878
3864;795;3858;121;129;-16.5158083869313;-15.4171960982632;-14.117913114133;-12.4553653763849;-2.98577832666402;-15.8226612063714;-2.20988513869621;-13.7138144019462;9.79919647118455
3884;795;3880;121;129;-16.5271808652346;-15.4285685765665;-14.1292855924363;-12.4496434213289;-2.98906151279856;-15.8340336846747;-2.21363634912879;-13.7219856488433;9.8290889907365
3905;796;3897;121;129;-16.5359246106774;-15.4373123220093;-14.138029337879;-12.4415800484553;-2.98862296390142;-15.8427774301175;-2.21714551190404;-13.7276910184184;9.8540199595605
3928;797;3921;121;129;-16.5482040045847;-15.4495917159166;-14.1503087317863;-12.4538594423626;-2.98496204426184;-15.8550568240247;-2.22222168545638;-13.7367655471518;9.88339859236014
3949;803;3941;121;131;-16.55837955439;-15.4597672657219;-14.1604842815916;-12.4640349921679;-2.98495711827214;-15.8652323738301;-2.22972027314618;-13.7631725271005;9.88263753807003
3969;808;3958;123;133;-16.566988252325;-15.4683759636569;-14.264403159331;-12.5780042057607;-2.98455668913894;-15.8738410717651;-2.22345931664536;-13.8108739045723;9.85783188915028
3989;811;3980;123;133;-16.578074196557;-15.4794619078889;-14.2754891035629;-12.5707410113245;-2.98554720270554;-15.884927015997;-2.22719721863791;-13.8138630031914;9.88688205456616
4000;812;3998;123;133;-16.5870990301207;-15.4884867414526;-14.2845139371266;-12.5617473393855;-2.98453791045356;-15.8939518495607;-2.2279418002485;-13.8165932782922;9.90375473020139
4020;815;4013;123;133;-16.5945887405338;-15.4959764518657;-14.1966934677355;-12.5515374726993;-2.98647634567004;-15.9014415599739;-2.22954909478517;-13.8147342159931;9.91296373544598
4040;819;4039;123;133;-16.6075048311268;-15.5088925424587;-14.2096095583285;-12.5131602689047;-2.98943718353236;-15.9143576505669;-2.23315307085542;-13.8191389385549;9.9505106766388
4060;822;4056;123;133;-16.615905090542;-15.5172928018739;-14.2180098177437;-12.5215605283199;-2.98792000629023;-15.9227579099821;-2.23173971999167;-13.8196191268011;9.97534774993669
4080;824;4077;124;133;-16.6262334056385;-15.5276211169704;-14.2283381328401;-12.5318888434164;-2.99057705089005;-15.9330862250786;-2.23107980781269;-13.8358009873456;10.00145083452
4101;825;4091;124;133;-16.6330894358588;-15.5344771471907;-14.2351941630604;-12.5387448736367;-2.99089351900852;-15.9399422552989;-2.23327047736873;-13.8405711846436;10.0204771732795
4121;825;4117;124;133;-16.6457600435398;-15.5471477548717;-14.2478647707414;-12.5514154813177;-2.98727763468289;-15.9526128629799;-2.23757920938328;-13.8491432233716;10.0532366469557
4143;825;4141;124;133;-16.6573851670911;-15.558772878423;-14.2594898942928;-12.563040604869;-2.98168165251905;-15.9642379865312;-2.24219066502164;-13.8578845035892;10.081412315439
4163;829;4168;124;136;-16.6703831668664;-15.5717708781983;-14.272487894068;-12.6450314761313;-2.98609809075501;-15.9772359863065;-2.24249685980375;-13.8947787423235;10.0525936546695
4183;829;4184;124;136;-16.6780460114895;-15.5794337228214;-14.2801507386911;-12.6526943207544;-2.98205349343141;-15.9848988309296;-2.24405147615432;-13.8985920623864;10.0668983740976
4203;830;4197;124;136;-16.6842505266672;-15.5856382379991;-14.2863552538688;-12.658898835932;-2.98507155821705;-15.9911033461072;-2.24665977340325;-13.9018837011057;10.0752489738856
4223;833;4218;125;136;-16.6942327220774;-15.5956204334093;-14.2963374492791;-12.6688810313423;-2.98975764083405;-16.0010855415175;-2.2517863698164;-13.9202473530539;10.0939009683677
4244;838;4248;125;136;-16.7084071258436;-15.6097948371754;-14.3105118530452;-12.6830554351084;-2.99235011960607;-16.0152599452836;-2.25660443541461;-13.915248367122;10.0545387893761
4264;843;4270;126;136;-16.7187382124453;-15.6201259237772;-14.320842939647;-12.6756869446108;-2.99322348051166;-16.0255910318854;-2.25515472565268;-13.9203209004548;10.0163739009795
4285;844;4282;126;137;-16.7243509382993;-15.6257386496311;-14.3264556655009;-12.6989992475641;-2.99465974078597;-16.0312037577393;-2.25439244891431;-13.9343172642352;10.0179123297224
4306;847;4296;126;137;-16.7308792723774;-15.6322669837093;-14.332983999579;-12.6878280045429;-2.99181356879656;-16.0377320918175;-2.25841985902599;-13.9288669704518;10.0033771097424
4326;851;4312;126;137;-16.7383142251777;-15.6397019365096;-14.3404189523793;-12.6439696629556;-2.98992151194791;-16.0451670446177;-2.26652017976218;-13.9268792277563;9.99827443653322
4347;853;4335;126;137;-16.7489537784293;-15.6503414897612;-14.2640471286413;-12.6546092162072;-2.99130329217398;-16.0558065978693;-2.26905103028994;-13.9299398154874;9.99396906304717
4369;858;4361;126;137;-16.7609133356855;-15.6623010470174;-14.2760066858975;-12.6665687734634;-2.99094841107793;-16.0677661551256;-2.26432210553953;-13.918890701508;9.9682303807562
4392;860;4379;126;138;-16.7691513336028;-15.6705390449347;-14.2842446838148;-12.6748067713807;-2.99103116485708;-16.0760041530429;-2.26593185564819;-13.9352194650581;9.97197575625945
4412;862;4403;126;138;-16.7800828115115;-15.6814705228434;-14.2951761617235;-12.6857382492894;-2.99280713256202;-16.0869356309516;-2.27245910741667;-13.9432869743274;10.000345197047
4432;866;4425;126;140;-16.7900511148841;-15.691438826216;-14.3051444650961;-12.7125136709783;-2.99367444786997;-16.0969039343241;-2.26630429135121;-13.9561687856568;9.94238244499831
4452;867;4447;126;140;-16.7999699810214;-15.7013576923533;-14.3150633312334;-12.7224325371157;-2.99251175624795;-16.1068228004614;-2.26898193013729;-13.9624917856451;9.96446338738207
4472;870;4471;126;140;-16.810734752468;-15.7121224637999;-14.32582810268;-12.6836003674229;-2.99825678817111;-16.117587571908;-2.27043882173474;-13.9644150676481;9.98341239651262
4492;875;4489;127;140;-16.8187704775639;-15.7201581888958;-14.3338638277759;-12.6916360925188;-3.00128586931958;-16.1256232970039;-2.26686313355278;-13.9750867318007;10.0009181225969
4500;876;4497;127;141;-16.8223315735414;-15.7237192848733;-14.3374249237534;-12.7279870113193;-3.00183944423318;-16.1291843929815;-2.26448089483006;-13.9845863422893;9.98978709428739
4520;880;4509;127;141;-16.8276613568422;-15.7290490681741;-14.3427547070542;-12.7005269717971;-3.00318312889563;-16.1345141762822;-2.26909170259473;-13.9810202401011;9.98742119473005
4541;886;4535;127;141;-16.8391607250985;-15.7405484364304;-14.3542540753105;-12.7120263400534;-3.0027794829629;-16.1460135445385;-2.27153102376436;-13.9731670756517;9.96725497134517
4561;889;4554;127;141;-16.8475224932474;-15.7489102045793;-14.3626158434594;-12.7043877668558;-2.99832187263631;-16.1543753126874;-2.26879173347472;-13.9643549768519;9.94938850705986
4584;890;4576;127;141;-16.8571610661193;-15.7585487774512;-14.3722544163313;-12.6982779827596;-2.99716100716583;-16.1640138855593;-2.27011136626925;-13.9668787768236;9.96496461440354
4605;892;4589;127;141;-16.8628348287897;-15.7642225401216;-14.3779281790017;-12.70395174543;-2.99599732700399;-16.1696876482297;-2.27049884532721;-13.9671806257056;9.98221698762026
4626;896;4614;127;141;-16.8737008774674;-15.7750885887993;-14.3887942276794;-12.7148177941077;-2.99229397063101;-16.1805536969075;-2.26998890098008;-13.9602426942919;9.96059381431323
4646;900;4638;127;141;-16.884077035631;-15.7854647469628;-14.3191276781694;-12.7096897657353;-2.99397862067611;-16.190929855071;-2.27507318257066;-13.9626252647415;9.9889440900869
4670;904;4660;128;141;-16.8935414542394;-15.7949291655713;-14.4086348044514;-12.7346583708797;-2.99479329770505;-16.2003942736794;-2.27471537618708;-13.9746890529385;9.98365021840105
4693;907;4686;129;141;-16.9046692381355;-15.8060569494674;-14.3397198806739;-12.7457861547758;-2.99921560481191;-16.2115220575755;-2.271961034277;-13.9852743551689;10.0010509770662
4715;913;4705;130;141;-16.912762104039;-15.8141498153709;-14.3478127465774;-12.7538790206793;-2.99968573031278;-16.219614923479;-2.27200080425644;-13.9996559693015;10.0285707445702
4735;915;4731;131;141;-16.9237837512623;-15.8251714625942;-14.3588343938008;-12.7649006679026;-3.00595490051107;-16.2306365707024;-2.26896545480094;-14.0140116211762;10.056812127482
4756;917;4748;131;141;-16.9309575114591;-15.832345222791;-14.3660081539976;-12.7720744280994;-3.00837979498076;-16.2378103308992;-2.27071452387005;-14.0178708458314;10.0821464740513
4777;919;4768;131;141;-16.9393644174904;-15.8407521288223;-14.3744150600288;-12.7727292408627;-3.00544435347661;-16.2462172369304;-2.27330044706111;-14.0189664957072;10.0850961333626
4800;925;4793;133;141;-16.9498235983193;-15.8512113096512;-14.4649169485313;-12.7909405149596;-3.00368485796992;-16.2566764177593;-2.27410642899232;-14.0461168743976;10.111799650428
4821;928;4821;133;141;-16.9614733088112;-15.8628610201431;-14.4765666590232;-12.8025902254516;-3.00132921571155;-16.2683261282513;-2.27403485822472;-14.0496250669629;10.1494209180882
4842;929;4832;133;141;-16.9660314792293;-15.8674191905612;-14.4811248294413;-12.8071483958696;-3.00031372102833;-16.2728842986694;-2.27537765353729;-14.0481447646782;10.1380857828162
4862;935;4854;136;141;-16.9751167725731;-15.876504483905;-14.4902101227851;-12.8162336892134;-3.00106177293429;-16.2819695920131;-2.27586801371359;-14.0862478684029;10.158264881799
4882;937;4881;136;141;-16.9862107917743;-15.8875985031062;-14.5013041419863;-12.8273277084146;-3.0011009294299;-16.2930636112144;-2.27575980626653;-14.0858126346634;10.1713355454364
4902;939;4902;136;141;-16.9947971281761;-15.896184839508;-14.5098904783881;-12.8051423861497;-3.00143415182304;-16.3016499476162;-2.27809769956733;-14.0881669565078;10.2035887401676
4922;940;4919;136;141;-17.0017210735907;-15.9031087849226;-14.5168144238027;-12.8120663315643;-3.00470178908948;-16.3085738930307;-2.28011316013859;-14.0885309345963;10.1951645883845
4942;941;4945;137;141;-17.0122644881136;-15.9136521994455;-14.5273578383256;-12.837877218218;-3.00704803812553;-16.3191173075537;-2.28141885476943;-14.1075349605236;10.2193285407669
4962;942;4965;137;141;-17.0203371529585;-15.9217248642904;-14.5354305031705;-12.8459498830629;-3.00785783415359;-16.3271899723986;-2.28588418193624;-14.1140311643532;10.2403135534636
4982;945;4983;137;141;-17.0275747965628;-15.9289625078947;-14.5426681467748;-12.8080670913867;-3.00876998766968;-16.3344276160029;-2.28724081390871;-14.1113958827313;10.2294416332799
5002;953;5001;137;141;-17.0347863428378;-15.9361740541697;-14.5498796930498;-12.8152786376617;-3.01146193531864;-16.3416391622779;-2.28375867013151;-14.098899835193;10.2188918929214
5022;957;5027;137;141;-17.0451573273852;-15.946545038717;-14.4802079699236;-12.8110508227879;-3.01104310782872;-16.3520101468252;-2.28336393113674;-14.1001283792741;10.2499100075992
6000;1074;5992;138;141;-17.3963610503941;-16.0100666892742;-14.5059892924979;-12.8320128589263;-3.03317947434803;-16.297748761726;-2.4044565117973;-14.1819383099618;10.8934320731284
6500;1122;6477;138;141;-17.5520254383658;-16.1657310772459;-14.5562931648118;-12.8424952370535;-3.03947130067361;-16.4534131496977;-2.45574104774086;-14.2154512086405;11.158313765809
7000;1166;6977;138;141;-17.7007486078785;-16.0913106954444;-14.5226947775305;-12.8724348705762;-3.03609403757184;-16.6021363192104;-2.48778839113601;-14.2377364890627;11.3689036548465
9000;1336;9020;138;141;-18.2143992261133;-16.1349576844335;-14.6590511646239;-12.8720649741485;-3.0453897465346;-17.1157869374452;-2.61277477188727;-14.2873706336911;11.9229745128578
10000;1410;10038;138;141;-18.4282663404298;-16.1256812474357;-14.6440767065115;-12.8523172372834;-3.05050025736694;-17.0419719793099;-2.65210678582521;-14.2832390894462;11.9856821474264
10500;1444;10565;138;141;-18.5306038601003;-16.2280187671063;-14.6594028491924;-12.8676433799644;-3.06108363433053;-17.1443094989804;-2.67474738143384;-14.2871654496899;12.0118132854886
12000;1531;11997;138;141;-18.7848237950299;-16.2198744375683;-14.6904792328078;-12.8659299407567;-3.05638772028358;-17.39852943391;-2.73869342880499;-14.3181442113543;12.301245477873
14000;1647;13913;138;141;-19.0811578676838;-16.1907861097876;-14.6991312330099;-12.8867524765791;-3.04997625299828;-17.6948635065639;-2.82902156629468;-14.3681057681181;12.7355567148071
15000;1712;14951;138;141;-19.2250669324279;-16.3346951745317;-14.7477301179496;-12.8900126809298;-3.04463988173344;-17.838772571308;-2.87825743310615;-14.4036185291496;13.071732502711
15500;1734;15442;138;141;-19.2896926977375;-16.2939604241835;-14.7679041206885;-12.8795178157714;-3.04468038331778;-17.9033983366176;-2.899159534413;-14.4125436152211;13.1387452441712
16500;1779;16502;138;141;-19.4224737293286;-16.3779512916052;-14.7877447410989;-12.8857821317373;-3.04208843207125;-18.0361793682087;-2.9484195810181;-14.4496829567073;13.4545172391484
17000;1806;17028;138;141;-19.4852286538961;-16.4407062161727;-14.8030974267719;-12.8949276056994;-3.03399431642582;-18.0989342927762;-2.97071886489562;-14.4674594884585;13.595132185827
17500;1836;17535;138;141;-19.5439083251486;-16.3658544948006;-14.8077098767541;-12.8846144054649;-3.03909466664265;-17.4644667834687;-2.99090423976328;-14.4620737880367;13.5942158294457
18000;1863;17992;138;141;-19.5953649872783;-16.4173111569304;-14.8078732444963;-12.8909506323142;-3.03882642305861;-17.5159234455985;-3.00974621850055;-14.465968720701;13.7119932497946
18500;1889;18494;138;141;-19.6504032682752;-16.3923067302537;-14.8141213613237;-12.8796138443662;-3.04245846953791;-17.5709617265953;-3.01965448446331;-14.4630486835749;13.7060591869104
19000;1918;19008;138;141;-19.7052304443247;-16.3730259341495;-14.7999556658863;-12.8939860657234;-3.04379137086941;-17.6257889026449;-3.03550428882662;-14.4534525382652;13.6199439751222
20000;1969;20016;138;141;-19.8085744654134;-16.3745872609282;-14.7979391713171;-12.9008191864312;-3.04542311220237;-17.7291329237335;-3.06589333049418;-14.4567090045308;13.7257012549614
20500;1986;20526;138;141;-19.8588953084113;-16.3931594056116;-14.8090393011618;-12.8909861066094;-3.04196189898794;-17.7794537667315;-3.07283983184825;-14.4624043811062;13.8403000345014
21000;2016;21032;138;141;-19.9076007328194;-16.3812402082033;-14.7956129444629;-12.8990955507372;-3.03784727710986;-17.8281591911396;-3.09682811183282;-14.4611681843075;13.8406905056688
23000;2087;23066;138;141;-20.0922299015718;-16.4033504474578;-14.8039628708772;-12.8888243804887;-3.0298619596921;-18.0127883598919;-3.14435816094026;-14.4793257388897;14.1313081793589
23500;2113;23594;138;141;-20.1374954428036;-16.3998258245202;-14.7903879120861;-12.8882803856892;-3.03162074469557;-18.0580539011237;-3.15746058387376;-14.4772737015011;14.1718553515809
24000;2133;24118;138;141;-20.1814274573271;-16.3972378234088;-14.7877999109747;-12.8789310335998;-3.0333451709062;-18.1019859156472;-3.16776869506518;-14.4809445623164;14.2533851006871
25000;2169;25123;138;141;-20.2630780804058;-16.391877069498;-14.820660369884;-12.8828222919794;-3.02466393428344;-18.183636538726;-3.19776889396595;-14.4994179573794;14.4375190100861
25500;2190;25612;138;141;-20.3016325412774;-16.4304315303695;-14.8209936179354;-12.8870596599268;-3.02334420144213;-18.2221909995976;-3.21009602686148;-14.4987639803307;14.423582448366
26000;2209;26134;138;141;-20.3419848550982;-16.42996184967;-14.8085953663707;-12.8977362056015;-3.02600332762869;-18.2625433134183;-3.22655868645521;-14.5065187726672;14.5180332375822
27500;2269;27584;138;141;-20.4499823469268;-16.4246306561917;-14.8151927437576;-12.9056502388732;-3.02380485375649;-18.1473972539328;-3.25975538723347;-14.5112065453245;14.6289074613581
28500;2300;28591;138;141;-20.5216945239389;-16.4273499617168;-14.8279623851362;-12.9197925640637;-3.01321747518493;-18.2191094309448;-3.28285197232508;-14.5241548877538;14.7160811435593
29500;2340;29637;138;141;-20.5935577194252;-16.4504229930336;-14.8252367236314;-12.9073954159323;-3.005578817892;-18.2909726264311;-3.30869390293853;-14.5237733718696;14.670571723914
30000;2365;30123;138;141;-20.6260885570951;-16.4672054737354;-14.8269959026346;-12.902083900419;-3.00905569752144;-18.323503464101;-3.33546315393675;-14.5255418188788;14.6826347678439
30500;2379;30591;138;141;-20.6569222540647;-16.482534984169;-14.8279766364545;-12.9041574452133;-3.00727724021134;-18.3543371610706;-3.3514901079567;-14.5354415007737;14.7605882884898
31000;2394;31097;138;141;-20.6897332609839;-16.4702255558078;-14.8119974792043;-12.9127788576615;-3.00640415619903;-18.2048266111959;-3.35743425668553;-14.5340561425731;14.7327699040635
31500;2412;31600;138;141;-20.72182479915;-16.4733295571006;-14.8110281551095;-12.9151284266288;-3.00650998151952;-18.0827674695347;-3.36641840999275;-14.5309708459542;14.7220155894884
32000;2433;32105;138;141;-20.7535341204563;-16.4768680014402;-14.8133628677359;-12.9104701037642;-3.00687910288991;-18.114476790841;-3.37677900526718;-14.5254603810823;14.6887092322968
32500;2455;32597;138;141;-20.7839510771608;-16.5072849581448;-14.8178043380371;-12.9107340222981;-3.00299227958036;-18.1448937475455;-3.39809913570616;-14.5316315919004;14.7552602289381
33000;2468;33062;138;141;-20.8122797312259;-16.4815463909396;-14.8233183143361;-12.9112726792335;-3.00274870117756;-18.1732224016107;-3.40582269297118;-14.5371301878911;14.8115400885118
34000;2509;34040;138;141;-20.8705831653746;-16.4885565307007;-14.8351017328499;-12.9162108928428;-3.00431070447817;-18.2315258357594;-3.4342855820893;-14.5453835650501;14.9333628009153
34500;2524;34568;138;141;-20.9013673552235;-16.4705505563802;-14.8329417669794;-12.9152024948908;-3.00575802618483;-18.2623100256083;-3.44223410464087;-14.5467439862748;14.9630791920999
35000;2533;35082;138;141;-20.9308869148075;-16.5000701159641;-14.8350623523752;-12.9112741204072;-3.00726400706132;-18.2918295851922;-3.44800186066837;-14.5476366705363;14.9821716339143
35500;2550;35644;138;141;-20.9626722174652;-16.462862547135;-14.8401794079508;-12.9091030483307;-3.00726107795731;-18.32361488785;-3.45694614830889;-14.5490510004622;15.0174119482147
36500;2588;36659;138;141;-21.0188284866696;-16.4755337043996;-14.8326198627691;-12.9027100550602;-3.00657513907201;-18.3797711570543;-3.47548789407449;-14.5444240759565;15.000625897668
37000;2612;37176;138;141;-21.0468373415296;-16.4824891500618;-14.8322292431074;-12.9007078315042;-3.0088782304541;-18.4077800119144;-3.49755381881346;-14.5436044128846;15.0428388669671
37500;2635;37688;138;141;-21.0741940407598;-16.4690238547717;-14.8242187985003;-12.8986464447387;-3.00678459686217;-18.4351367111445;-3.51598751778386;-14.5416918196852;15.0351969411923
38000;2651;38209;138;141;-21.1016527378782;-16.4572618387368;-14.828775731332;-12.8964343114828;-3.006984514601;-18.0571303001548;-3.52540324031314;-14.5413257339374;15.0313731755251
38500;2665;38710;138;141;-21.1277064871434;-16.483315588002;-14.8287572402874;-12.8997966495459;-3.00905090775986;-18.08318404942;-3.52855014766722;-14.5404431004327;15.0599408030826
39000;2685;39199;138;141;-21.1528130304982;-16.4706818033739;-14.8230921249755;-12.8995853849164;-3.01090344603987;-17.8569761644938;-3.53715057519472;-14.5412396841239;15.0924415228413
40000;2724;40227;138;141;-21.2045873818955;-16.4860885106004;-14.8329755346636;-12.8941723877072;-3.00882073074128;-17.8033900002333;-3.56298986114472;-14.5493403352193;15.1923061538989
40500;2733;40749;138;141;-21.2303731569812;-16.485441028618;-14.8367824030306;-12.8939826763896;-3.00814786395798;-17.829175775319;-3.56760280129982;-14.554008574977;15.2443496071494
41000;2748;41228;138;141;-21.2537458323134;-16.4746223392018;-14.837013549801;-12.8960174155482;-3.00867164134257;-17.8525484506512;-3.57525199922942;-14.552747209095;15.2693696528212
41500;2764;41739;138;141;-21.27838244502;-16.4908907022379;-14.8374359043871;-12.8963219275952;-3.00792730409714;-17.8771850633578;-3.58897393283766;-14.5543508672816;15.3116061438783
42000;2779;42231;138;141;-21.3018196549922;-16.5143279122101;-14.8341209288878;-12.9034099995659;-3.00325530338901;-17.90062227333;-3.59965001346776;-14.5582920244501;15.3428610075606
42500;2791;42697;138;141;-21.3237678782746;-16.5279773326778;-14.8376070893305;-12.9008853663296;-3.00122579049707;-17.9225704966124;-3.61048097836928;-14.5645867378311;15.4022199089202
43000;2808;43187;138;141;-21.346589606038;-16.5103076990865;-14.8370758672906;-12.8912718183398;-3.00252002923477;-17.9453922243758;-3.61805578307199;-14.5653170776746;15.4398218682928
43500;2826;43709;138;141;-21.3706186190714;-16.5030841686158;-14.8295886198815;-12.8973773151844;-3.00290206994673;-17.9694212374093;-3.63234177196934;-14.555885656042;15.3016165706402
44000;2841;44232;138;141;-21.3944075760355;-16.4965677760846;-14.8249271391598;-12.8994599935666;-3.0044312758214;-17.9932101943734;-3.63863316590214;-14.5556081298674;15.3138548500326
46000;2896;46178;138;141;-21.4805175463579;-16.5037838039373;-14.8276545170046;-12.9067550034538;-3.00504468604047;-18.0793201646957;-3.66444026228102;-14.5575728331347;15.4055205097852
46500;2907;46688;138;141;-21.502484902645;-16.5052726288809;-14.8380758822946;-12.90500288;-3.00581673952076;-18.1012875209829;-3.67345421087402;-14.5627465623931;15.456323341495
47000;2920;47208;138;141;-21.524637297474;-16.4941993760816;-14.8337950200554;-12.9034445160393;-3.00813082481731;-18.1234399158119;-3.68083218681514;-14.5640275453404;15.4929257191407
47500;2933;47688;138;141;-21.5448701457995;-16.5079175433859;-14.8294867594648;-12.902278544989;-3.00929783133888;-18.1436727641374;-3.69024386111089;-14.5633362899134;15.4695238032058
48000;2946;48179;138;141;-21.5653570409065;-16.4964528386863;-14.8319551490692;-12.899743844372;-3.00968159548842;-18.1641596592444;-3.69481760238279;-14.562749465555;15.4754746908017
49000;2971;49120;138;141;-21.604043125642;-16.5164467904097;-14.8241212181698;-12.9018652600124;-3.00874445513854;-18.2028457439799;-3.70655781371852;-14.5656138680821;15.5268562464387
50000;2998;50179;138;141;-21.6467037829271;-16.5109053458769;-14.8310637928528;-12.9092511953766;-3.00788177024026;-18.245506401265;-3.7295869264193;-14.5713045825701;15.5724881114363
50500;3012;50649;138;141;-21.6653495322906;-16.5236859757879;-14.8323177995044;-12.9012962629428;-3.00796312364578;-17.9764700781767;-3.73776334076394;-14.5692231501695;15.5408523560478
51000;3020;51127;138;141;-21.6841360247687;-16.5136520297305;-14.8393205455604;-12.9073516410672;-3.00650533195344;-17.9952565706548;-3.74437449286103;-14.5749869061011;15.584016120903
51500;3040;51635;138;141;-21.703910032211;-16.5221264819189;-14.8364561854949;-12.9121200078916;-3.00738223416831;-18.0150305780971;-3.75044287728887;-14.5753174100089;15.6012132479344
52000;3050;52071;138;141;-21.720726901778;-16.5277700508878;-14.8336847946804;-12.9078834682608;-3.00773156956353;-18.031847447664;-3.75521064181094;-14.5736637212276;15.6177171537129
53000;3072;53077;138;141;-21.7589979367724;-16.5278893199178;-14.8294811660088;-12.9024794397526;-3.00860767189968;-18.0701184826585;-3.77000342447151;-14.5707163186182;15.564051017704
55000;3108;55123;138;141;-21.8346446618237;-16.5165246679794;-14.8279494349866;-12.9040181926501;-3.00755843871728;-18.1457652077097;-3.79171518677194;-14.5713839362409;15.6132354219858
55500;3124;55614;138;141;-21.8523804942078;-16.510046242243;-14.8295124081251;-12.9107041888476;-3.00741622451674;-18.1635010400938;-3.79893944805218;-14.5715334798031;15.6135012016996
56000;3137;56097;138;141;-21.8696752282901;-16.5130889536181;-14.8256423310155;-12.9026811149457;-3.00859559526371;-18.1807957741762;-3.8092035946633;-14.5695565989821;15.5650393230708
56500;3149;56575;138;141;-21.8866449410035;-16.5113665333193;-14.8313320976637;-12.9019512505596;-3.00719938740376;-18.1977654868895;-3.81688747074617;-14.5715715686098;15.6004859403029
57000;3163;57070;138;141;-21.9040677270615;-16.5104401807091;-14.8278363873503;-12.8995222680649;-3.00666370634928;-18.2151882729476;-3.82250050686012;-14.570522701689;15.612136474161
58000;3177;58052;138;141;-21.9381888791805;-16.5265428273255;-14.829944739449;-12.9047050245672;-3.00457223366544;-18.0261658737524;-3.82752176442426;-14.5757211684496;15.6776833390156
58500;3192;58570;138;141;-21.9559557981677;-16.5266101692132;-14.8266582492383;-12.9050802008425;-3.00568604886428;-18.0439327927395;-3.83632321618737;-14.5776472638372;15.7003091205182
59500;3213;59589;138;141;-21.9904525445221;-16.5351314291644;-14.8315501985991;-12.9062424496902;-3.00679001539307;-18.078429539094;-3.8453940064281;-14.579354565357;15.7280686324386
60000;3222;60082;138;141;-22.006931149664;-16.5346604759926;-14.8314426068307;-12.9070755108631;-3.00733052369069;-18.0949081442359;-3.8490756514147;-14.5812064208317;15.7552497074844
61000;3238;61135;138;141;-22.0416796251566;-16.5404214146119;-14.8382741040735;-12.9103824605209;-3.00822442776824;-18.1296566197284;-3.8554252068052;-14.5851569109321;15.8140197764972
62000;3261;62113;138;141;-22.0734211715752;-16.5439920840638;-14.8363621454505;-12.9115360198684;-3.00922031458829;-18.1613981661471;-3.86988248647396;-14.5876683682818;15.8360033838209
62500;3268;62613;138;141;-22.0894564065197;-16.5600273190083;-14.842375821934;-12.9124660142251;-3.00776732093307;-18.1774334010916;-3.8753049975029;-14.592108497179;15.8815179449303
65500;3321;65601;138;141;-22.1826924374369;-16.5732206422519;-14.8477124733898;-12.9174851640198;-3.00655519805953;-18.2706694320087;-3.90656748350807;-14.6031974481029;16.095667760691
66000;3328;66127;138;141;-22.1986648288998;-16.5638752257305;-14.8497581340962;-12.9113634157875;-3.00458760882393;-18.1913316436673;-3.90859102652192;-14.6041619846385;16.1108634489108
66500;3332;66634;138;141;-22.2139404735457;-16.5720334026076;-14.8462319011713;-12.9122979431627;-3.00469596579917;-18.2066072883132;-3.91000056727671;-14.6079844683641;16.1653263743306
67000;3343;67144;138;141;-22.2291896915253;-16.5731978807055;-14.8514307832975;-12.9107126609446;-3.00295223614191;-18.2218565062929;-3.91574032330976;-14.6110269738287;16.2031377144827
67500;3349;67633;138;141;-22.2437026171949;-16.5807421370589;-14.8522881427208;-12.914335538797;-3.00187801650759;-18.2363694319624;-3.92440987866662;-14.6153207655918;16.2400621893512
69000;3376;69057;138;141;-22.2853750590278;-16.5849314856371;-14.8588259866305;-12.9083345111606;-3.00212593061402;-18.2780418737953;-3.93951193897237;-14.623149346396;16.3270938311751
71000;3413;71139;138;141;-22.3447819772284;-16.5764609814347;-14.8657647455531;-12.9143426841243;-3.00277224674895;-18.337448791996;-3.96255955472378;-14.6266368021348;16.3418082940248
72000;3433;72095;138;141;-22.3714799454815;-16.5876547631518;-14.8648881654107;-12.9207849854607;-3.0009022807946;-18.364146760249;-3.97544791033328;-14.6308989446259;16.3951740220428
72500;3444;72580;138;141;-22.3848893615341;-16.5797543926176;-14.8630301093325;-12.9180480345897;-3.00110416484468;-18.3775561763017;-3.97531793820417;-14.6272390444678;16.3777611913496
74500;3481;74670;138;141;-22.4416673680595;-16.583734213576;-14.8660827165017;-12.9199528113747;-2.99950358192087;-18.434334182827;-3.99876055337067;-14.635673804992;16.484831423286
75000;3492;75198;138;141;-22.4557598276792;-16.5921286520811;-14.870986750067;-12.9205138554532;-3.00033062118746;-18.4484266424467;-4.00364945974851;-14.636122516214;16.4985118028828
76000;3515;76220;138;141;-22.4827583488557;-16.5883555145909;-14.8741357970697;-12.9185971019237;-2.99980139794124;-18.4754251636232;-4.01562695621973;-14.6374645119677;16.5176348073123
77000;3535;77210;138;141;-22.5085685226057;-16.5789793792158;-14.8732646363463;-12.9186964245479;-3.00066960372485;-18.5012353373733;-4.0238366200076;-14.6361332624251;16.5097417616749
77500;3543;77703;138;141;-22.521298291298;-16.5864040956784;-14.8678033816367;-12.9228424495488;-3.00153147426442;-18.5139651060655;-4.02462393698275;-14.6335590690649;16.5052149562259
78000;3550;78185;138;141;-22.5336661845552;-16.5804228502674;-14.8646380050434;-12.9205309330268;-3.00108195255727;-18.5263329993228;-4.0297945306457;-14.6331916574029;16.5012654749791
79000;3565;79215;138;141;-22.5598419076183;-16.5809561427172;-14.8661326320946;-12.921622832697;-3.00094936821128;-18.4654973453962;-4.03796879969569;-14.6332703182729;16.5112901630335
79500;3570;79709;138;141;-22.5722755637318;-16.583314146842;-14.8731129660929;-12.924777636915;-3.00259184211619;-18.4779310015097;-4.04290259842202;-14.6369278668815;16.5544141925784
81000;3596;81201;138;141;-22.6093656826897;-16.6005524972472;-14.8774349607413;-12.9225427153701;-3.00068705875832;-18.4349784127941;-4.05890964517923;-14.6422636947388;16.6449903665647
81500;3605;81701;138;141;-22.6216430413505;-16.5981954483895;-14.8766402378347;-12.9185595531591;-3.00091582202356;-18.3731477993012;-4.06066844433867;-14.6433532886361;16.6784900109656
82000;3615;82217;138;141;-22.6342347446271;-16.5939800333497;-14.8797531971567;-12.9192477999616;-3.00141651029595;-18.3857395025777;-4.06293440780356;-14.6411631278302;16.6638539354651
82500;3618;82694;138;141;-22.6458046539785;-16.5913653077091;-14.881084109207;-12.9180404742081;-3.00206030522201;-18.3973094119291;-4.06363942838507;-14.6420707931421;16.6861654960117
83000;3626;83149;138;141;-22.6567789161811;-16.588353327937;-14.8743885805936;-12.9187558033725;-3.00270406055013;-18.4082836741317;-4.06855032794645;-14.6416428067421;16.6908586413207
84000;3645;84139;138;141;-22.6804509442405;-16.5846263818082;-14.8725343153141;-12.9157657945848;-3.00229024571292;-18.4319557021911;-4.07969786275907;-14.6423118063122;16.7304551113653
85500;3661;85687;138;141;-22.7169128022617;-16.5944199927473;-14.8730641641092;-12.9167877627207;-3.0028008726025;-18.4684175602123;-4.0870378847479;-14.6414368606923;16.6626059233183
86000;3667;86201;138;141;-22.7288741150251;-16.5933092239434;-14.8748810278009;-12.9138899610804;-3.00332068212776;-18.4803788729758;-4.09050172643042;-14.6419907273647;16.667995472618
86500;3673;86710;138;141;-22.7406489927424;-16.5773341887078;-14.8712472801653;-12.9130710343066;-3.00304419108986;-18.4921537506931;-4.09163998535445;-14.6347660058035;16.5017767178994
87000;3685;87226;138;141;-22.7525154611846;-16.5787293572827;-14.8717111165097;-12.9182708113906;-3.00406992190457;-18.5040202191352;-4.09681041437788;-14.6348848938367;16.4831433944906
88500;3709;88745;138;141;-22.7870447354449;-16.584509218257;-14.8698727465991;-12.9188735280363;-3.00197525111023;-18.3562279366016;-4.10958788867994;-14.6385053512736;16.5402708922793
90000;3734;90239;138;141;-22.8204339702204;-16.586023244502;-14.8773612529425;-12.9165464976629;-3.00008400864253;-18.3896171713771;-4.12115731826879;-14.6376421586618;16.5676110953914
90500;3742;90740;138;141;-22.8315071064359;-16.5912312612651;-14.8764328331732;-12.9155970339012;-2.99976666458848;-18.4006903075926;-4.13066074040146;-14.6385945936406;16.5849943614081
91000;3751;91227;138;141;-22.8422123697581;-16.5845447818755;-14.8766667966281;-12.9153013022784;-3.00061755744565;-18.4113955709148;-4.1351567073076;-14.639742235561;16.6150445810798
92000;3765;92232;138;141;-22.8641248418256;-16.5950285581193;-14.8779599814929;-12.9187758351945;-3.00141491407193;-18.4333080429823;-4.14241755277408;-14.6417484765787;16.6489960086114
92500;3771;92724;138;141;-22.8747652354432;-16.5962438112773;-14.8774384124451;-12.9178791061823;-3.00225468757491;-18.4439484365999;-4.14576841684251;-14.6425832005868;16.6558867185466
93000;3781;93251;138;141;-22.8861001226183;-16.59453098306;-14.876072649287;-12.9186054401079;-3.00206134278804;-18.455283323775;-4.14974169356369;-14.6431604609486;16.6652132768795
94000;3801;94262;138;141;-22.9076668363211;-16.581517363166;-14.874332820441;-12.9127402234682;-3.00295091918952;-18.4768500374778;-4.15292854018139;-14.638893066785;16.6471770932061
96000;3829;96339;138;141;-22.9512570004517;-16.5813560176234;-14.8752085016245;-12.91131732478;-3.00255121398246;-18.4514473301214;-4.16645897558161;-14.6411876629623;16.6815810211981
96500;3834;96872;138;141;-22.9622915968684;-16.5855646489698;-14.8743440422257;-12.9128871694321;-3.00350553126433;-18.4624819265381;-4.16865069976513;-14.6435015955044;16.7154562972645
98000;3865;98416;138;141;-22.9939173428963;-16.5837424609301;-14.8777989112869;-12.9143778465798;-3.00427467214807;-18.4295691514285;-4.18394338721952;-14.6447259118671;16.7696283273747
98500;3869;98910;138;141;-23.0039312494678;-16.5871989669554;-14.8780044467599;-12.9158330953342;-3.00581539128943;-18.4395830579999;-4.18738781338981;-14.6481563683172;16.8070660340424
99500;3887;99876;138;141;-23.0233693910682;-16.5936499130291;-14.8814524944552;-12.9104316143499;-3.00657100488744;-18.4590211996004;-4.19621598009899;-14.6503187149391;16.8466638431046
1e+05;3895;100392;138;141;-23.0336756035803;-16.5975252352109;-14.8811895278;-12.9092870122827;-3.00569569668887;-18.4693274121125;-4.19678400771843;-14.6499281931739;16.8461245103534
100500;3905;100876;138;141;-23.0432946375642;-16.5975748181786;-14.8799233211043;-12.9064756073264;-3.00637962283132;-18.4789464460964;-4.19811623895729;-14.6464284895211;16.7725851227614
103500;3953;103768;138;141;-23.099825834041;-16.6030508438552;-14.8772721956441;-12.9012834547237;-3.00626071509595;-18.5354776425732;-4.21647299598685;-14.6502141714927;16.8775693882303
104000;3962;104264;138;141;-23.1093628464211;-16.599104505898;-14.8775877054422;-12.9054003996345;-3.00637584590235;-18.4272316192969;-4.22008059323402;-14.6500883749834;16.8686247788225
104500;3972;104810;138;141;-23.1198089323284;-16.6065788214161;-14.8775791796063;-12.9047274872942;-3.00666959452943;-18.4376777052042;-4.22704579001879;-14.6519191421273;16.8949611389712
106500;4002;106840;138;141;-23.1581753344478;-16.6070949994044;-14.8741760301993;-12.9067811676648;-3.00780379543404;-18.4760441073236;-4.23625071541736;-14.6522593133818;16.8980391482292
107000;4011;107310;138;141;-23.1669542418423;-16.6059235759458;-14.8754077319584;-12.9121058401913;-3.00830669651433;-18.4848230147181;-4.24023301667908;-14.6510431772597;16.8646428662498
108000;4034;108315;138;141;-23.1855978551068;-16.603572716214;-14.8791256950062;-12.9093061367021;-3.00862303645676;-18.4493994067123;-4.25325940966114;-14.6520224973214;16.8811623565555
108500;4039;108820;138;141;-23.1949008400798;-16.6032271080712;-14.88055849671;-12.9107874694492;-3.00913948376759;-18.4587023916853;-4.25481269338996;-14.6509167095508;16.8468222694897
109000;4045;109325;138;141;-23.2041607525622;-16.6042902533494;-14.8778859651655;-12.9093070162975;-3.00907144620234;-18.4679623041677;-4.25746915427666;-14.6515178314249;16.8596619313427
109500;4049;109784;138;141;-23.2125401558989;-16.6045395306029;-14.8786692019708;-12.9105449758221;-3.00910594865351;-18.4250484131169;-4.26021119886961;-14.6537545981178;16.8734746452716
110000;4054;110310;138;141;-23.2220997259269;-16.6020265193965;-14.8825988229209;-12.912347385112;-3.00991021083524;-18.4346079831448;-4.26202823979851;-14.6541644571578;16.8742930105715
110500;4063;110819;138;141;-23.2313070374774;-16.597988604197;-14.8825324976861;-12.9067435293189;-3.00999239875506;-18.4438152946953;-4.26735518944091;-14.6535908541362;16.8842651336958
111000;4070;111307;138;141;-23.2400948567354;-16.5976080553682;-14.8840098257139;-12.9084027091216;-3.00912733076076;-18.4526031139534;-4.27332849763855;-14.6546065248161;16.9053883289162
111500;4079;111815;138;141;-23.2492019977216;-16.5976301241319;-14.8805088146238;-12.910496378928;-3.00959636357048;-18.4617102549396;-4.27723833941942;-14.6530845583637;16.906688660695
112000;4087;112329;138;141;-23.2583746885093;-16.5990807688257;-14.8827450614149;-12.9120941305991;-3.00993185777216;-18.4708829457273;-4.28195294535738;-14.6549627609692;16.9240611173894
112500;4097;112831;138;141;-23.2672928059686;-16.6028837856182;-14.8797528227792;-12.9106934918569;-3.01124788002216;-18.4798010631865;-4.28362774253045;-14.6505335765753;16.8439220897629
113500;4113;113843;138;141;-23.2851511703847;-16.5955519012057;-14.8823597484016;-12.9129733506853;-3.01022534809934;-18.4976594276026;-4.29094308304126;-14.6516046082862;16.8628068347057
114000;4120;114347;138;141;-23.2939859277282;-16.5944855875665;-14.8854921532353;-12.9080722259478;-3.00931009224281;-18.5064941849462;-4.29389288060773;-14.6528193426515;16.8861580690898
114500;4130;114849;138;141;-23.3027470021404;-16.5983326471763;-14.8829461567328;-12.9112010431922;-3.00954472777553;-18.5152552593583;-4.29697307300336;-14.6529634661781;16.9016012953838
115000;4137;115319;138;141;-23.310914960384;-16.5955315740494;-14.8792796573295;-12.9092919648984;-3.00949366912723;-18.4746330534326;-4.29851067232923;-14.6506093930239;16.8421503976778
116000;4152;116297;138;141;-23.3278050856344;-16.5991764725497;-14.8778206439116;-12.9085043678213;-3.01055159050124;-18.491523178683;-4.30274279774399;-14.6499256418788;16.8495975512907
116500;4157;116791;138;141;-23.3362825832257;-16.5981300886298;-14.8792642050769;-12.907179321451;-3.01087188876667;-18.5000006762743;-4.30461862884081;-14.6512518325958;16.871850545613
118000;4176;118264;138;141;-23.3613493851619;-16.59861987823;-14.8850824960202;-12.9108971622439;-3.0109747826224;-18.5250674782104;-4.31665379186055;-14.6551214274162;16.9363650289631
118500;4179;118706;138;141;-23.3688102538385;-16.5934441629021;-14.8874515154315;-12.9068504240691;-3.01094302155155;-18.532528346887;-4.31774630323781;-14.6540711578581;16.9165061220049
119000;4186;119223;138;141;-23.377501936041;-16.5953098800342;-14.8874751728988;-12.9064304259202;-3.01054580117078;-18.5412200290895;-4.32030909527086;-14.6551175652018;16.9341324743406
119500;4193;119711;138;141;-23.3856715674631;-16.6012145048254;-14.8845061422869;-12.9084962744043;-3.01030325892131;-18.5493896605116;-4.32157329730292;-14.6556887446196;16.9449898158484
121000;4209;121207;138;141;-23.4105102134503;-16.6070049558419;-14.88823002753;-12.9092031603116;-3.00975234218612;-18.5742283064988;-4.33077303609617;-14.6597158397235;16.9988683131552
121500;4215;121696;138;141;-23.418562821456;-16.6029228313816;-14.8819593134738;-12.9100764751366;-3.00953651983796;-18.5822809145045;-4.33232106031724;-14.6572338265269;16.9588045194585
126000;4269;126204;138;141;-23.4913098486161;-16.6160777613395;-14.8868386490928;-12.9096364806601;-3.00804164850487;-18.6085079260297;-4.36131931560588;-14.6625569809654;17.047764808652
126500;4274;126730;138;141;-23.4996282361522;-16.6080023391;-14.884219997239;-12.9085086837443;-3.00817805097036;-18.6168263135658;-4.36331406787747;-14.6626726723867;17.0671583641568
128000;4295;128276;138;141;-23.5238789430622;-16.6161236640801;-14.8876590452243;-12.9064616707836;-3.00740842105049;-18.4869263406486;-4.37225072236516;-14.6649933304416;17.1164943709675
129000;4309;129302;138;141;-23.5398120650888;-16.6201282152414;-14.8912398571305;-12.9119694048686;-3.00817813283034;-18.5028594626752;-4.37780541091414;-14.6668916907071;17.1609519222086
129500;4318;129799;138;141;-23.5474847581244;-16.616012952525;-14.8877508799261;-12.9131930338512;-3.00813964636039;-18.5105321557108;-4.38178829820739;-14.6658171536575;17.1523085300881
130000;4322;130308;138;141;-23.5553123160098;-16.6209151060812;-14.8883207595052;-12.9128441665706;-3.00773259675627;-18.5183597135962;-4.38360808401597;-14.6669804798446;17.1720938763055
131000;4344;131359;138;141;-23.5713786239796;-16.620563855537;-14.8888406292936;-12.9124735651574;-3.0080826153107;-18.4899742589951;-4.39020741847358;-14.6658674981473;17.1764677353969
131500;4351;131869;138;141;-23.5791285690942;-16.6244897042132;-14.890337784247;-12.9122217830128;-3.00769553632547;-18.4977242041097;-4.39417391871572;-14.6677659825882;17.2015505082278
132000;4356;132367;138;141;-23.5866672934109;-16.6263195643095;-14.8879862259492;-12.9127474976052;-3.00723285535717;-18.5052629284264;-4.3950449390162;-14.6689205788338;17.2207014038271
133000;4366;133364;138;141;-23.6016750219521;-16.628132002432;-14.8884217476314;-12.912575061184;-3.00619983015566;-18.4777110425489;-4.40044077095301;-14.6708976119006;17.2552926539113
134000;4379;134325;138;141;-23.616035031194;-16.6313187110758;-14.8934550100529;-12.9099855121121;-3.00789278399227;-18.4920710517908;-4.40783755549347;-14.6730633579638;17.3024088730773
136000;4402;136328;138;141;-23.6456380515745;-16.6245540872853;-14.8935308532451;-12.914341315235;-3.00962117911208;-18.4808520776509;-4.41597345545506;-14.6731881959472;17.3221431483701
136500;4407;136861;138;141;-23.6534421824332;-16.6305740963506;-14.8950297929755;-12.9123608449721;-3.00964405850145;-18.4886562085097;-4.41877917339647;-14.675103848143;17.3461162553181
137000;4412;137337;138;141;-23.6603860766725;-16.6295286005564;-14.8961765817337;-12.9111804824344;-3.009298235483;-18.495600102749;-4.41898251426079;-14.6748475589191;17.3581164090771
137500;4417;137816;138;141;-23.6673494822524;-16.6294435188052;-14.8938101106719;-12.911576527818;-3.0093562128564;-18.5025635083289;-4.4209470133739;-14.6767335543391;17.3836032571059
138500;4428;138749;138;141;-23.680843648751;-16.6333264273937;-14.8919453394061;-12.9099195305582;-3.00836403056619;-18.5160576748275;-4.42483561667876;-14.6767395988471;17.3937116319826
139000;4435;139247;138;141;-23.6880092271436;-16.6352881779113;-14.8898565090364;-12.910491471448;-3.00879389073898;-18.5232232532201;-4.42833230662291;-14.6773900961555;17.4123104765056
140500;4454;140675;138;141;-23.708415088603;-16.6283885886804;-14.8883069788031;-12.9079827357902;-3.00909993099747;-18.5436291146794;-4.43837491646961;-14.678576926619;17.4377507474298
141500;4467;141664;138;141;-23.7224266710637;-16.6323498352876;-14.8892555380409;-12.9119717141143;-3.00993831003067;-18.5184199839869;-4.44356755193601;-14.6785464167794;17.4421284882086
142500;4480;142667;138;141;-23.7365370446834;-16.6315715964135;-14.8952334660398;-12.91575925994;-3.01067528805393;-18.5325303576066;-4.4525475556516;-14.6795465221892;17.4550593243766
144000;4501;144149;138;141;-23.7572055316486;-16.6263067013523;-14.8899191665369;-12.9118764663943;-3.01104580323142;-18.5531988445718;-4.45797309919039;-14.6779991070287;17.4675758692487
144500;4508;144653;138;141;-23.7641860998115;-16.625319099866;-14.8909281726592;-12.9141502282406;-3.0115957686541;-18.5601794127348;-4.45972330339919;-14.6748905140167;17.4376095522495
145000;4510;145163;138;141;-23.7712250559276;-16.6252405882133;-14.8895276591061;-12.9099210246889;-3.01079867363245;-18.529478040868;-4.46106163846994;-14.6745223968598;17.4302300372401
145500;4516;145706;138;141;-23.7786923436866;-16.6256407087491;-14.8918684971714;-12.9153949053628;-3.01089226617944;-18.5369453286269;-4.46504234368822;-14.6752132349433;17.4480739366791
146000;4521;146197;138;141;-23.7854206125029;-16.6253514049068;-14.8925344713121;-12.9150252622961;-3.01141343046491;-18.5436735974432;-4.4666244149036;-14.6761948840788;17.4693543411518
146500;4527;146695;138;141;-23.7922217607746;-16.6313758541103;-14.8941978005698;-12.9134201359149;-3.01193439335636;-18.550474745715;-4.46835516400066;-14.6771734257333;17.4872822541024
147000;4534;147169;138;141;-23.798673730544;-16.6316358536318;-14.8925514364108;-12.9146069562513;-3.01173005993272;-18.5569267154843;-4.47159025627314;-14.6768445424316;17.4856264724306
147500;4536;147638;138;141;-23.8050372211756;-16.6333803984071;-14.8894706844808;-12.91286385935;-3.01210061563309;-18.563290206116;-4.47235965499835;-14.6766770612739;17.4736267176192
148000;4542;148140;138;141;-23.8118261031346;-16.6294739912493;-14.8900349551274;-12.9125714252225;-3.01272710531434;-18.533711443904;-4.47396808040691;-14.6779214207014;17.4972526353854
148500;4552;148646;138;141;-23.8186458384358;-16.6332588228554;-14.8890119273664;-12.9098498577079;-3.01352833251187;-18.5405311792053;-4.4772994823687;-14.6768257386359;17.5012177898948
149000;4555;149186;138;141;-23.8258982571379;-16.6344689271016;-14.8871041757041;-12.9103735244659;-3.01323554227309;-18.5477835979074;-4.48017118366982;-14.677325752509;17.5061599043647
150500;4566;150739;138;141;-23.8466102868724;-16.6365306587017;-14.8951701859226;-12.9117191953617;-3.01367098681175;-18.5684956276419;-4.48806620207229;-14.6811219108178;17.5494380690479
151000;4573;151226;138;141;-23.853061371233;-16.6378213925029;-14.8909259811664;-12.912411492345;-3.01357424285144;-18.5749467120025;-4.49368699293444;-14.681797975465;17.5539960885643
151500;4577;151681;138;141;-23.8590698205882;-16.6350450123024;-14.8908647081366;-12.9102125407797;-3.01389303510851;-18.5809551613577;-4.49346329331844;-14.682187318936;17.5676328392453
152000;4585;152166;138;141;-23.8654546183569;-16.6269577774625;-14.8902038687133;-12.9096605300292;-3.01371351459947;-18.5873399591264;-4.49896051958407;-14.6811597037129;17.5641428173524
152500;4589;152638;138;141;-23.8716487677418;-16.6274212521385;-14.8914768472461;-12.9109961164517;-3.01286189968989;-18.5935341085113;-4.500165023032;-14.6811012049454;17.5598144442344
153000;4594;153147;138;141;-23.8783070468609;-16.6312264622752;-14.8921107265326;-12.9094193398628;-3.01288210303542;-18.6001923876304;-4.50303806852436;-14.6821870322744;17.5765190980457
153500;4599;153603;138;141;-23.88425326151;-16.6286619872563;-14.8902051585533;-12.9095588759963;-3.01235870502074;-18.6061386022794;-4.50504204208452;-14.6811571227404;17.5786916137081
154500;4610;154508;138;141;-23.8960023078294;-16.6236039152593;-14.8888803258674;-12.9090330250521;-3.01225358386365;-18.6178876485988;-4.51076135956029;-14.6815509344808;17.6003667548471
155500;4623;155515;138;141;-23.9089949379434;-16.6303659956227;-14.8880612081265;-12.9107023350821;-3.01227042458647;-18.5618874072259;-4.5169035483849;-14.6833091447362;17.6285595986018
156000;4629;155981;138;141;-23.9149789678846;-16.6315307391279;-14.8884412489841;-12.9132792067017;-3.01214575508762;-18.5678714371671;-4.52037666671087;-14.6838958430932;17.6228649824283
156500;4639;156506;138;141;-23.9216992537712;-16.6286815739984;-14.8866655580751;-12.9113006097522;-3.01248628122511;-18.5745917230537;-4.52260561259472;-14.683624612116;17.6286596012137
157000;4648;157006;138;141;-23.9280786003214;-16.6337013010326;-14.8859203335734;-12.9131283471384;-3.01224921446981;-18.580971069604;-4.52522134381919;-14.6829809139093;17.6069093107552
157500;4654;157495;138;141;-23.9342979814243;-16.6331501755683;-14.8847721530631;-12.9100942413132;-3.01195933167785;-18.5871904507069;-4.52847551777587;-14.6829359219919;17.6114154237607
158000;4657;157988;138;141;-23.9405487195154;-16.6373786682786;-14.8856932503796;-12.9113202109229;-3.01200671694757;-18.593441188798;-4.52874021593225;-14.6822977212205;17.599058361729
159500;4673;159450;138;141;-23.9589713448764;-16.6391064150674;-14.889503770361;-12.9056082097346;-3.01204951193799;-18.6118638141589;-4.53757013998069;-14.6795438844277;17.5032886072707
161000;4689;160952;138;141;-23.9777229257381;-16.630423224995;-14.8853219798113;-12.9050869600303;-3.01250602946206;-18.6306153950207;-4.54113888411199;-14.6760985381513;17.4884084803516
162000;4694;161930;138;141;-23.989838844135;-16.6278282928753;-14.8894251072742;-12.9066967949242;-3.01224618971147;-18.6427313134176;-4.54302539738865;-14.6774352285431;17.5037713254087
