20;19;22;10;9;-6.18208490671663;-5.48893772615669;-5.08347261804852;-4.57264699428253;-2.62673684522722;-5.48893772615669;-0.625256845017094;-5.00797531438673;2.58690646147018
40;33;40;13;14;-7.37775890822787;-6.68461172766793;-5.99146454710798;-5.18053433089165;-2.86689940171102;-6.27914661955976;-0.60811693137537;-5.89603009012629;3.05201893965347
61;44;61;16;14;-8.22174772834662;-7.12313543967851;-6.27583757929131;-5.44915900610684;-2.97472365618614;-7.12313543967851;-0.896598770391047;-6.27522619722812;3.57824670094318
81;55;80;18;14;-8.76405326934776;-7.37775890822787;-6.46146817635372;-5.71953083162434;-3.06027079469156;-7.66544098067965;-0.978748086807901;-6.48153246958384;3.91567767059717
103;66;99;19;17;-9.19023970026918;-8.09162741160107;-6.88765460727513;-6.01218586992123;-3.16437372644387;-8.09162741160107;-1.04324100287919;-6.88493098374831;4.39788525185349
123;81;123;21;20;-9.62436871074483;-8.52575642207673;-7.13946206095683;-6.22317132908268;-3.40976061232264;-8.52575642207673;-0.990459719632637;-7.21146963878543;4.62448852133383
143;96;146;25;23;-9.96721324341667;-8.86860095474856;-7.76998866608045;-6.63500873324147;-3.49951451731232;-8.58091888229678;-0.994495744019534;-7.65294570549852;4.84112573397646
163;105;162;26;24;-10.1751926704648;-9.07658038179666;-7.69028602067677;-6.70945676766504;-3.49058094279684;-8.38343320123671;-0.999340228947258;-7.79015269913457;5.12041323481981
183;115;182;26;27;-10.4080133741536;-9.30940108548548;-8.10542828115955;-6.88165284953743;-3.62355631151595;-8.61625390492554;-1.0571287571851;-8.00341824922756;5.37868817737266
204;121;194;27;28;-10.5357163181267;-9.43710402945855;-8.23313122513261;-6.98036825663724;-3.65636051366622;-8.7439568488986;-1.06856553736578;-8.13028040708373;5.54326309397073
224;128;212;28;28;-10.713172549344;-9.61456026067592;-8.31527727654565;-7.07558638961764;-3.58387500041465;-8.92141308011597;-1.12665857389508;-8.23457397477462;5.75676499830587
244;132;228;28;28;-10.8586912579089;-9.76007896924077;-8.37378460812088;-7.07450162399062;-3.59466111500935;-9.06693178868083;-1.12415504322854;-8.19956231737725;5.63520521845562
264;138;248;30;28;-11.02685749233;-9.92824520366185;-8.54195084254196;-7.22019500255964;-3.69383447794348;-8.94741595065013;-1.13508833274803;-8.33061964710262;5.88415474869129
284;145;266;30;30;-11.1669926175634;-10.0683803288953;-8.6820859677754;-7.29579160665551;-3.68487369401128;-9.08755107588356;-1.16515405868032;-8.45739031446668;6.0784734112929
305;155;285;30;34;-11.3049783605373;-10.2063660718692;-8.74002900307576;-7.39295535510916;-3.66485518784194;-9.22553681885747;-1.20765249107955;-8.66988481564393;6.26893691455947
327;164;301;33;34;-11.4142205294978;-10.3156082408296;-8.84927117203621;-7.48239489677343;-3.69331527756097;-9.33477898781792;-1.21129527349899;-8.77986324999543;6.2281618539935
348;170;317;35;34;-11.5178035477546;-10.4191912590865;-8.8787462181393;-7.71114105798424;-3.69616042151458;-9.43836200607472;-1.25671148346177;-8.90516461754815;6.34535461606103
368;175;335;37;34;-11.6282610636501;-10.529648774982;-9.14335441386213;-7.73644076553951;-3.60930638049441;-9.5488195219703;-1.29140144975283;-9.03603234126693;6.5360831571417
388;184;357;37;35;-11.7554715635593;-10.6568592748912;-9.11641423394402;-7.82364593083495;-3.66476284747528;-9.67603002187944;-1.32616140625125;-9.10716786605444;6.7602465561653
408;186;368;37;35;-11.8161658763379;-10.7175535876698;-9.10811567523565;-7.80883269110539;-3.61917794907897;-9.73672433465803;-1.34359322591853;-9.12438414310513;6.79560895130017
429;192;389;39;35;-11.9271586872369;-10.8285463985688;-9.28810135762163;-7.90180699650174;-3.60112600128181;-10.8285463985688;-1.35817782192266;-9.22508328796508;6.92483907727867
449;197;412;39;36;-12.0420466986991;-10.9434344100309;-9.33399649759684;-7.93117283452574;-3.62710774132157;-10.9434344100309;-1.36203635668193;-9.27498258828002;7.01409219816921
469;200;430;39;37;-12.1275704173752;-11.0289581287071;-9.48851308775996;-7.96868733401554;-3.62488191216186;-11.0289581287071;-1.38169704881291;-9.36137704689328;7.21591303619382
489;206;450;41;38;-12.2184951655287;-11.1198828768606;-9.65354580806719;-8.17544389769418;-3.64965874096066;-10.8322008044088;-1.36609481430119;-9.48576918248642;7.31093829526488
509;211;471;41;40;-12.3097161880328;-11.2111038993647;-9.7447668305713;-8.23232240164857;-3.69267766164688;-10.9234218269129;-1.35235224066999;-9.5594071030777;7.33554785251976
529;217;497;42;41;-12.4171800521933;-11.3185677635251;-9.85223069473172;-8.30630618801995;-3.6868128405003;-11.0308856910734;-1.39042011925265;-9.65629530109469;7.48956893561248
549;220;514;43;41;-12.4844465309103;-11.3858342422422;-9.99953988112233;-8.35731214586524;-3.70335179570772;-11.0981521697904;-1.41521777653283;-9.73009415533571;7.64243150550831
571;232;541;46;41;-12.586838557693;-11.4882262690249;-10.1889432848946;-8.42795547433329;-3.74250222494403;-10.9774006452589;-1.44483185707832;-9.85417314732767;7.84394543166585
592;238;565;46;44;-12.6736514622929;-11.9805042817329;-10.2757561894945;-8.57930690007078;-3.70818913377691;-11.0642135498588;-1.43840493503489;-9.9877321581236;7.9976826651579
612;246;587;47;44;-12.7500496396562;-12.0569024590962;-10.2651429898682;-8.56802863369516;-3.75587720525779;-11.1406117272221;-1.44842562132359;-10.0133725767772;8.04917033425332
632;254;615;47;44;-12.843244535613;-11.7446322469449;-10.2041872059978;-8.59474929356368;-3.73926517962826;-11.2338066231789;-1.50385136640397;-10.0335023192236;8.17498897546272
654;260;635;48;45;-12.9072499977854;-11.8086377091173;-10.2681926681701;-8.63058387876933;-3.68221807706621;-11.8086377091173;-1.50287903270324;-10.0968551931222;8.1565353471829
676;269;661;48;45;-12.9875076797034;-11.8888953910353;-10.2794574786012;-8.65677433941704;-3.70941520567637;-11.8888953910353;-1.55108536071926;-10.0922181308837;8.20702928603032
699;280;692;48;49;-13.0791719112353;-11.9805596225672;-10.4401145816201;-8.76168379769903;-3.72110142723482;-11.9805596225672;-1.54842617469519;-10.2154138007962;8.21283249916839
719;283;706;48;51;-13.1192304749865;-12.0206181863184;-10.6343238251985;-8.7754250531328;-3.69781913293036;-12.4260832944265;-1.55000029380579;-10.2840562412431;8.18827887702234
740;287;725;48;52;-13.1723433097093;-12.0737310210412;-10.6874366599213;-8.84160996942302;-3.68801419241339;-12.4791961291494;-1.56795140628925;-10.3366762509829;8.27278705164208
763;299;749;48;55;-13.2374779670344;-12.1388656783663;-10.7525713172464;-8.91998985349813;-3.72525680320666;-12.5443307864745;-1.55741226726592;-10.4013125961376;8.20880924764874
783;304;768;49;55;-13.2875794662953;-12.1889671776272;-10.8026728165073;-8.97009135275903;-3.73081652684478;-12.5944322857354;-1.55957488029299;-10.4400453812642;8.2584108892422
803;308;792;49;55;-13.3491227836289;-12.2505104949607;-10.8642161338409;-8.96709614895497;-3.73933537587007;-12.6559756030689;-1.56808804991449;-10.467490000971;8.4314687513254
823;313;815;50;56;-13.4063762264817;-12.3077639378136;-10.8414268690202;-9.02434959180784;-3.77070276175991;-12.7132290459218;-1.55628590766213;-10.5188965470288;8.41722109599969
845;318;830;50;58;-13.4428514015813;-12.3442391129132;-10.803794071966;-9.07977306200298;-3.75429124558803;-12.7497042210213;-1.54647469879585;-10.5638234756538;8.40961061641144
866;324;843;51;58;-13.4739339160037;-12.3753216273356;-10.8348765863885;-9.10448606353669;-3.76950724426584;-12.7807867354438;-1.55570335572668;-10.5815653501909;8.38048848700737
887;330;859;51;61;-13.5115378439685;-12.4129255553004;-11.0266311941805;-9.16773242211483;-3.76505504024255;-12.8183906634086;-1.56123525257964;-10.6612861187136;8.35211541381291
907;335;883;51;61;-13.5666504012079;-12.4680381125398;-11.0017010437464;-9.19091315763747;-3.73557226418993;-12.873503220648;-1.58200403235246;-10.677082133878;8.46488406998133
927;341;904;52;61;-13.6136587207844;-12.5150464321162;-11.0487093633228;-9.24421086831733;-3.72823331106663;-12.9205115402244;-1.61551471263694;-10.7314632688751;8.56502850309794
948;348;930;52;62;-13.6703691722946;-12.5717568836265;-11.1054198148331;-9.26364992503035;-3.71609345292637;-12.9772219917347;-1.63405927655103;-10.7695604877659;8.61367438184019
968;352;953;52;62;-13.7192298073084;-12.6206175186403;-11.11722646377;-9.2648825110549;-3.6965380072938;-12.3329354461885;-1.6406553621915;-10.76273121453;8.59267438856669
988;360;975;54;64;-13.7648749419957;-12.6662626533276;-11.2799682922077;-9.38284830732181;-3.69655114700663;-12.3785805808758;-1.65552797761935;-10.8853579356491;8.66919117626434
1000;364;988;54;65;-13.7913653954957;-12.6927531068276;-11.2264160380342;-9.37252478769914;-3.70430706676522;-12.4050710343758;-1.65830440022289;-10.9156751086051;8.71171527324755
1021;369;1007;55;65;-13.8294617854371;-12.730849496769;-11.3445551356491;-9.37511448918362;-3.71830986843525;-12.4431674243172;-1.67371973993871;-10.9562028072573;8.76698326351135
1041;372;1021;55;65;-13.8570756363293;-12.7584633476612;-11.2921262788678;-9.40272834007582;-3.70766594558965;-12.4707812752094;-1.67522908722512;-10.9583753330188;8.8097586391626
1061;375;1043;55;67;-13.8997129100015;-12.8011006213334;-11.4148062602135;-9.41107654026941;-3.71112160602844;-12.5134185488817;-1.68036378820962;-11.0221464640881;8.84000243372728
1083;380;1066;56;67;-13.9433372094516;-12.8447249207835;-11.4584305596636;-9.45470083971944;-3.70588055051236;-12.5570428483317;-1.68348685824093;-11.0542704368662;8.8811694039449
1104;389;1095;58;70;-13.9970192845012;-13.3038721039413;-11.6944341915072;-9.64676216022956;-3.73038278965086;-12.6107249233813;-1.70597150037505;-11.1865582084558;8.93590267204672
1125;392;1112;58;71;-14.0278309496211;-13.3346837690611;-11.725245856627;-9.67112212293146;-3.7426929537428;-12.6415365885012;-1.71448362161984;-11.2146278717168;8.95018041010886
1145;396;1135;58;71;-14.068775859831;-13.3756286792711;-11.583869210043;-9.63795906098769;-3.75007090774404;-12.6824814987111;-1.72064391287699;-11.2276547132243;9.06961010912963
1165;403;1160;58;71;-14.1123505682008;-13.0137382795327;-11.6274439184128;-9.63501375372261;-3.74437456710707;-12.7260562070809;-1.73816094154365;-11.2196883561676;9.06936929777794
1186;405;1180;58;73;-14.1465394349194;-13.0479271462513;-11.6616327851314;-9.71572263607611;-3.74640632219114;-12.7602450737995;-1.74269438081493;-11.2795244501272;9.10654834667254
1206;410;1199;58;73;-14.178486310055;-13.0798740213869;-11.693579660267;-9.67867663972476;-3.74202032911178;-12.7921919489351;-1.75243110388178;-11.2767390341518;9.13169025371529
1227;413;1214;58;73;-14.2033519432389;-13.1047396545708;-11.7184452934509;-9.70354227290862;-3.73432333474796;-12.817057582119;-1.76840022598297;-11.2855824236526;9.19247882803477
1247;416;1231;58;73;-14.2311642523689;-13.1325519637008;-11.7462576025809;-9.73135458203864;-3.73614704865183;-12.844869891249;-1.76749252399069;-11.2863565838906;9.23485692543327
1267;419;1246;60;73;-14.2553873986948;-13.1567751100267;-11.7704807489068;-9.82457059985148;-3.7452369088205;-12.8690930375749;-1.76345934805425;-11.3494732612946;9.29917959751903
1290;424;1266;61;73;-14.2872352054082;-13.1886229167401;-11.8023285556202;-9.80989839093004;-3.73680149121288;-13.1886229167401;-1.76121902997015;-11.3633511467974;9.25029447815858
1310;425;1288;61;73;-14.3216918133286;-13.2230795246605;-11.8367851635406;-9.82188214299833;-3.72318383585084;-13.2230795246605;-1.78023681059436;-11.3891718600717;9.34322318146639
1332;425;1305;61;73;-14.3479166395136;-13.2493043508455;-11.7829672820521;-9.84810696918332;-3.73209221202437;-13.2493043508455;-1.7903107459369;-11.4073064436827;9.40758971253269
1353;432;1327;61;73;-14.3813520686644;-13.2827397799963;-11.8164027112029;-9.81700387719658;-3.73573671334672;-13.2827397799963;-1.80325045777991;-11.4061015183187;9.46137189223931
1373;435;1343;62;75;-14.4053223930465;-13.3067101043784;-11.9204157432585;-9.89446288652963;-3.72618643843866;-13.3067101043784;-1.79966858256711;-11.4847634234073;9.48070310171431
1395;438;1355;62;76;-14.4231134666276;-13.3245011779595;-11.9382068168396;-9.90132488957856;-3.72744821006857;-13.3245011779595;-1.79555801729606;-11.4979613059608;9.48129166901268
1415;443;1391;62;76;-14.4755563838469;-13.3769440951788;-11.8364990542316;-9.94295689069363;-3.71899482786052;-13.3769440951788;-1.81188169178872;-11.5073453506904;9.54379570116387
1436;447;1407;62;76;-14.4984301142288;-13.3998178255607;-11.8593727846135;-9.96583062107552;-3.70754525347348;-13.3998178255607;-1.82066152222978;-11.5082533588744;9.54780683691368
1456;452;1428;62;77;-14.5280602857991;-13.4294479971309;-11.8890029561838;-9.96371209433122;-3.70868208141012;-13.4294479971309;-1.82587471946963;-11.5295966609101;9.54566252063584
1478;456;1438;64;77;-14.542017076562;-13.4434047878939;-11.9770677191004;-9.9673060980586;-3.70744870667907;-13.4434047878939;-1.81312600921414;-11.5796232775149;9.59522526363593
1498;462;1461;64;78;-14.5737528235014;-13.4751405348333;-12.0088034660399;-10.0094046320336;-3.70758725953799;-13.4751405348333;-1.82643204739399;-11.6124074509109;9.66838666343558
1500;463;1464;64;78;-14.5778553890425;-13.4792431003744;-12.012906031581;-9.99288791037194;-3.7039677789852;-13.4792431003744;-1.82562858669305;-11.6063881395436;9.64019476334154
1520;469;1492;64;79;-14.6157455615274;-13.5171332728593;-12.0507962040659;-10.0513973700596;-3.72234513724652;-13.5171332728593;-1.84339650221799;-11.6353953312087;9.70324073346103
1540;477;1514;68;79;-14.6450208679948;-13.5464085793267;-12.1601142182068;-10.0911439763942;-3.7181835112911;-13.5464085793267;-1.83179475507165;-11.729635240752;9.69690597451142
1562;477;1538;68;79;-14.6764763001312;-13.5778640114631;-12.1915696503432;-10.1121281086633;-3.71306531354205;-13.5778640114631;-1.83686317661312;-11.745466334437;9.78450096386681
1583;482;1551;69;79;-14.6933103263531;-13.594698037685;-12.2084036765651;-10.1185993478497;-3.71420620494316;-13.594698037685;-1.8337517104208;-11.763048737313;9.78396402230608
1603;494;1576;69;84;-14.7252905408356;-13.6266782521675;-12.2403838910476;-10.2944737419923;-3.71677797185922;-13.6266782521675;-1.82823555632504;-11.8473198196972;9.70903617114988
1624;498;1591;69;84;-14.7442360566756;-13.6456237680075;-12.2593294068876;-10.2444263863453;-3.73572348769915;-13.6456237680075;-1.83823676319469;-11.8491791209408;9.73059774527877
1645;504;1606;71;84;-14.7630037890134;-13.6643915003453;-12.2780971392254;-10.3321869901701;-3.72104241438405;-13.6643915003453;-1.83473985622157;-11.8931471376245;9.74872082118924
1665;509;1628;73;84;-14.790215093125;-13.6916028044569;-12.305308443337;-10.3593982942817;-3.70751885140953;-13.6916028044569;-1.84211701150748;-11.9470168227284;9.79038910862965
1686;510;1644;73;84;-14.8097751512322;-13.7111628625641;-12.3248685014443;-10.3554278549787;-3.69497182011493;-13.7111628625641;-1.85684158739243;-11.9585952023563;9.84109225184427
1706;513;1658;73;85;-14.8267346713905;-13.7281223827224;-12.3418280216025;-10.3959178725472;-3.6972682342658;-13.4404403102706;-1.85748284722583;-11.9811239825991;9.86979564156728
1726;519;1673;73;88;-14.8447474019736;-14.1516002214137;-12.4468521291753;-10.4627207672998;-3.70416179467976;-13.4584530408538;-1.84592661466205;-12.0319732022532;9.86856491859922
1746;521;1692;73;88;-14.8673330803323;-14.1741858997724;-12.469437807534;-10.4728839256599;-3.70808705032104;-13.4810387192124;-1.85054135198403;-12.0375212152582;9.90569994584075
1767;525;1710;73;88;-14.8884972989934;-13.7898850103253;-12.490602026195;-10.4576805001501;-3.71749892132736;-13.5022029378735;-1.85603237125612;-12.0401650451698;9.93559886599883
1787;529;1734;74;88;-14.916372314681;-13.8177600260129;-12.5184770418826;-10.4855555158377;-3.7087770720129;-13.5300779535611;-1.85447257205219;-12.0698660377994;9.99061725087122
1811;534;1758;77;88;-14.9438641564902;-14.2507169759303;-12.5459688836919;-10.5130473576469;-3.7149475186055;-13.5575697953704;-1.8535302910185;-12.1462870081779;10.0379083421775
1834;543;1779;77;90;-14.9676133753317;-14.2744661947717;-12.5697181025333;-10.5855867406578;-3.7176123316875;-13.5813190142118;-1.85908323752304;-12.1748969419312;10.0293546815975
1855;548;1797;79;90;-14.9877477735671;-14.2946005930072;-12.5898525007687;-10.6182999211001;-3.72409168656226;-13.6014534124472;-1.86231511124049;-12.2236220916522;10.058683728418
1875;552;1827;79;90;-15.020861112756;-14.3277139321961;-12.6229658399576;-10.6264119580836;-3.72385535401068;-13.6345667516361;-1.88691309714225;-12.247622207915;10.1568102363641
1896;557;1844;79;90;-15.0393848082331;-14.3462376276731;-12.6414895354347;-10.6326655609688;-3.72901626096867;-13.6530904471132;-1.8927347542778;-12.2542951528832;10.2357833840887
1916;558;1868;79;90;-15.0652472375776;-14.3721000570176;-12.5803405877896;-10.6585279903133;-3.72382209076972;-13.6789528764577;-1.89488257851839;-12.2606518649742;10.2736848292254
1936;561;1885;79;92;-15.0833661997642;-14.3902190192043;-12.7807811067702;-10.6645255919676;-3.71515441682109;-13.6970718386443;-1.89756615804365;-12.3028154340409;10.2728083950114
1957;564;1902;80;92;-15.1013224862107;-14.4081753056507;-12.7034272134123;-10.7008888649754;-3.71570780205191;-13.7150281250908;-1.89770913017774;-12.3229098005362;10.2595371821073
1977;567;1921;80;92;-15.1212023255371;-14.4280551449772;-12.7233070527387;-10.6903855266938;-3.72281267416016;-13.7349079644172;-1.89803479695617;-12.3201632704749;10.2796943180002
1997;569;1941;80;93;-15.141917166338;-14.4487699857781;-12.7440218935396;-10.7111003674947;-3.713069204559;-13.7556228052181;-1.9055895913217;-12.3484110133653;10.3140646818567
2017;571;1950;80;93;-15.1511693031156;-14.4580221225556;-12.6662626533276;-10.7085872555672;-3.71642161920938;-13.7648749419957;-1.90296301385249;-12.3352125665184;10.2426537716865
2038;574;1971;80;93;-15.1725926143054;-14.4794454337455;-12.6876859645174;-10.7066844956509;-3.70649673669201;-13.7862982531855;-1.90615659893887;-12.3383437403163;10.2711830912929
2058;577;1993;82;93;-15.1947926404256;-14.5016454598656;-12.7968973676272;-10.7639758415823;-3.70136604888942;-13.8084982793057;-1.90854666374391;-12.3884534843878;10.3018547350163
2078;581;2015;82;94;-15.2167489487616;-14.5236017682016;-12.9141638557675;-10.8100297014973;-3.70062859289482;-13.8304545876417;-1.90884254241452;-12.4055567069105;10.2939488567227
2098;585;2028;83;94;-15.2296107294221;-14.5364635488622;-12.9270256364281;-10.7987939305788;-3.69239273188289;-13.8433163683023;-1.91812232473753;-12.4313494643622;10.3255435094184
2118;589;2048;85;94;-15.2492379723188;-14.5560907917589;-12.9466528793248;-10.8184211734755;-3.7001734607327;-13.8629436111989;-1.91398342006461;-12.4712066588646;10.3517276944374
2138;590;2065;85;94;-15.2657710107903;-14.5726238302303;-12.9631859177962;-10.834954211947;-3.68981441021741;-13.8794766496704;-1.92344834646471;-12.4832714427037;10.3919378919419
2159;594;2085;85;96;-15.2850482684658;-14.5919010879059;-12.9824631754718;-10.9156805377841;-3.69137265381047;-13.8987539073459;-1.92331844538981;-12.5215637474673;10.3930672963306
2179;597;2102;85;96;-15.3012891028738;-14.6081419223138;-12.9987040098797;-10.9192624681999;-3.69005794911944;-13.9149947417539;-1.92265228013077;-12.5171029433912;10.3715722870545
2199;600;2116;85;96;-15.3145655859564;-14.6214184053964;-12.916670313158;-10.8837487871131;-3.69124430376379;-13.9282712248365;-1.92251253285288;-12.5123463550479;10.3682525655704
2219;604;2130;85;96;-15.3277545174069;-14.634607336847;-12.9298592446086;-10.8910204897401;-3.69172685530273;-13.7183166049728;-1.9288220890669;-12.5171541427172;10.4217373593344
2239;614;2154;89;96;-15.3501637154327;-14.6570165348727;-13.0475786224386;-11.0194303751463;-3.69296476130601;-13.7407258029986;-1.93332340303065;-12.5928785190265;10.4207117746032
2259;617;2175;91;96;-15.3695678870456;-14.6764207064856;-13.0669827940515;-11.0655027938414;-3.68496060038573;-13.7601299746115;-1.92774619237929;-12.6307491992608;10.4410752983578
2279;622;2195;91;96;-15.3878746510185;-14.6947274704586;-13.0852895580245;-11.0571413107322;-3.68264429564546;-13.7784367385844;-1.93459587623753;-12.6281760853329;10.4539716950533
2301;624;2217;91;96;-15.4078204192326;-14.7146732386727;-13.1052353262386;-11.0770870789463;-3.6853393017369;-13.7983825067985;-1.94305385667669;-12.6386684955521;10.5170405206916
2322;628;2243;91;96;-15.4311390690404;-14.7379918884805;-13.1285539760464;-11.0491124343665;-3.68081218100928;-13.8217011566063;-1.95006122893042;-12.6379024677413;10.4983351426778
2342;633;2265;91;96;-15.4506600758343;-14.7575128952743;-13.1480749828402;-11.04394082857;-3.68404633572175;-13.8412221634002;-1.9535038789259;-12.6425276628098;10.5530649064227
2363;635;2283;91;97;-15.4664912930596;-14.7733441124996;-13.1639062000655;-11.0844646583857;-3.68314182307386;-13.8570533806255;-1.95607892482503;-12.6649137459127;10.5657259886835
2383;640;2309;91;97;-15.489139618709;-14.3905273300409;-13.1865545257149;-11.1071129840351;-3.6787797898443;-13.8797017062749;-1.95946883127731;-12.6622655350702;10.5800369783243
2404;646;2330;91;98;-15.5072470931195;-14.8140999125595;-13.2046620001254;-11.1252204584456;-3.67565701017802;-13.8978091806854;-1.96668140461604;-12.6838125105242;10.6131877207077
2425;654;2354;93;101;-15.5277425756404;-14.8345953950805;-13.2251574826464;-11.1839371537868;-3.68292678355411;-13.9183046632063;-1.9554698638174;-12.7585533002499;10.5413406278696
2446;656;2378;93;101;-15.5480301545015;-14.8548829739415;-13.2454450615074;-11.1913213278119;-3.67645170320887;-13.7562706852734;-1.96430664548318;-12.7691900236654;10.586592666169
2468;662;2397;93;101;-15.5639464688688;-14.8707992883088;-13.2613613758747;-11.1819198341949;-3.67940227657421;-13.7721869996407;-1.97197829174063;-12.762661563026;10.5698188079196
2488;663;2416;93;101;-15.5797371181094;-14.8865899375495;-13.2771520251154;-11.1977104834355;-3.68054975201545;-13.7879776488814;-1.98346275512837;-12.7741290719605;10.6183173396219
2508;666;2429;93;101;-15.5904698580043;-14.8973226774444;-13.192574585206;-11.1960207033319;-3.69128249191039;-13.7987103887763;-1.98715425655617;-12.7727137959425;10.6159527223768
2528;671;2448;95;101;-15.6060532872644;-14.9129061067045;-13.3034681942704;-11.211604132592;-3.69467390188855;-13.8142938180364;-1.98343233169376;-12.8012560431713;10.5809181643184
2549;672;2464;95;101;-15.6190826493068;-14.9259354687469;-13.2211873765084;-11.2123634020426;-3.69500163090006;-13.8273231800788;-1.98642098715528;-12.8088366906054;10.6248105687198
2570;672;2483;95;101;-15.6344455710163;-14.9412983904564;-13.236550298218;-11.2277263237521;-3.68973768962057;-13.8426861017883;-1.98988348920525;-12.8177164998088;10.6647808999327
2590;675;2498;95;101;-15.646491381371;-14.9533442008111;-13.2485961085727;-11.2156745825277;-3.69951335144074;-13.854731912143;-1.98795983252247;-12.8132928052408;10.6775516262841
2611;678;2531;95;101;-15.6727395210902;-14.9795923405303;-13.2748442482919;-11.2419227222469;-3.70371286954338;-13.8809800518622;-2.00042058011719;-12.8320506904586;10.7589853663625
2633;684;2555;97;101;-15.6916150052756;-14.9984678247157;-13.2937197324772;-11.2607982064323;-3.69961467937223;-13.8998555360476;-2.00081542584042;-12.8678074570201;10.7679537095761
2653;685;2570;97;101;-15.7033223557785;-15.0101751752186;-13.3054270829802;-11.2606710992882;-3.6997025483393;-13.9115628865505;-2.00928249956091;-12.8757300174295;10.8045287781022
2673;689;2593;99;101;-15.7211415710773;-15.0279943905174;-13.323246298279;-11.290324772234;-3.70262817513737;-15.0279943905174;-2.00830624847643;-12.9075146600825;10.788546941505
2693;692;2604;100;101;-15.7296080066569;-15.036460826097;-13.3317127338585;-11.2987912078136;-3.70833598827788;-15.036460826097;-2.00838834813973;-12.9235188574822;10.7935484750538
2713;696;2617;100;101;-15.7395678050603;-15.0464206245003;-13.3416725322619;-11.29691654857;-3.71062024141726;-15.0464206245003;-2.00534214263221;-12.9113258980525;10.7823889957664
2733;700;2643;100;101;-15.7593398292086;-15.0661926486486;-13.3614445564102;-11.3049925329551;-3.71682194358096;-15.0661926486486;-2.00700445548144;-12.9124675979217;10.8043389458316
2753;704;2663;101;101;-15.7744171716279;-15.0812699910679;-13.3765218988295;-11.3200698753744;-3.71845255512702;-15.0812699910679;-2.00858437162788;-12.9281596020775;10.7930541026109
2774;709;2679;102;102;-15.7863977390892;-15.0932505585293;-13.3885024662908;-11.3555809402459;-3.72016203874684;-15.0932505585293;-2.00375444027938;-12.959297532199;10.7980041159373
2794;714;2704;102;102;-15.8049748743257;-15.1118276937658;-13.4070796015273;-11.3390667556711;-3.7195117552161;-15.1118276937658;-2.00079021287139;-12.9528760015352;10.7883616503145
2815;718;2735;102;102;-15.8277734297122;-15.1346262491522;-13.386372468419;-11.3618653110576;-3.72024017227167;-15.1346262491522;-2.01150016268441;-12.9661018339178;10.8622637076444
2835;719;2751;102;102;-15.8394395218491;-15.1462923412892;-13.398038560556;-11.3735314031946;-3.72246041951293;-15.1462923412892;-2.01683816313824;-12.9743937874469;10.8976121619215
2856;721;2770;102;102;-15.8532051983628;-15.1600580178028;-13.4118042370696;-11.3872970797082;-3.72214170015348;-15.1600580178028;-2.02626125140407;-12.9834782424133;10.9449863135016
2876;724;2787;102;102;-15.8654420549639;-15.172294874404;-13.4240410936707;-11.3881052404857;-3.7235773185628;-15.172294874404;-2.03412803217495;-12.9897856413022;10.9922073019996
2896;729;2810;102;104;-15.8818795246556;-15.1887323440956;-13.4839842518572;-11.4045427101774;-3.71889706905711;-15.1887323440956;-2.03180620033291;-13.0147334387242;10.9296241084013
2918;732;2841;102;104;-15.9038227637084;-15.2106755831484;-13.50592749091;-11.4040130933781;-3.71795282549572;-15.2106755831484;-2.03902882989022;-13.0266236734792;10.9928755315495
2938;734;2856;102;104;-15.9143546469189;-15.221207466359;-13.5164593741206;-11.4145449765887;-3.72250263702875;-15.221207466359;-2.04105642868735;-13.0265889442474;11.0016424445153
2958;734;2874;102;104;-15.9269201332779;-15.233772952718;-13.5290248604796;-11.4271104629477;-3.72008777640152;-15.233772952718;-2.04700387549646;-13.0369168519181;11.0346014604765
2978;737;2893;102;104;-15.9400986099523;-15.2469514293923;-13.5422033371539;-11.4183100329032;-3.71226447264058;-15.2469514293923;-2.05478870578921;-13.0428311028671;11.0762894246167
2998;742;2919;102;106;-15.9579927417082;-15.2648455611483;-13.4730860919202;-11.458183071378;-3.71488927909781;-15.2648455611483;-2.0561650476838;-13.0724783267917;11.05031376667
3018;745;2941;102;107;-15.973009877108;-15.279862696548;-13.48810322732;-11.5303586206177;-3.71529399842598;-15.279862696548;-2.0560697194224;-13.0896194020343;11.053481265174
3038;748;2961;102;109;-15.9865646562032;-15.2934174756432;-13.5016580064152;-11.5439133997129;-3.70999626906131;-15.2934174756432;-2.05558039370287;-13.1243953865544;11.0505267321334
3058;750;2976;102;109;-15.996670791906;-15.303523611346;-13.511764142118;-11.5540195354156;-3.70763662566144;-15.303523611346;-2.06009902182647;-13.130554061256;11.0840376001291
3078;752;2995;102;110;-16.0093990210991;-15.3162518405392;-13.5244923713111;-11.5434909024445;-3.70797983278938;-15.3162518405392;-2.06207279151819;-13.147193898672;11.0653657863023
3098;756;3010;103;111;-16.0193907154858;-15.3262435349259;-13.5344840656978;-11.5650434192323;-3.70994502801595;-15.3262435349259;-2.06439390531937;-13.1813031144031;11.0592553812913
3118;757;3033;103;111;-16.0346150153772;-15.3414678348172;-13.5497083655892;-11.5687068967226;-3.71291721629998;-15.3414678348172;-2.06777661518827;-13.1860922692983;11.0711181308367
3139;762;3061;103;111;-16.0529938778908;-15.3598466973309;-13.5680872281028;-11.5643575081587;-3.71363236914401;-15.3598466973309;-2.06738449059101;-13.1796664974622;11.0522717161393
3159;767;3079;103;111;-16.064720295849;-15.3715731152891;-13.579813646061;-11.5760839261169;-3.7121691839401;-15.3715731152891;-2.08067190836173;-13.178468158549;11.0564452926816
3180;771;3104;103;111;-16.0808937626062;-15.3877465820463;-13.5959871128182;-11.581084092276;-3.71344659215947;-15.3877465820463;-2.08516385593986;-13.1812216799902;11.088028717411
3200;775;3131;104;112;-16.0982154426528;-15.4050682620929;-13.6133087928648;-11.587355936136;-3.70115060582551;-15.4050682620929;-2.0816785252096;-13.212488400669;11.0943147915708
3220;777;3148;104;114;-16.1090452190746;-15.4158980385146;-13.7111499462762;-11.6204088493424;-3.69333988425815;-15.4158980385146;-2.08299176565991;-13.2465910119415;11.0785034444606
3241;785;3167;104;114;-16.1210800930773;-15.0224678044092;-13.6361734432893;-11.621270422747;-3.69551053715309;-14.7347857319574;-2.08364192275303;-13.2288028023669;11.0297975412048
3261;787;3184;104;114;-16.1317870939285;-15.0331748052604;-13.6468804441405;-11.6209275874117;-3.69291764005603;-14.7454927328087;-2.08740462308661;-13.2313521349664;11.0567462074285
3282;790;3203;104;114;-16.1436862992183;-15.0450740105502;-13.6587796494303;-11.6328267927015;-3.69280254846824;-14.7573919380984;-2.08655985886013;-13.2298316732906;11.0735846519805
3303;795;3225;106;114;-16.1573764584597;-15.0587641697916;-13.6724698086717;-11.6410524166768;-3.69402940289922;-14.7710820973399;-2.08388275760261;-13.2565085439993;11.0395936915698
3324;798;3249;106;114;-16.1722050713382;-15.0735927826701;-13.6872984215502;-11.6396055781849;-3.69477030222334;-14.7859107102183;-2.08424131379789;-13.254667521562;11.0441706499616
3346;802;3269;109;114;-16.1844788134484;-15.0858665247803;-13.6995721636604;-11.6736193069316;-3.69306182583006;-14.7981844523285;-2.08111619748073;-13.3029653161865;11.0350504443928
3366;805;3289;109;114;-16.1966776923781;-15.09806540371;-13.7117710425901;-11.6640781992249;-3.70306048385015;-14.8103833312582;-2.08304895802663;-13.3037997332389;11.0621487200435
3388;810;3308;111;114;-16.2081981122872;-15.1095858236191;-13.8103028394888;-11.7083884419569;-3.70388928536668;-14.8219037511673;-2.08163935843469;-13.3333328426959;11.0737257806881
3408;814;3336;111;114;-16.2250555269573;-15.1264432382892;-13.7401488771693;-11.692456033804;-3.70626922945049;-14.8387611658374;-2.07989164267255;-13.3353439096718;11.1238910801382
3428;817;3352;111;114;-16.2346249232039;-15.1360126345358;-13.7497182734159;-11.6913301409339;-3.71416498513913;-14.8483305620841;-2.07818422271985;-13.3300191061564;11.1237369740244
3449;820;3382;111;114;-16.2524450589171;-15.1538327702489;-13.7675384091291;-11.6985681673165;-3.710000181766;-14.8661506977972;-2.08419810291342;-13.3365574573558;11.1700711939937
3469;824;3408;111;115;-16.2677617758984;-15.1691494872303;-13.7828551261104;-11.7138848842979;-3.7144182665048;-14.8814674147785;-2.08515486599769;-13.3562184744628;11.2123470235991
3489;827;3422;111;115;-16.2759609089043;-15.1773486202362;-13.7910542591163;-11.7220840173037;-3.71667831560704;-14.8896665477844;-2.08476976387929;-13.3508582824595;11.2057500545001
3500;829;3430;111;115;-16.28063108032;-15.1820187916519;-13.795724430532;-11.7267541887194;-3.71593688671486;-14.8943367192001;-2.08976897700691;-13.3542479870929;11.222744134988
3521;835;3457;111;115;-16.2963128798432;-15.1977005911751;-13.8114062300552;-11.7319646883754;-3.72084108749158;-14.9100185187234;-2.09081504648737;-13.3512321843624;11.2403211564494
3541;836;3473;111;115;-16.3055481054881;-15.20693581682;-13.8206414557001;-11.7308371269848;-3.73007631313648;-14.9192537443683;-2.09402833918674;-13.3570152021709;11.276410159242
3563;838;3497;111;115;-16.3193214741268;-15.2207091854586;-13.8344148243388;-11.7343539954562;-3.73686930138351;-14.9330271130069;-2.09772799893767;-13.361891374829;11.3086394058971
3583;838;3511;111;115;-16.3273123523369;-15.2287000636688;-13.8424057025489;-11.7423448736663;-3.73418299838188;-14.941017991217;-2.10198218089939;-13.3687877160011;11.3269876568747
3603;838;3524;111;115;-16.3347039741121;-15.236091685444;-13.8497973243241;-11.729533788124;-3.73574500268066;-14.9484096129923;-2.10350408730505;-13.3731681258829;11.3530700632377
3623;842;3550;111;115;-16.3494057649389;-15.2507934762708;-13.8644991151509;-11.7342852480977;-3.73516500105981;-14.963111403819;-2.10350336734263;-13.3661712327708;11.3209732357957
3645;844;3567;111;116;-16.3589603707178;-15.2603480820497;-13.8740537209298;-11.7438398538765;-3.73470384467167;-14.9726660095979;-2.10206366018528;-13.382612273342;11.3334188867475
3665;853;3589;112;123;-16.3712577822952;-15.6781106017353;-14.0686726893012;-11.8714481119649;-3.73554787668589;-15.6781106017353;-2.08509380624371;-13.4705942703843;11.1297594956966
3688;855;3612;112;123;-16.3840338290738;-15.6908866485138;-14.0814487360797;-11.8842241587435;-3.73743142264637;-15.6908866485138;-2.08970919310266;-13.4766555231321;11.1695136220452
3709;858;3628;112;123;-16.3928736224701;-15.2942613338019;-14.090288529476;-11.871085045421;-3.73184119098557;-15.6997264419101;-2.08870329826611;-13.4708514993437;11.1464865297329
3729;860;3652;112;123;-16.4060604834297;-15.3074481947616;-14.0081652106313;-11.8734609902765;-3.72453035797135;-15.7129133028698;-2.09181611388787;-13.4700087347955;11.1438982703764
3749;861;3673;112;123;-16.4175280916393;-15.3189158029712;-14.019632818841;-11.8849285984861;-3.72583071408551;-15.7243809110794;-2.09500236046357;-13.4761961964661;11.1783787410098
3769;861;3694;112;123;-16.4289303215184;-15.3303180328503;-14.03103504872;-11.8856355392484;-3.73369500885847;-15.7357831409584;-2.09884378118277;-13.4849615188216;11.2128619538473
3789;862;3716;112;123;-16.4408061998675;-15.3421939111993;-14.0429109270691;-11.8558387211969;-3.73547456694276;-15.7476590193075;-2.10192720907736;-13.4906015236378;11.2434767920923
3809;867;3739;112;126;-16.4531469499542;-15.3545346612861;-14.1505618569602;-11.9098521676842;-3.73578178966863;-15.7599997693943;-2.09883866101067;-13.5267536860309;11.213026151039
3831;870;3755;114;126;-16.4616871283965;-15.7685399478365;-14.1591020354024;-11.9618774580662;-3.73734165846526;-15.7685399478365;-2.09700946607847;-13.5529400475248;11.1851951053235
3853;873;3771;114;126;-16.4701909945167;-15.3715787058486;-14.1676059015227;-11.9268962122467;-3.7358959307973;-15.7770438139568;-2.09607716103476;-13.5453173475513;11.1605051205437
3874;875;3789;114;126;-16.4797148220372;-15.3811025333691;-14.1771297290432;-11.9258379304367;-3.738497668515;-15.7865676414773;-2.095478668156;-13.5461219112939;11.1935240610779
3897;877;3806;114;126;-16.4886680957122;-15.3900558070441;-14.1860830027181;-11.9347912041116;-3.72978850417592;-15.7955209151522;-2.0944474966033;-13.5403060436476;11.1638294413535
3917;881;3827;116;126;-16.4996729708514;-15.4010606821833;-14.1970878778574;-11.9943383824278;-3.72907660103323;-15.8065257902915;-2.09710768245037;-13.5723655341903;11.1720769113961
3937;883;3855;116;126;-16.5142525719949;-15.4156402833268;-14.2116674790008;-11.9924639949458;-3.7339289008486;-15.8211053914349;-2.09685084254232;-13.5762630980493;11.2106493337453
3960;884;3885;116;127;-16.5297565256035;-15.4311442369354;-14.2271714326095;-12.0079679485545;-3.72966666542057;-15.8366093450436;-2.10255290699329;-13.6005107443308;11.2303028434877
3980;886;3910;116;127;-16.5425853059588;-15.4439730172907;-14.2400002129648;-12.0207967289098;-3.72670361149204;-15.8494381253989;-2.10548533259372;-13.6030063569849;11.2302001463078
4001;886;3934;116;127;-16.554823997898;-15.4562117092299;-14.252238904904;-12.033035420849;-3.7327552309963;-15.8616768173381;-2.10789486535655;-13.6098419915364;11.2673865515119
4021;890;3951;116;127;-16.5634479808228;-15.4648356921547;-14.2608628878287;-12.0416594037737;-3.73002613532309;-15.8703008002628;-2.1164725795488;-13.60979478614;11.2631580666718
4042;892;3966;116;127;-16.5710266181595;-15.4724143294914;-14.2684415251654;-12.0066784266916;-3.73335246292127;-15.8778794375995;-2.11617796755815;-13.6066744019362;11.2475361036876
4063;894;3987;116;127;-16.5815886947627;-15.4829764060946;-14.2790036017687;-12.0172405032949;-3.73078210388867;-15.8884415142028;-2.11780280703403;-13.6076513971996;11.2448332416201
4083;898;4014;116;127;-16.5950870587126;-15.4964747700445;-14.2925019657185;-12.010119580042;-3.72704835010602;-15.9019398781526;-2.13166311574;-13.61388001333;11.2871837468549
4103;901;4035;116;127;-16.6055231614081;-15.50691087274;-14.3029380684141;-12.0205556827375;-3.72638870258134;-15.9123759808482;-2.1360008196767;-13.6206553884488;11.3238354292786
4125;903;4064;116;127;-16.6198459785166;-15.5212336898485;-14.1349393287286;-12.024726128382;-3.73656500372803;-15.9266987979567;-2.1384659159819;-13.626247424096;11.3598474734772
4146;907;4091;116;127;-16.6330894358588;-15.5344771471907;-14.1481827860708;-12.0279192498707;-3.73194646020683;-15.9399422552989;-2.13884963811164;-13.6220547190516;11.3302448824401
4167;910;4114;116;127;-16.6443021404258;-15.5456898517577;-14.1593954906378;-12.0391319544377;-3.73043511028895;-15.9511549598659;-2.14032584276621;-13.6214800819529;11.3253091422716
4187;911;4136;116;127;-16.6549688323765;-15.5563565437084;-14.1700621825885;-12.0497986463884;-3.73477059990122;-15.9618216518166;-2.14254917873644;-13.6239785431772;11.321635725025
4207;914;4150;118;127;-16.6617272264495;-15.5631149377814;-14.1768205766615;-12.0565570404614;-3.733864065574;-15.9685800458895;-2.13803852103237;-13.6526784534002;11.3354805066727
4228;916;4173;118;127;-16.6727809611831;-15.574168672515;-14.1878743113951;-12.067610775195;-3.73459045319491;-15.9796337806232;-2.13916430406769;-13.655162097209;11.3626103977215
4249;920;4194;118;127;-16.6828204229237;-15.5842081342556;-14.1979137731357;-12.0578476096395;-3.73881845406172;-15.9896732423638;-2.14228182294386;-13.658451260441;11.4020287447081
4270;925;4214;118;128;-16.6923351887283;-15.5937229000602;-14.2074285389403;-12.067362375444;-3.74120863144144;-15.9991880081683;-2.13892638460275;-13.6647902390411;11.3940565366207
4290;928;4234;118;128;-16.7018049033896;-15.6031926147215;-14.2168982536016;-12.0768320901054;-3.73958680423522;-16.0086577228297;-2.14305166254444;-13.6675983357237;11.4130349797119
4311;930;4254;119;128;-16.7112299915204;-15.6126177028523;-14.2263233417324;-12.0862571782361;-3.73579013951884;-16.0180828109604;-2.14431938273662;-13.682227838092;11.3930666792631
4331;932;4275;119;128;-16.7210787627417;-15.6224664740736;-14.2361721129537;-12.0961059494575;-3.73863053944887;-16.0279315821818;-2.14715917099767;-13.6825230637905;11.4105713853362
4352;932;4298;119;128;-16.7318101544049;-15.6331978657368;-14.2469035046169;-12.1068373411206;-3.74018436165786;-16.038662973845;-2.15144217312687;-13.6909101192023;11.4414037019868
4372;933;4314;119;129;-16.7392416538982;-15.6406293652301;-14.2543350041102;-12.1142688406139;-3.74066756362013;-16.0460944733383;-2.14929244926238;-13.7004617281033;11.4142100343655
4392;936;4339;119;131;-16.7507983715967;-15.6521860829286;-14.2658917218087;-12.1456281856086;-3.7409879804317;-16.0576511910368;-2.14597718104483;-13.7283020903321;11.424877799497
4413;939;4362;119;131;-16.7613718935231;-15.662759604855;-14.2764652437351;-12.1363990802389;-3.74295447717536;-16.0682247129632;-2.15530799148574;-13.7342122580227;11.4649409352707
4433;944;4386;119;133;-16.7723458579557;-15.6737335692876;-14.2874392081677;-12.1473730446714;-3.74102597561437;-16.0791986773957;-2.15601692544818;-13.7590873021221;11.466025758062
4453;946;4402;119;135;-16.7796285241728;-15.6810162355047;-14.2947218743848;-12.1744583381847;-3.73978842852355;-16.0864813436129;-2.15392624483464;-13.7846877646248;11.451196674021
4473;948;4414;119;135;-16.7850731736334;-15.6864608849653;-14.3001665238454;-12.1799029876453;-3.73972043859528;-16.0919259930734;-2.15761025535341;-13.7874756055996;11.4706286644217
4493;949;4432;119;135;-16.7932124568542;-15.6946001681861;-14.3083058070662;-12.1880422708661;-3.74192411714119;-16.1000652762943;-2.15780401269138;-13.7880502833192;11.4717739616795
4513;950;4451;119;135;-16.8017681380317;-15.7031558493636;-14.3168614882437;-12.1965979520436;-3.74243828151285;-16.1086209574718;-2.16052457879521;-13.7893327353418;11.4596878336159
4533;952;4470;119;136;-16.8102873752152;-15.7116750865471;-14.3253807254272;-12.2101423571539;-3.73793811070007;-16.1171401946553;-2.16163076586387;-13.8047512962884;11.4611854508605
4553;955;4495;119;136;-16.8214418938114;-15.7228296051433;-14.3365352440234;-12.1964690805272;-3.73740363072878;-16.1282947132515;-2.16454692549203;-13.8069636327787;11.4754704497942
4573;957;4508;119;136;-16.8272177503193;-15.7286054616512;-14.3423111005313;-12.2022449370351;-3.73736103583155;-16.1340705697594;-2.16835754448272;-13.810300945858;11.4948828579903
4593;958;4523;119;136;-16.8338615389557;-15.7352492502876;-14.3489548891677;-12.1991325507261;-3.73324900538956;-16.1407143583957;-2.17128557619134;-13.8136367402525;11.5161009187426
4615;961;4543;119;136;-16.8426857315188;-15.7440734428507;-14.3577790817308;-12.1982948323774;-3.73095872023604;-16.1495385509589;-2.17226039567616;-13.8111704353407;11.5119483278715
4635;965;4563;119;136;-16.8514711618548;-15.7528588731867;-14.3665645120668;-12.2070802627134;-3.72869187095449;-16.1583239812949;-2.17904584871469;-13.8129087706872;11.5499649102864
4655;969;4585;119;139;-16.8610907693811;-15.762478480713;-14.3761841195931;-12.255920583393;-3.72407920247101;-16.1679435888212;-2.17548756604996;-13.8486821230033;11.5248315839464
4675;971;4604;119;139;-16.8693615396835;-15.7707492510154;-14.3844548898955;-12.2641913536955;-3.71861675192068;-16.1762143591236;-2.17977488029946;-13.8531008231091;11.548826033462
4698;974;4633;119;139;-16.8819197708333;-15.7833074821652;-14.3970131210453;-12.256946957549;-3.72434370167323;-16.1887725902734;-2.17943813183539;-13.8549935531247;11.5863669334704
4719;976;4650;119;139;-16.8892449971628;-15.7906327084947;-14.4043383473748;-12.2642721838785;-3.72366122370396;-16.1960978166029;-2.18173312121027;-13.857319988672;11.6024988174628
4739;979;4667;121;139;-16.8965434918996;-15.7979312032315;-14.4116368421116;-12.3115760132291;-3.72657160058058;-16.2033963113397;-2.18174391558119;-13.8894178654082;11.6158044235782
4759;985;4695;122;139;-16.9085067832847;-15.8098944946166;-14.4236001334967;-12.3235393046142;-3.72542090650119;-16.2153596027248;-2.18652514883787;-13.9066396101375;11.6403903217991
4782;989;4716;125;139;-16.9174325233145;-15.8188202346464;-14.5195372505162;-12.3530843318467;-3.72604694152012;-16.2242853427546;-2.18757912939413;-13.9509754845735;11.6405975581171
4804;992;4737;125;139;-16.9263186058475;-15.8277063171794;-14.5284233330491;-12.3619704143797;-3.72548976396399;-16.2331714252876;-2.19277802944526;-13.9550608005662;11.6724585263896
4825;993;4755;125;140;-16.933903949959;-15.8352916612909;-14.5360086771606;-12.4121153729099;-3.72250457981669;-16.240756769399;-2.19123868735935;-13.9683336488037;11.679177079275
4845;994;4778;125;140;-16.9435546557715;-15.8449423671034;-14.5456593829731;-12.4217660787225;-3.71971108141786;-16.2504074752116;-2.1949202412882;-13.9754578042513;11.7061291999392
4865;997;4804;125;140;-16.9544083663997;-15.8557960777316;-14.5565130936014;-12.3900601749319;-3.72282473173296;-16.2612611858398;-2.19998920011414;-13.980523942811;11.745479617814
4885;999;4822;125;140;-16.9618881174822;-15.8632758288141;-14.5639928446839;-12.3975399260144;-3.72295844434942;-16.2687409369223;-2.20318748095143;-13.9799284291933;11.7503940345011
4905;1002;4840;125;140;-16.9693399994214;-15.8707277107532;-14.4844333496334;-12.3742201492868;-3.72617592187132;-16.2761928188614;-2.20152737173875;-13.9713377595652;11.7009243832618
4925;1007;4861;125;141;-16.9779989140909;-15.8793866254228;-14.4930922643029;-12.4136507226231;-3.73099606023371;-16.284851733531;-2.20136078800595;-13.9775760457307;11.6608442035302
4945;1010;4880;125;141;-16.9858009976944;-15.8871887090263;-14.5008943479064;-12.3906811475598;-3.72846975987957;-16.2926538171344;-2.20102440883164;-13.9768268037509;11.6644440422014
4965;1013;4895;125;141;-16.9919391099292;-15.8933268212611;-14.5070324601412;-12.3867689239411;-3.72813172735002;-16.2987919293693;-2.20506836438317;-13.9783361211184;11.6918757705753
4986;1017;4918;127;141;-17.0013144455523;-15.9027021568842;-14.5164077957643;-12.4580196632823;-3.72423540509663;-16.3081672649923;-2.20549401943324;-14.0087615847364;11.7067389389509
5008;1018;4943;127;141;-17.0114554266139;-15.9128431379458;-14.5265487768259;-12.4575785350134;-3.72796348582298;-16.318308246054;-2.20784784001691;-14.0117705208062;11.7113559777356
5028;1019;4958;127;141;-17.0175154251903;-15.9189031365222;-14.5326087754023;-12.4636385335897;-3.7283807723403;-16.3243682446303;-2.20842574039442;-14.0127072574686;11.7238901697408
5049;1023;4979;127;141;-17.0259686932844;-15.9273564046163;-14.5410620434964;-12.4616205018165;-3.73458178723007;-16.3328215127244;-2.21508010587747;-14.0168175376869;11.756999605165
5069;1025;4999;127;141;-17.0339863428271;-15.935374054159;-14.5490796930391;-12.4593285077579;-3.73361570182241;-16.3408391622672;-2.21766891986567;-14.0207855096104;11.7837905728163
5089;1025;5024;127;141;-17.0439634162961;-15.945351127628;-14.5590567665081;-12.4539197518935;-3.72982332332703;-16.3508162357361;-2.2207854910872;-14.0269583852067;11.8059274002256
5110;1027;5044;127;141;-17.0519093941696;-15.9532971055015;-14.5670027443816;-12.4467392081815;-3.73665880691655;-16.3587622136097;-2.2231697961021;-14.0284102867838;11.8286537028555
5130;1027;5059;127;141;-17.0578482285839;-15.9592359399158;-14.5729415787959;-12.4328754152996;-3.73852101764872;-16.3647010480239;-2.22484397373639;-14.0322808832918;11.8452505141545
5150;1031;5077;128;141;-17.0649516298948;-15.9663393412267;-14.5800449801068;-12.4698317797602;-3.73418805222096;-16.3718044493348;-2.22367083907772;-14.0367208251371;11.8049920018121
5173;1032;5093;128;141;-17.0712446537692;-15.9726323651011;-14.5863380039812;-12.4761248036346;-3.73204235754537;-16.3780974732093;-2.22596576114111;-14.0407668013918;11.8258155453424
5193;1035;5115;128;141;-17.0798653567715;-15.9812530681033;-14.5949587069835;-12.4647938571353;-3.72607284846614;-16.3867181762115;-2.22812513467047;-14.0427181871387;11.8499680308416
5213;1038;5137;128;141;-17.0884490609345;-15.9898367722664;-14.6035424111465;-12.4440581617932;-3.72416120314633;-16.3953018803746;-2.22566898359778;-14.0406396703667;11.865105960958
5235;1041;5151;128;141;-17.0938922991312;-15.9952800104631;-14.6089856493432;-12.4399319489736;-3.7205678892162;-16.4007451185712;-2.22825546292766;-14.0395964460764;11.8766624431176
5257;1045;5179;128;141;-17.1047345328478;-16.0061222441797;-14.6198278830598;-12.4226033057236;-3.7202761579943;-16.4115873522878;-2.22773704948166;-14.0332956479033;11.8446843520212
5278;1048;5199;128;141;-17.1124431567674;-16.0138308680993;-14.6275365069794;-12.4303119296432;-3.72121362116896;-16.4192959762075;-2.22865615753133;-14.0327825642468;11.8456195529933
5299;1048;5212;128;141;-17.1174378764895;-16.0188255878214;-14.5524885190279;-12.4353066493653;-3.72121349915074;-16.4242906959295;-2.22968638407936;-14.0340110566899;11.8461140572994
5319;1050;5229;128;141;-17.1239506683763;-16.0253383797082;-14.5590013109147;-12.4326027861471;-3.72131661519617;-16.4308034878163;-2.23220875000323;-14.0370225062215;11.8741382706407
5339;1052;5240;128;141;-17.1281535546302;-16.0295412659621;-14.5632041971686;-12.436805672401;-3.72409398445886;-16.4350063740702;-2.23248664249192;-14.0353051884272;11.8724608989944
5359;1055;5265;130;141;-17.1376728491362;-16.039060560468;-14.6527661993482;-12.4555416220119;-3.72548569436818;-16.4445256685762;-2.23397178780746;-14.062233464758;11.8620905048618
5379;1057;5287;130;141;-17.1460125124709;-16.0474002238028;-14.6611058626829;-12.4638812853467;-3.72573360352937;-16.452865331911;-2.23576048112046;-14.0630699357876;11.8582601761153
5400;1059;5311;130;141;-17.1550708408448;-16.0564585521767;-14.6701641910568;-12.4729396137206;-3.72986883409968;-16.4619236602849;-2.23789598965338;-14.0670761385936;11.8924325223409
5420;1065;5331;130;141;-17.1625882336455;-16.0639759449774;-14.597638876184;-12.4621078678531;-3.7324754856393;-16.4694410530856;-2.23665309431766;-14.0599644717663;11.8745693065431
5441;1069;5350;130;141;-17.1697036797801;-16.071091391112;-14.6047543223186;-12.4692233139877;-3.73048785262421;-16.4765564992202;-2.24058221028497;-14.060663833914;11.8916125197826
5461;1069;5369;130;141;-17.1767939008451;-16.078181612177;-14.6118445433836;-12.4763135350527;-3.73306032208637;-16.4836467202852;-2.24225129711891;-14.0650129154972;11.9122877012956
5481;1071;5387;131;141;-17.1834878453611;-16.084875556693;-14.6185384878995;-12.4830074795687;-3.7373207101509;-16.4903406648011;-2.24126227223233;-14.0768128145564;11.9002857267924
5500;1072;5405;131;141;-17.1901594601466;-16.0915471714785;-14.6252101026851;-12.4896790943542;-3.73290223397721;-16.4970122795867;-2.24710195422945;-14.0791245155675;11.9101819370635
5521;1076;5428;131;141;-17.1986520419095;-16.1000397532414;-14.633702684448;-12.4801531706144;-3.73450484506336;-16.5055048613496;-2.25081173832363;-14.0810356407311;11.9376575357922
5542;1078;5456;131;141;-17.2089423990466;-16.1103301103785;-14.6439930415851;-12.4904435277515;-3.72731004511716;-16.5157952184867;-2.25453242090768;-14.0844237792912;11.9310848848951
5562;1079;5473;131;141;-17.2151643822878;-16.1165520936197;-14.6502150248263;-12.4966655109927;-3.72808289410796;-16.5220172017279;-2.25523995985485;-14.0840799779832;11.9222833183304
5582;1083;5495;131;141;-17.2231877336754;-16.1245754450073;-14.5841304040602;-12.5046888623803;-3.73033171789431;-16.5300405531155;-2.26567882256155;-14.0817520740961;11.9111234942302
5602;1086;5519;131;141;-17.231903926879;-16.1332916382109;-14.5928465972637;-12.4957054784845;-3.73193596649732;-16.5387567463191;-2.26883569003013;-14.0861581745271;11.9376459330989
5624;1090;5539;133;141;-17.2391385160662;-16.1405262273981;-14.6741891586047;-12.5206396447711;-3.73040722672495;-16.5459913355063;-2.26810586056761;-14.1142750405264;11.9477248582181
5644;1093;5554;133;141;-17.2445473357335;-16.1459350470654;-14.679597978272;-12.5260484644384;-3.72775553093856;-16.5514001551735;-2.27028249353391;-14.1126956235674;11.9318993170831
5664;1094;5578;133;141;-17.2531711363749;-16.1545588477068;-14.6882217789133;-12.5346722650798;-3.7286922545263;-16.5600239558149;-2.27275973830161;-14.1179980489215;11.9615500280598
5684;1095;5591;133;141;-17.2578268820533;-16.1592145933852;-14.6928775245918;-12.5216284336588;-3.72768108358564;-16.5646797014933;-2.27355037124788;-14.1167110200529;11.9418099506476
5708;1097;5607;133;141;-17.2635421922473;-16.1649299035792;-14.6244848626321;-12.5273437438528;-3.72740564776465;-16.5703950116874;-2.2740091978505;-14.1171711808505;11.9534199551724
5728;1099;5632;133;141;-17.2724397956758;-16.1738275070076;-14.6333824660605;-12.5188496045694;-3.73199786189061;-16.5792926151158;-2.27320342739799;-14.1162429610025;11.9686909446168
5748;1100;5655;133;141;-17.2805907771004;-16.1819784884323;-14.6415334474852;-12.5099061526348;-3.73253230464252;-16.5874435965405;-2.27300308861662;-14.115804199145;11.9683819678963
5768;1103;5672;133;141;-17.2865941364239;-16.1879818477558;-14.6475368068087;-12.5159095119583;-3.73589714000783;-16.593446955864;-2.28132765678848;-14.1117387865546;11.9472313185292
5790;1110;5696;133;141;-17.2950389061836;-15.9087445450637;-14.5869887050814;-12.5075471634016;-3.73579315227338;-16.6018917256237;-2.28184296838639;-14.1068821123209;11.9424192787146
5810;1113;5715;134;141;-17.3016991524578;-16.2030868637897;-14.5936489513556;-12.5142074096758;-3.74245339854758;-16.6085519718979;-2.28206800108896;-14.1206392496235;11.9612855905918
5830;1115;5746;134;141;-17.3125184790785;-15.9262241179586;-14.6044682779763;-12.5250267362964;-3.74508473897362;-16.6193712985185;-2.28405228351294;-14.1230215277285;11.9882458097527
5851;1115;5764;134;141;-17.3187739142388;-15.9324795531189;-14.6107237131366;-12.5312821714568;-3.74188863343947;-16.6256267336789;-2.28755626873067;-14.1285718659643;12.0016529385699
5871;1116;5785;134;141;-17.3260472792556;-15.9397529181357;-14.6179970781533;-12.5385555364735;-3.74363970350006;-16.6329000986956;-2.29188616413935;-14.133559561348;12.0258575498552
5891;1117;5798;134;141;-17.3305366189632;-15.9442422578433;-14.622486417861;-12.5430448761812;-3.7387535327615;-16.6373894384033;-2.29367149849373;-14.1356983072323;12.0416519588793
5911;1122;5819;134;141;-17.3377674093133;-15.9514730481934;-14.6297172082111;-12.5419768637166;-3.74501297772201;-16.6446202287534;-2.29146608483304;-14.1298496609225;12.0321148390107
5932;1124;5838;134;141;-17.3442871028281;-15.9579927417082;-14.6362369017259;-12.5484965572314;-3.745086001889;-16.6511399222682;-2.29332542252279;-14.1292352735134;12.0253486975849
5952;1127;5859;134;141;-17.3514684390896;-15.9651740779697;-14.6434182379874;-12.5311868734845;-3.74456263481843;-16.6583212585296;-2.29554833144461;-14.1300073433827;12.0414278210094
5973;1129;5876;135;141;-17.3572630745875;-15.9709687134676;-14.6492128734853;-12.5614725289908;-3.74333029002291;-16.6641158940276;-2.29480557130654;-14.1459375172293;12.0596428440001
5993;1129;5887;135;141;-17.3610036180565;-15.9747092569366;-14.6529534169543;-12.5652130724598;-3.74419037062654;-16.6678564374966;-2.29614563220619;-14.1486746449105;12.0713242390588
6000;1129;5894;135;141;-17.3633803265953;-15.9770859654754;-14.6553301254931;-12.5675897809985;-3.74306746829482;-16.6702331460353;-2.29670550595648;-14.1504502899922;12.0795693764794
6021;1132;5915;136;141;-17.370493552825;-15.9841991917051;-14.6624433517228;-12.5664725080917;-3.74699858735423;-16.677346372265;-2.29582395349098;-14.163600275978;12.0917816202466
6041;1135;5940;136;141;-17.3789288247134;-15.9926344635935;-14.6708786236112;-12.5749077799801;-3.73867563378919;-16.6857816441534;-2.29717316347842;-14.1643264596668;12.0966804004025
6061;1137;5961;136;141;-17.3859870624399;-15.99969270132;-14.6779368613376;-12.5819660177066;-3.73943613080334;-16.6928398818799;-2.30010547183992;-14.1650353796818;12.1107938752335
6081;1138;5973;136;141;-17.3900091854646;-16.0037148243447;-14.6819589843624;-12.5697276198596;-3.74031711219528;-16.6968620049047;-2.30141831825811;-14.1664198890847;12.1177567523941
6102;1140;5994;136;141;-17.3970284957532;-16.0107341346333;-14.688978294651;-12.5767469301482;-3.73669914843073;-16.7038813151933;-2.30742633606859;-14.1719772563261;12.1379967408782
6122;1144;6015;137;141;-17.4040232568176;-16.0177288956977;-14.6959730557153;-12.5837416912125;-3.73903098382182;-16.7108760762576;-2.30735776672157;-14.1836210790967;12.1390188010739
6142;1147;6035;137;141;-17.4106622670633;-16.0243679059434;-14.7026120659611;-12.582348529761;-3.74349395724041;-16.7175150865033;-2.3106055071711;-14.1876688198032;12.1688420831661
7000;1247;6929;138;141;-17.6869415632548;-16.3006472021349;-14.6912092897008;-12.6117677480209;-3.76004885611344;-16.9937943826948;-2.37929394478203;-14.216268133618;12.4452442424224
8000;1328;7968;138;141;-17.9663775985289;-16.1746181293008;-14.7082810605074;-12.6482576046847;-3.75614745939422;-17.2732304179689;-2.4812599511898;-14.2769024222576;12.8991969665564
8500;1377;8493;138;141;-18.09399514756;-16.302235678332;-14.7266993175735;-12.6646495186056;-3.76462317849863;-17.4008479670001;-2.52096638491167;-14.2807304108724;13.0139101760644
10500;1503;10422;138;141;-18.5033484709383;-16.3061238936021;-14.8144690168244;-12.7103348625542;-3.73799248957324;-17.4047361822702;-2.63289028800092;-14.3347927960082;13.515342327604
11000;1535;10898;138;141;-18.5926691302861;-16.290084037292;-14.7860066405158;-12.7065650988359;-3.75297856480016;-17.494056841618;-2.64738793219197;-14.3426542269076;13.6274742757142
11500;1564;11433;138;141;-18.6885183790839;-16.3859332860899;-14.817317368176;-12.7352750447962;-3.74860108807644;-17.3022240179641;-2.68422690245961;-14.3749579271581;13.8671478158432
12000;1603;11955;138;141;-18.7778097597849;-16.2929031099968;-14.8265660412034;-12.7257205908604;-3.74349108691402;-17.391515398665;-2.70085334116138;-14.3708413611898;13.8952060796455
12500;1629;12446;138;141;-18.8583091302583;-16.3734024804703;-14.8329574395232;-12.7184245780321;-3.74897043884676;-17.4720147691384;-2.73762592989529;-14.3911906602873;14.0286502945121
13000;1655;12935;138;141;-18.9353841892403;-16.4504775394523;-14.8410396270182;-12.7247841122156;-3.75056521802085;-17.5490898281204;-2.7650388413931;-14.4039194454835;14.0938419498722
14000;1712;13921;138;141;-19.0823075407771;-16.3742573396749;-14.8482010361799;-12.7384271066508;-3.76120917173123;-17.472869628343;-2.80650155309436;-14.4159404665294;14.2761383975833
14500;1734;14391;138;141;-19.1487165803403;-16.4406663792381;-14.8720504613243;-12.735257623173;-3.76628654260005;-17.3569571111123;-2.82447681318097;-14.4322364218964;14.4275886424148
15000;1773;14946;138;141;-19.2243979689805;-16.4518092467407;-14.8676891422909;-12.7505072726282;-3.76612865548501;-17.4326384997524;-2.85611099796903;-14.4404809254751;14.5399837373343
15500;1811;15497;138;141;-19.2968034715747;-16.4064317136785;-14.8659866727314;-12.7500180608141;-3.75689764287747;-17.5050440023466;-2.87817961419938;-14.442099491656;14.6479028221132
16000;1847;16012;138;141;-19.3621874402249;-16.3664551666709;-14.8623777698947;-12.7421142336946;-3.75609277016092;-17.5704279709969;-2.8937028408656;-14.43957901179;14.7385167294253
16500;1868;16484;138;141;-19.4202909849174;-16.4245587113634;-14.8559427934496;-12.7482580394563;-3.7658926498647;-17.6285315156894;-2.91244919065843;-14.4504333183173;14.8844216671585
17000;1900;16978;138;141;-19.4793473345958;-16.4348248968724;-14.8842274844612;-12.7447556746229;-3.76238558497815;-17.399905792916;-2.93678302558038;-14.4478217171128;14.8076097800855
17500;1919;17469;138;141;-19.5363663210105;-16.491843883287;-14.8824059708529;-12.7440218935396;-3.76857750493531;-17.4569247793306;-2.94988084228381;-14.4589405449327;14.9066757271228
18500;1956;18428;138;141;-19.6432530521116;-16.4651992217637;-14.8810791173139;-12.7475703543637;-3.76716374155001;-17.5638115104318;-2.97612998700572;-14.4803588978731;15.1198116545125
19000;1979;18922;138;141;-19.6961610905288;-16.5181072601808;-14.9086693477467;-12.7520738822993;-3.76825160145658;-17.6167195488489;-2.98966457443903;-14.4872024458683;15.1879855299541
20500;2058;20383;138;141;-19.8449129981675;-16.4437156165053;-14.9032705755582;-12.7818648347793;-3.77319013558726;-17.7654714564876;-3.03749401826004;-14.4901812722097;15.208200103171
21000;2086;20877;138;141;-19.8928067070259;-16.4916093253638;-14.8821714129297;-12.7756012038616;-3.77432513054643;-17.8133651653461;-3.05668976719351;-14.5005004825554;15.344764619068
21500;2113;21372;138;141;-19.9396738661553;-16.5384764844932;-14.8898178589058;-12.7796046585592;-3.77737991083094;-17.6370887731613;-3.0729470858204;-14.4998420194515;15.378261652307
22000;2144;21866;138;141;-19.9853763959889;-16.5196404931891;-14.8977800607565;-12.7716080878702;-3.77958200432948;-17.6827913029948;-3.07813176025722;-14.4914788872616;15.3800129205447
22500;2166;22367;138;141;-20.0306838746205;-16.5043233500044;-14.8948854375703;-12.7843157945181;-3.78263738357211;-17.7280987816265;-3.0936852081778;-14.4985101483394;15.4695489702621
23000;2183;22843;138;141;-20.0728000073117;-16.5174519458223;-14.9023160122736;-12.7893517785551;-3.7767368480196;-17.7702149143177;-3.10427385068429;-14.5097290667591;15.5823117905731
23500;2214;23363;138;141;-20.1178177067079;-16.5342987682518;-14.8974618816296;-12.7834883564074;-3.77740860887676;-17.8152326137139;-3.11769938408648;-14.4995367229967;15.5235923102161
24000;2233;23844;138;141;-20.1585757846796;-16.5750568462235;-14.9010804126519;-12.7808168764518;-3.76919119749172;-17.8559906916856;-3.13734702496782;-14.5118319789526;15.6497169169957
24500;2249;24345;138;141;-20.2001635372336;-16.536601891104;-14.9118965065391;-12.7880032022884;-3.76465688042402;-17.8975784442396;-3.15105651660547;-14.518392736663;15.6789135313862
25000;2265;24884;138;141;-20.2439606112698;-16.5550811571559;-14.9258406174256;-12.7956267503723;-3.76132185172393;-17.9413755182758;-3.1669597421907;-14.5310942652632;15.8198467763348
25500;2281;25390;138;141;-20.2842213493974;-16.5465517311141;-14.9276350747254;-12.7842448084453;-3.76106367155729;-17.9816362564034;-3.17793418847292;-14.5305140623879;15.8170719622114
26000;2300;25906;138;141;-20.3244597621804;-16.5402701282621;-14.9128137103254;-12.7753770513681;-3.75622408863173;-17.8395531123924;-3.19054320715896;-14.5221464661108;15.7150706134291
26500;2319;26377;138;141;-20.3604953945747;-16.5538329048044;-14.905174279217;-12.7731848885521;-3.75749272366097;-17.8755887447867;-3.198406941652;-14.5190163656743;15.6819990506574
27000;2342;26841;138;141;-20.3953716964314;-16.5241706855235;-14.9147327730894;-12.7624861910363;-3.76087558999815;-17.9104650466434;-3.2036661273654;-14.512956177432;15.6471440438993
28000;2378;27808;138;141;-20.4661580561302;-16.5343324234059;-14.9054764251147;-12.7586458615299;-3.75814379226461;-17.9812514063422;-3.2186911286244;-14.5166904676268;15.7415718860615
28500;2405;28329;138;141;-20.5032825878624;-16.5142985412981;-14.8974805215664;-12.7608805660466;-3.75631799135904;-18.0183759380744;-3.22768043251285;-14.514116759586;15.7446946177165
29000;2426;28796;138;141;-20.5359835351784;-16.5469994886141;-14.9011939320091;-12.7691429980929;-3.75637565360558;-18.0510768853904;-3.24237554392997;-14.5184753272376;15.7820621041573
30000;2461;29773;138;141;-20.6027144430449;-16.5596631752104;-14.9089823042422;-12.7588658048925;-3.75940159608995;-18.1178077932569;-3.27041246928613;-14.5174800743345;15.7789749755505
31500;2507;31251;138;141;-20.6996133093051;-16.5564785829136;-14.9219609860825;-12.7777148982813;-3.75789495583261;-18.2147066595171;-3.30668346130749;-14.5394827700198;16.0161649365339
32000;2533;31758;138;141;-20.7317998821721;-16.5574126122764;-14.9028542645619;-12.7767256089094;-3.75692862687252;-18.0927425525568;-3.32252161208828;-14.5364561067698;16.0198732858829
32500;2553;32279;138;141;-20.7643442859394;-16.574689543913;-14.9121418061649;-12.774106100219;-3.75614698284594;-18.1252869563241;-3.34001054829343;-14.5373919321367;16.0538910347676
33000;2569;32773;138;141;-20.7947205692989;-16.5606140647017;-14.9086165378488;-12.7803848319995;-3.75523711861532;-18.1556632396837;-3.34748496812749;-14.5392509326703;16.1003646130612
33500;2584;33310;138;141;-20.8272258623754;-16.5787306203261;-14.9137228567372;-12.7854911508879;-3.75536374952605;-18.1881685327602;-3.35952512025822;-14.5426572202589;16.139411433604
34000;2604;33827;138;141;-20.85802915831;-16.5539640651059;-14.9047858240222;-12.784002942186;-3.75543175622408;-18.2189718286948;-3.37269422151464;-14.542965335774;16.1849798243446
34500;2626;34370;138;141;-20.8898787396878;-16.5460733178341;-14.8984141925798;-12.778550736401;-3.7519878425028;-18.2508214100725;-3.38216473320514;-14.5394336422087;16.1669301669727
37000;2700;36884;138;141;-21.0310662633181;-16.5537294488399;-14.9020160532575;-12.7726438008592;-3.74833702740867;-18.3920089337028;-3.41979659755672;-14.5437264469317;16.2570350083074
38500;2746;38380;138;141;-21.1105835391234;-16.5567066475228;-14.9060257765547;-12.7672676577184;-3.74261365949238;-18.4715262095081;-3.45384388239424;-14.549615865345;16.3778175001328
39500;2784;39378;138;141;-21.1619251274036;-16.566805277269;-14.8928288436973;-12.7545468019945;-3.7353897706157;-18.4538749263013;-3.47450974376712;-14.5422451121604;16.3157776332854
40000;2797;39889;138;141;-21.1877117512913;-16.562738938007;-14.8979961803823;-12.7593497735817;-3.73634394836542;-18.4151230290515;-3.48249426967697;-14.5464955458299;16.3811632484027
41500;2844;41442;138;141;-21.2641002766341;-16.5819690495098;-14.8899308790688;-12.774895121758;-3.74000568128151;-18.4915115543943;-3.51173015003704;-14.5545346539322;16.534090966412
42500;2875;42445;138;141;-21.3119287983441;-16.593429927049;-14.8951965158318;-12.7680936759815;-3.74382426076954;-18.5393400761044;-3.52879957602182;-14.5509645102073;16.4792017195008
43000;2888;42938;138;141;-21.335024987459;-16.5728510526613;-14.8988746190896;-12.7694226568351;-3.74459916993973;-18.5624362652192;-3.53691531589388;-14.5501375910613;16.5013320555039
44000;2920;43938;138;141;-21.3810696565782;-16.5688853012058;-14.8933867964435;-12.7682027150937;-3.74728692939856;-18.6084809343385;-3.55622241263923;-14.5503098160521;16.5475942397458
45500;2968;45440;138;141;-21.4482961067901;-16.5962658428704;-14.8943627027643;-12.7725618872453;-3.74425402014058;-18.6757073845503;-3.58811552171385;-14.5579201650655;16.6557123461678
46000;2982;45944;138;141;-21.4703570850883;-16.5875551625019;-14.8911058730782;-12.7741812381436;-3.74611966802252;-18.6977683628485;-3.59526718253312;-14.5532611780376;16.5541700904669
46500;2999;46435;138;141;-21.4916175284202;-16.5863427499818;-14.9013164802235;-12.7760654025124;-3.74489670350089;-18.7190288061804;-3.60666512289411;-14.5563022287199;16.6115863315469
47500;3021;47461;138;141;-21.5353272002857;-16.5936847776764;-14.9020087670053;-12.7694006865562;-3.74365973510304;-18.7627384780459;-3.62177741379232;-14.5617440580633;16.6678594615954
48500;3047;48447;138;141;-21.5764513917944;-16.5997176493738;-14.8930904460281;-12.7707764477558;-3.74148964184964;-18.8038626695546;-3.63654139502066;-14.5574629073429;16.6382828936054
49000;3065;48983;138;141;-21.5984571562401;-16.601244882476;-14.894042801276;-12.7726034859869;-3.7410431116973;-18.8258684340004;-3.64575744835483;-14.5613203770171;16.6913440475615
49500;3078;49467;138;141;-21.6181221191382;-16.5942415982919;-14.8894935060535;-12.7759510705264;-3.74255822999088;-18.8455333968984;-3.6533252391492;-14.5632387997089;16.7051220333653
50500;3099;50509;138;141;-21.6598136344126;-16.6163885174934;-14.8982408656086;-12.7785330393422;-3.74315510995458;-18.8872249121729;-3.67117872677779;-14.569123695528;16.7874542768955
51500;3119;51498;138;141;-21.6985965018925;-16.6234226866587;-14.9090620126395;-12.7803479108568;-3.74336226665091;-18.9260077796528;-3.68398147637863;-14.576339746629;16.8631557947425
52000;3130;51990;138;141;-21.7176133427555;-16.6300170075231;-14.9129988226929;-12.7817098164811;-3.74259858186628;-18.9450246205157;-3.68989376800515;-14.5809359228218;16.9148982418477
52500;3141;52511;138;141;-21.7375559008844;-16.6135919214811;-14.9131822308413;-12.779659165934;-3.74335197297986;-18.8471841429882;-3.70027142812612;-14.5809989191302;16.9173972487231
53000;3152;52958;138;141;-21.7545088510947;-16.6305448716914;-14.9086289758306;-12.783187379591;-3.74498940779537;-18.8641370931985;-3.70286686905261;-14.5766190453443;16.8464508187916
54000;3172;53954;138;141;-21.7917742213252;-16.598817370435;-14.9052425787947;-12.7914144141369;-3.73927806096933;-18.7960419477712;-3.71352146431799;-14.575340871052;16.8301580755423
54500;3187;54467;138;141;-21.8107005853445;-16.6177437344543;-14.9024455561958;-12.7900689885963;-3.73763240162712;-18.8149683117905;-3.72052982164146;-14.5751799097392;16.836727293098
57500;3264;57435;138;141;-21.916818305159;-16.5986983113148;-14.9096703847646;-12.7855211405233;-3.73955023786033;-18.921086031605;-3.76485168140395;-14.5736162498885;16.8117021172187
58500;3293;58418;138;141;-21.9507586810093;-16.6036511502918;-14.8989030580534;-12.7812403035533;-3.73963054013964;-18.8597162276509;-3.77530388211114;-14.56977991075;16.8101861627309
59500;3315;59405;138;141;-21.9842673537848;-16.5906398074324;-14.8983658894192;-12.7811530269003;-3.73843745402176;-18.8932249004265;-3.78371144705221;-14.5705515686274;16.8201383241994
60000;3326;59909;138;141;-22.0011640464689;-16.6030013449511;-14.9040289319141;-12.7816657367079;-3.74046441969172;-18.8231102161209;-3.7901230667603;-14.5731630439444;16.860977451175
60500;3339;60386;138;141;-22.0170251379529;-16.6009247357484;-14.9006309938594;-12.7860981323683;-3.74065875442413;-18.8389713076049;-3.79447889499115;-14.5711232147997;16.8239005875944
61000;3354;60883;138;141;-22.0334185371765;-16.5910008266547;-14.894551537231;-12.7858787242112;-3.74440398926691;-18.775321999155;-3.79779074087212;-14.5670847307954;16.7918257176608
62000;3377;61892;138;141;-22.0662924192191;-16.5940217455477;-14.8946355964506;-12.7834453564562;-3.74477671149215;-18.5697848577526;-3.81231276133217;-14.5673322473556;16.7985807533168
62500;3382;62374;138;141;-22.0818076017224;-16.6011686783804;-14.8994554898371;-12.7834563524235;-3.74683358073637;-18.5853000402559;-3.81429230310019;-14.5708582414818;16.8456678439552
63500;3398;63385;138;141;-22.1139650387457;-16.5845359512342;-14.8950553311266;-12.7826467402166;-3.74490425305599;-18.6174574772792;-3.82098552730664;-14.5716070054647;16.8757838630419
64500;3421;64362;138;141;-22.144557351651;-16.6111678629234;-14.8974767670652;-12.7809810037759;-3.74069711254526;-18.6480497901845;-3.83946682434091;-14.5788372150551;16.9614538098284
65000;3434;64837;138;141;-22.1592634140865;-16.614085969607;-14.8976873217492;-12.7827308672463;-3.74135222180423;-18.66275585262;-3.84794147943675;-14.5797720033915;16.988225323151
66000;3455;65832;138;141;-22.1897226425711;-16.6137735394248;-14.9049017300025;-12.7813514200958;-3.74501542004149;-18.6932150811046;-3.8580295945134;-14.5832760347187;17.0317058522675
66500;3460;66346;138;141;-22.2052775031657;-16.621781194384;-14.9081864980053;-12.7874352758653;-3.74368849001484;-18.7087699416992;-3.86555503505818;-14.5889603377301;17.0793395791854
67000;3470;66834;138;141;-22.2199344241465;-16.6215124651481;-14.9107220584537;-12.7888533854724;-3.74333443603011;-18.72342686268;-3.87515104003983;-14.591335664245;17.0772203057715
67500;3481;67307;138;141;-22.2340390442221;-16.6282369779261;-14.9164947407289;-12.7914764569985;-3.74429895099244;-18.7375314827556;-3.8805776061686;-14.5906117739268;17.0601961849923
68000;3486;67839;138;141;-22.2497850595822;-16.6403132643972;-14.9200353705407;-12.7914914573832;-3.74312402419294;-18.7532774981157;-3.88540035553875;-14.5946779164449;17.1132245548164
68500;3494;68351;138;141;-22.264822945246;-16.6300333420767;-14.9181677820694;-12.7884328009451;-3.74220444158755;-18.7683153837795;-3.89273490345993;-14.5956339037174;17.1320427560272
70500;3529;70296;138;141;-22.3209403543514;-16.6373605870127;-14.9233788188273;-12.7870682570297;-3.7412033028633;-18.8244327928849;-3.91040452648264;-14.6019372353825;17.2417689910917
71000;3533;70778;138;141;-22.3346069938612;-16.6341634204705;-14.9272892833917;-12.7868662446909;-3.74027744292233;-18.8380994323947;-3.91279606880412;-14.6039437942625;17.261161949021
71500;3549;71282;138;141;-22.3487982402249;-16.6317705388187;-14.9306174174981;-12.7904806400132;-3.73993911586957;-18.7652793017688;-3.91818390813379;-14.6023389134427;17.2591218712538
72000;3557;71777;138;141;-22.362638738913;-16.6390536369606;-14.9325246003512;-12.7924584368549;-3.74015175356578;-18.7791198004569;-3.92480526770723;-14.6051347443358;17.3021276708447
73500;3588;73283;138;141;-22.4041678747493;-16.6358468789556;-14.9325212627833;-12.8007049178634;-3.74047318977662;-18.7406062286197;-3.9473771548197;-14.6098865625842;17.3629008322233
74000;3598;73809;138;141;-22.4184719087453;-16.6377283929529;-14.934103896693;-12.7974135823795;-3.73984543229155;-18.7549102626156;-3.9552555864963;-14.6094550034686;17.3385978479596
74500;3603;74275;138;141;-22.4310594006616;-16.6503158848693;-14.9355174567774;-12.7999056436305;-3.73944798887165;-18.6933897823782;-3.95781461306565;-14.6123000442205;17.3712993912397
75000;3613;74787;138;141;-22.4447987041334;-16.6517850957493;-14.9382069240626;-12.7949139103962;-3.73952622791541;-18.7071290858501;-3.96288082010989;-14.6145501688873;17.4254307349571
75500;3614;75268;138;141;-22.4576207133291;-16.6494782233486;-14.9422761421486;-12.8001615846446;-3.73928725439685;-18.6509582235587;-3.96576630022519;-14.6187090857279;17.4619217702946
76000;3621;75772;138;141;-22.4709682204963;-16.6538570605331;-14.9372745106477;-12.8067536012043;-3.73777909312277;-18.664305730726;-3.96788569828226;-14.6166689908256;17.3870486343415
77000;3638;76820;138;141;-22.4984406037998;-16.6607101566339;-14.938360138778;-12.8014853367727;-3.74009764581597;-18.6917781140295;-3.98002676313289;-14.618159117567;17.3911296959352
77500;3647;77365;138;141;-22.5125795218475;-16.6690351048162;-14.9359697548745;-12.804498765654;-3.74152162145499;-18.7059170320772;-3.9822318690731;-14.6156765391157;17.3257301798987
78000;3654;77868;138;141;-22.5255407288183;-16.6676075743349;-14.9389908076607;-12.8047748130975;-3.74325030081017;-18.718878239048;-3.99044417640582;-14.6189251351821;17.3660985510815
78500;3664;78347;138;141;-22.537805914651;-16.6770196911851;-14.942418635797;-12.8007862549857;-3.74467680582463;-18.7311434248807;-3.99512467659153;-14.6221645035509;17.415553404322
80000;3695;79844;138;141;-22.5756600198615;-16.6785061522248;-14.9403561336021;-12.7981893079089;-3.74647383430242;-18.7689975300912;-4.01944648990917;-14.6213178396107;17.4436865067372
81000;3713;80871;138;141;-22.6012211430767;-16.6663269474571;-14.9364053577909;-12.7951259365492;-3.7478943038287;-18.7300201321688;-4.03281044237948;-14.6220104517606;17.4710717119845
81500;3719;81355;138;141;-22.6131551471468;-16.6729838944264;-14.9352916464686;-12.7982802529673;-3.74819925599167;-18.7419541362389;-4.03540316093605;-14.6229281580541;17.4809596790354
82000;3729;81864;138;141;-22.6256292255332;-16.6672045325034;-14.93854906975;-12.7994547760997;-3.74902819620716;-18.7544282146253;-4.03952152998095;-14.6170485475952;17.3726132066953
83000;3744;82897;138;141;-22.6507083045801;-16.6768986927108;-14.9427467727446;-12.8005160491022;-3.74860085510542;-18.7795072936722;-4.05115689297505;-14.6201292830158;17.3881787643715
83500;3754;83361;138;141;-22.6618717061529;-16.6729102892631;-14.9414100115532;-12.797176958336;-3.74894649179388;-18.790670695245;-4.05474116333587;-14.617625212785;17.3639819083361
85000;3789;84905;138;141;-22.6985765267608;-16.6583218154834;-14.9389624670667;-12.7975921044428;-3.75042972621732;-18.7667508940365;-4.06623887915794;-14.6078636551055;17.2035278499427
85500;3799;85413;138;141;-22.710507186032;-16.6702524747546;-14.9356514193665;-12.7954863976822;-3.75071583285756;-18.6851554952968;-4.07157910568685;-14.6081713089483;17.1903813622836
86000;3806;85902;138;141;-22.7219247811768;-16.6651407679481;-14.9399523299498;-12.7978505950322;-3.75079453158856;-18.6965730904416;-4.07895959083517;-14.6076962228116;17.1854107499646
86500;3816;86362;138;141;-22.7326060864609;-16.6572600553722;-14.9369595501263;-12.7977167707852;-3.75111694030598;-18.7072543957257;-4.08330489679908;-14.6070886693764;17.162905070181
87500;3834;87387;138;141;-22.7562036183235;-16.6514103859085;-14.9361656288648;-12.799459699487;-3.75297515324564;-18.7308519275884;-4.08778050608476;-14.6037095665292;17.1628262433598
88000;3838;87893;138;141;-22.7677508891044;-16.6585033063401;-14.9343488029533;-12.7955304988872;-3.75273496863218;-18.7423991983693;-4.09009322795344;-14.6055467686973;17.1919127926306
88500;3846;88365;138;141;-22.7784624852478;-16.6494122751872;-14.9346138470953;-12.7943631562193;-3.75440831685633;-18.7531107945126;-4.09280553706826;-14.6016987891952;17.1261169970677
89500;3865;89332;138;141;-22.8002300906807;-16.664665199599;-14.9385030128567;-12.7945470258299;-3.75257145628721;-18.7748783999456;-4.10028400579459;-14.605551047615;17.1750305228889
90500;3877;90400;138;141;-22.8239990927605;-16.667020107175;-14.9379176909848;-12.7877742127862;-3.75468054656972;-18.6044913875844;-4.10200056664424;-14.6048922645308;17.1785677987518
91000;3892;90932;138;141;-22.8357345068385;-16.6619484029365;-14.9421624333336;-12.7937466770572;-3.75490045296549;-18.6162268016624;-4.10888520828909;-14.5999217446332;17.102310653752
91500;3905;91441;138;141;-22.8468984690838;-16.6524930779791;-14.9363078568273;-12.790260737054;-3.75528892996295;-18.6273907639076;-4.11162441768719;-14.5985633889637;17.1021849335194
92000;3919;91976;138;141;-22.8585659048672;-16.6540081422985;-14.9381210490194;-12.7923219510319;-3.75551237625636;-18.639058199691;-4.12057999459889;-14.6006838223992;17.1298993922457
92500;3929;92493;138;141;-22.8697764899226;-16.6472002218512;-14.9302612292602;-12.7891055584486;-3.75584007129597;-18.6502687847465;-4.12275981570883;-14.6013194745725;17.145429010419
93000;3939;93016;138;141;-22.8810536006969;-16.6545169314094;-14.9317857652092;-12.7888897257288;-3.75626491539366;-18.6615458955208;-4.12805309400754;-14.6016136692026;17.1533874451744
93500;3949;93533;138;141;-22.8921391883683;-16.6557695981646;-14.9342620747316;-12.7924271738693;-3.75700155219397;-18.6726314831922;-4.13245784964485;-14.604133233166;17.1876616350037
94000;3957;94058;138;141;-22.9033337844988;-16.6533585422393;-14.9319028463056;-12.7872379825638;-3.75772656370248;-18.6838260793226;-4.13368199054073;-14.6035025281102;17.1880551141795
95000;3979;95082;138;141;-22.9249899123417;-16.6615916497501;-14.9320453650236;-12.7895973028228;-3.75901332687218;-18.7054822071656;-4.14211542010458;-14.6037762005974;17.200949030853
95500;3985;95558;138;141;-22.9349773439232;-16.665881060217;-14.9312800048289;-12.7897207759497;-3.7590733338308;-18.7154696387471;-4.14650337680323;-14.6050993760201;17.220599450304
96000;3992;96084;138;141;-22.9459561757213;-16.6711941544793;-14.9329440653524;-12.7875938737095;-3.7594948106428;-18.7264484705452;-4.1523532056428;-14.6061813629205;17.2421719226254
96500;4002;96581;138;141;-22.956274626969;-16.66655905606;-14.9304312828181;-12.7886167495671;-3.75958680678636;-18.7367669217929;-4.15889869526586;-14.6079623077399;17.2681671303083
97500;4017;97609;138;141;-22.9774499625291;-16.6748309867842;-14.9344291288595;-12.7923612891072;-3.75806932882936;-18.757942257353;-4.16452875858593;-14.6070499404775;17.2320624650485
98500;4035;98584;138;141;-22.9973285112359;-16.6693917275067;-14.9355262366976;-12.7874598088155;-3.75868757270464;-18.7778208060598;-4.17204486410058;-14.60712715382;17.2249613679855
99000;4040;99070;138;141;-23.0071638999342;-16.6721096484361;-14.9409563319279;-12.7901437963561;-3.75855475540706;-18.787656194758;-4.17521046457933;-14.6095705973037;17.2549477035872
99500;4047;99579;138;141;-23.0174131559372;-16.6717767951086;-14.9427640808706;-12.7896705507185;-3.75804229212868;-18.7979054507611;-4.17955496850983;-14.6110289120199;17.275711793851
1e+05;4053;100068;138;141;-23.02721046775;-16.6711028070541;-14.9431108487877;-12.7917249589876;-3.75868915356118;-18.8077027625739;-4.1818774064823;-14.6112443119221;17.2853666050483
101500;4079;101652;138;141;-23.0586209884391;-16.6784984515393;-14.9436980142345;-12.7954330731626;-3.75934360412589;-18.839113283263;-4.19615542835661;-14.6156314332283;17.3608272906216
103000;4095;103169;138;141;-23.0882473986146;-16.6780725166485;-14.9448753205322;-12.7963391725796;-3.76031556955992;-18.8687396934385;-4.210287748652;-14.6197160727969;17.3857026543785
104500;4124;104679;138;141;-23.1173076073505;-16.6747674408823;-14.9375471136506;-12.7930066697594;-3.76272460882759;-18.8406414883345;-4.21790273720534;-14.6128851506142;17.3388505974822
105000;4128;105136;138;141;-23.1260200582753;-16.6818888015749;-14.9395556288532;-12.7943279106615;-3.76340818500206;-18.8493539392592;-4.22173355861885;-14.6168163163602;17.3773122864743
106000;4141;106112;138;141;-22.4513536575499;-16.686162554765;-14.9440755355731;-12.7940863876579;-3.7631396085915;-18.8678347190938;-4.23215846429737;-14.6172799233488;17.3188591711564
106500;4147;106631;138;141;-22.4611119298241;-16.6850087935883;-14.9423690830466;-12.7953740809915;-3.76320411068328;-18.877592991368;-4.23682633673719;-14.6175276656299;17.3205823655357
107000;4154;107124;138;141;-22.4703374613748;-16.686512279045;-14.945236715249;-12.7950060019764;-3.76281110095242;-18.8868185229187;-4.23997714606485;-14.618961160424;17.3437883941001
107500;4156;107633;138;141;-22.4798179617189;-16.6868043533348;-14.9490697621;-12.7971017763519;-3.76269978558101;-18.8962990232628;-4.2427686620887;-14.6216523681134;17.3708978396134
108500;4168;108633;138;141;-22.4983138348939;-16.694686025268;-14.9539817268402;-12.8046834893463;-3.76166851337874;-18.9147948964378;-4.25238007339196;-14.6268632626559;17.4200738702402
109000;4175;109117;138;141;-22.5072047795015;-16.6900936195383;-14.9527390143059;-12.8050381337691;-3.76195383368817;-18.9236858410454;-4.25791026359139;-14.6251412294488;17.4040817333864
109500;4182;109630;138;141;-22.5165854967772;-16.687639879167;-14.9523475596487;-12.8068344038504;-3.76052475533684;-18.9330665583211;-4.26169824373394;-14.6255602915924;17.4149730578318
110000;4189;110108;138;141;-22.5252867820164;-16.6831926915626;-14.9484209330915;-12.8095454733194;-3.76141575385706;-18.9417678435602;-4.26202785640254;-14.6245831195441;17.4098045882064
110500;4196;110621;138;141;-22.5345832663689;-16.6823807865944;-14.9493021877298;-12.8099532771856;-3.76139721936076;-18.9510643279128;-4.26638303524948;-14.6247098130318;17.4048636580048
112000;4214;112100;138;141;-22.5611460375606;-16.6975148619625;-14.9535163805985;-12.8108096645186;-3.7620116662549;-18.9776270991044;-4.27855398639655;-14.627764093033;17.4377949380678
112500;4223;112616;138;141;-22.5703309804557;-16.6911956183216;-14.9555256157446;-12.8088102993652;-3.76117254771052;-18.9868120419995;-4.28173396892225;-14.6287867184367;17.447419213899
114000;4240;114140;138;141;-22.5972149076215;-16.6945815742201;-14.9538518614786;-12.8062523634272;-3.75992490623954;-19.0136959691653;-4.29058476229281;-14.6303951762936;17.4946851696381
114500;4242;114646;138;141;-22.6060616172109;-16.6966209055816;-14.9563689934994;-12.8065189161915;-3.75911112696297;-19.0225426787548;-4.29211027541416;-14.6327911102687;17.5227623099585
115000;4247;115128;138;141;-22.6144524831401;-16.7036558390995;-14.9595354633418;-12.8087982909527;-3.75902215772486;-19.030933544684;-4.29641594181082;-14.6346159062296;17.5384829778993
115500;4254;115640;138;141;-22.6233272117006;-16.7044333574275;-14.9582769598221;-12.8082338099271;-3.75938312567951;-19.0398082732445;-4.29798650099819;-14.6306404795012;17.4660371638266
116000;4265;116147;138;141;-22.6320766378304;-16.6998314503824;-14.9580399550456;-12.8085797109908;-3.75809787962573;-19.0485576993743;-4.30218797965797;-14.6312826213509;17.4877138962876
117000;4277;117133;138;141;-22.6489834600464;-16.6983409074586;-14.9600701231816;-12.8031779878513;-3.7575157374965;-19.0654645215903;-4.30613245543918;-14.6301319317202;17.4704495448826
117500;4285;117664;138;141;-22.6580295876421;-16.7047862533543;-14.9643200785138;-12.8054143654797;-3.75764382546533;-19.0745106491859;-4.31213281196962;-14.6315098476042;17.4884562498247
118500;4301;118662;138;141;-22.6749216085402;-16.6935073972857;-14.9592406782524;-12.8007598853859;-3.75910716052547;-19.0914026700841;-4.31837576585755;-14.6270208841795;17.4300521040882
120000;4323;120176;138;141;-22.7002780472916;-16.6963909801851;-14.9577676715579;-12.8006479250828;-3.75894987183034;-19.1167591088355;-4.32644430242743;-14.6276744995893;17.4528982800541
120500;4330;120685;138;141;-22.7087310680415;-16.6974638936373;-14.9576870841252;-12.8028713313603;-3.75877825104428;-19.1252121295853;-4.32918211138183;-14.6276258956053;17.4512436761982
121000;4339;121164;138;141;-22.7166533770247;-16.69441717125;-14.9546955584818;-12.8005457931325;-3.75807228789869;-19.1331344385686;-4.33481415252863;-14.6277457606643;17.4647325472225
121500;4344;121707;138;141;-22.7255964110592;-16.6889195211297;-14.9557954150553;-12.801081491331;-3.75834046491899;-19.1420774726031;-4.33498093157874;-14.6262420014219;17.4630563984862
123000;4359;123174;138;141;-22.7495593571374;-16.6846120332696;-14.9557663894521;-12.800931148937;-3.7569975126692;-19.1660404186813;-4.34103576783357;-14.6258374417102;17.4406980624243
123500;4367;123698;138;141;-22.7580495996423;-16.6850050655419;-14.9567605811415;-12.7995531640754;-3.75665188338841;-19.1745306611862;-4.34845904513516;-14.6266507281592;17.4513939988767
125000;4385;125189;138;141;-22.7820125681668;-16.6772193357518;-14.9523823570174;-12.8032320315952;-3.75609194004185;-19.1984936297106;-4.35675489933313;-14.6242564688121;17.431935886342
126500;4401;126688;138;141;-22.8058181192518;-16.6932427463947;-14.9562993124224;-12.8020328454003;-3.75445316998006;-19.1682319595254;-4.3674695397564;-14.6257909326393;17.4168835524787
128500;4431;128701;138;141;-22.8373471465637;-16.688878850646;-14.9542777952579;-12.8011222665893;-3.75393600775546;-19.1997609868373;-4.38410392175756;-14.6246189512577;17.4311612732978
130000;4450;130210;138;141;-22.8606604408856;-16.6847931707798;-14.9545737239365;-12.80068209159;-3.75349964234696;-19.1717809867717;-4.39136978234112;-14.6245440338953;17.4540849025693
132500;4483;132701;138;141;-22.8985603316139;-16.6879602545893;-14.9537136206119;-12.7992182080012;-3.75409102358696;-19.2096808775;-4.41116485182285;-14.6252241623601;17.4826207516746
133000;4487;133197;138;141;-22.9060218480646;-16.6914137496424;-14.9559601516004;-12.798573563631;-3.75433916211719;-19.2171423939507;-4.4135022516072;-14.6279751485006;17.5166466105685
133500;4495;133665;138;141;-22.9130367168699;-16.6914530047113;-14.9614773857147;-12.7981543600541;-3.75487931943776;-19.224157262756;-4.41690812700999;-14.6287986833819;17.5352402509313
134000;4502;134162;138;141;-22.9204594273581;-16.6939227580706;-14.9596123750097;-12.7985594978837;-3.75557410127876;-19.2315799732442;-4.42179615028135;-14.6297487662066;17.5565931109075
134500;4505;134662;138;141;-22.9278992478588;-16.6984025369429;-14.9604457737078;-12.7993499848526;-3.75603239449593;-19.2390197937449;-4.42272203205807;-14.6307180455826;17.5787095979069
136000;4523;136160;138;141;-22.9500247070545;-16.696195895479;-14.9623304623394;-12.7993646254048;-3.75629959084016;-19.2611452529405;-4.43153266824077;-14.6318862531004;17.6067615695904
137500;4536;137683;138;141;-22.9722712600505;-16.7031749763442;-14.9605845309226;-12.8024274217773;-3.75419837187715;-19.2833918059365;-4.44084634634741;-14.6353212539496;17.6453591574662
138000;4544;138175;138;141;-22.979405372843;-16.6990095338828;-14.958149192699;-12.8042508070518;-3.75384437238506;-19.290525918729;-4.44491468440739;-14.6339604649065;17.6234599962019
138500;4552;138702;138;141;-22.9870188710593;-16.695449731501;-14.9580747625059;-12.8012513109854;-3.75446897405203;-19.2981394169454;-4.44926705150066;-14.6335536999211;17.6178998269484
139000;4560;139174;138;141;-22.9938132750949;-16.69119429935;-14.9585343639502;-12.8021437750653;-3.75394283850458;-19.3049338209809;-4.45166583073984;-14.6335574783822;17.6217784078243
140000;4578;140144;138;141;-23.0077043082458;-16.6833453458645;-14.9541351391113;-12.7983510128243;-3.75505959222054;-19.3188248541319;-4.45427627587327;-14.6290950843002;17.5853866047851
140500;4584;140656;138;141;-23.014997763622;-16.6888482904669;-14.9560377458526;-12.7996051484942;-3.75448987284338;-19.326118309508;-4.4613050331631;-14.630538154243;17.6029962683359
141500;4596;141676;138;141;-23.0294488982825;-16.6890895945548;-14.9581522638182;-12.8005500564846;-3.75559688693092;-19.3405694441686;-4.46701020964147;-14.6321425026757;17.6236922087989
142500;4603;142702;138;141;-23.0438804570074;-16.692122520438;-14.9560097839787;-12.8082873307176;-3.75512565532715;-19.3550010028935;-4.47291291699299;-14.6358492668375;17.6730786105641
143000;4607;143178;138;141;-23.0505406002826;-16.697911203963;-14.9566966289041;-12.8048117698053;-3.75469364389905;-19.3616611461687;-4.47437403249026;-14.6368779682064;17.6917075578035
143500;4613;143656;138;141;-23.0572064828835;-16.6976326142111;-14.9575003863265;-12.8040132151655;-3.75461704104237;-19.3683270287696;-4.47899663669078;-14.63797239438;17.7145814905171
144000;4616;144149;138;141;-23.0640583510887;-16.6924465038568;-14.9569408803383;-12.8057325402888;-3.75480241705251;-19.3751788969747;-4.4798485237658;-14.637416715519;17.701851453553
144500;4618;144619;138;141;-23.0705687735043;-16.6963961054107;-14.9571421335606;-12.8079218657365;-3.75519785091455;-19.3816893193903;-4.48310591186839;-14.6386412022242;17.7149989397511
145000;4624;145096;138;141;-23.0771545620346;-16.7004276141359;-14.9574583090773;-12.8087114447285;-3.75589366560406;-19.3882751079206;-4.48665924438497;-14.6392462735669;17.7210334487114
146000;4643;146072;138;141;-23.0905626790732;-16.6961361540752;-14.9544835049013;-12.8091867861991;-3.75539221609711;-19.4016832249593;-4.49299008839252;-14.6366250541018;17.6901396284505
146500;4647;146588;138;141;-23.0976152388311;-16.700685583615;-14.9549700528883;-12.8093926354132;-3.75517733120471;-19.3599456205478;-4.49391397408375;-14.6370751622967;17.69498122782
147000;4654;147076;138;141;-23.1042622973633;-16.6940874153971;-14.9581327873379;-12.8083104488963;-3.75513255570954;-19.3665926790799;-4.49537426821516;-14.6360298245866;17.6782517829199
147500;4663;147575;138;141;-23.1110364196578;-16.6959394604862;-14.9579744728568;-12.8067948387437;-3.75506107074848;-19.3733668013745;-4.50025536865609;-14.6355352516646;17.6789371810464
148000;4665;148030;138;141;-23.1171932892551;-16.691514220753;-14.9581046345872;-12.8059931560704;-3.75523852308911;-19.3795236709718;-4.5004556927175;-14.6358369392239;17.6836389640659
149000;4676;149056;138;141;-23.1310075259281;-16.6924561960211;-14.9586312941599;-12.8094348339277;-3.75593087046295;-19.3933379076447;-4.50498227806506;-14.6366019409867;17.6922257381065
150000;4686;150045;138;141;-23.1442338756148;-16.6985140562293;-14.9614651387618;-12.8082823208038;-3.75605197253415;-19.4065642573315;-4.51097614639533;-14.639166916342;17.7206839037778
150500;4688;150554;138;141;-23.1510070250461;-16.6950226070486;-14.960929975327;-12.8072987331115;-3.75606601797986;-19.4133374067627;-4.51266553291235;-14.6400673206909;17.7275701410675
151000;4694;151074;138;141;-23.157902943398;-16.6995646600532;-14.9595394994532;-12.8038813193862;-3.75483146118683;-19.4202333251147;-4.51354987195823;-14.6399147833876;17.7326088978612
