20;14;18;7;8;-5.78074351579233;-5.78074351579233;-4.68213122712422;-3.93630378873536;-1.97408102602201;-4.68213122712422;-0.8754687373539;-4.6631353226632;2.89562903978846
40;24;35;12;10;-7.11069612297883;-7.11069612297883;-6.01208383431072;-4.80811102998478;-2.00475064907825;-6.01208383431072;-0.992598924937479;-5.72900470645596;3.514535062964
60;39;57;16;15;-8.0861025356691;-7.39295535510916;-6.98749024700099;-5.64470157437592;-2.22531631220323;-7.39295535510916;-1.06680588195406;-6.61225866983228;3.69759999749036
80;46;81;16;15;-8.78889830934488;-8.09575112878493;-6.99713884011682;-5.89852655144871;-2.05549641750752;-8.09575112878493;-1.34464965984817;-6.7687146767978;4.12938617569311
100;60;103;16;21;-9.26945797645927;-8.17084568779116;-7.47769850723122;-6.22493553873585;-2.22194075510198;-8.57631079589933;-1.25215046877069;-7.17950700480984;4.44690433856369
120;67;122;18;21;-9.60804208946651;-8.5094298007984;-7.52860054778668;-6.38916626459831;-2.23341307424757;-8.91489490890657;-1.32278095539756;-7.41228255039035;4.7929431209376
141;80;145;22;21;-9.95346748484115;-8.85485519617304;-7.6508823918471;-6.55227010317899;-2.38405569239044;-8.85485519617304;-1.2782454292;-7.64130208121806;5.02561117227199
161;84;161;22;21;-10.1628087299689;-9.06419644130082;-7.76491345717056;-6.49924708383928;-2.3467948908099;-9.06419644130082;-1.31832821150855;-7.66226959300767;5.17056785270465
181;91;183;22;23;-10.4189723056828;-9.32036001701473;-7.93406565589484;-6.61230981591252;-2.33471819937552;-9.7258251251229;-1.30767908730789;-7.81286230347665;5.39600010523934
201;99;206;22;23;-10.6557523375792;-8.86399286835111;-7.88316361533938;-6.66676829101489;-2.39448418700151;-9.96260515701922;-1.33270847568989;-7.74363731731861;5.2463163876576
221;107;229;24;24;-10.8674440071085;-9.25800609467438;-8.15939380600627;-6.82439273927393;-2.36475550189512;-10.1742968265485;-1.39420105404474;-7.98977683895968;5.58924656877333
242;114;253;25;25;-11.066778977455;-9.27501950822699;-8.23356563339882;-6.8923917075594;-2.42913963296294;-10.3736317968951;-1.4375309216742;-8.1062432735889;5.68574850356959
264;120;272;28;25;-11.211604132592;-9.41984466336394;-8.43901541035221;-7.05272104923232;-2.43760053239106;-10.5184569520321;-1.42319078790133;-8.30255159438118;5.91282126483831
285;132;296;34;25;-11.3807189086481;-9.99442454752823;-8.74166157903286;-7.39173486208385;-2.47826331644124;-10.6875717280882;-1.40677289246343;-8.58490480923695;6.10776121792965
306;134;312;34;25;-11.486006375619;-10.0997120144991;-8.84694904600371;-7.42556336507254;-2.4634424111197;-10.792859195059;-1.4550935348276;-8.63295383572486;6.29605057433182
326;140;331;36;27;-11.6042367507541;-10.505624462086;-9.03928739329259;-7.61525270418985;-2.468404430953;-10.505624462086;-1.44428693171096;-8.87586968844435;6.56417045966619
348;145;351;36;28;-11.7215724469317;-10.3352780858118;-9.15662308947019;-7.64403500302601;-2.45854475267654;-10.3352780858118;-1.46468530859079;-8.96302066287191;6.74322402229935
370;153;372;37;30;-11.8377877085463;-10.7391754198782;-9.27283835108476;-7.77734469799987;-2.50824308909163;-10.4514933474264;-1.45221357058398;-9.10194200773647;6.77507596197922
390;158;388;39;30;-11.9220106792465;-10.8233983905784;-9.28295334963129;-7.82766611702445;-2.51019993163765;-10.5357163181267;-1.45656722184282;-9.18019426383261;6.78644629925795
410;161;413;39;30;-12.0468951859221;-10.948282897254;-9.33884498481986;-7.90376045953053;-2.46154891332243;-10.6606008248022;-1.48149315525709;-9.2059608364837;6.92222228166042
430;170;432;40;33;-12.1368511764882;-11.0382388878201;-9.46329741112949;-7.97796809312855;-2.5084585808984;-10.7505568153683;-1.47942712925588;-9.40849392481281;7.10250389733067
450;174;448;41;35;-12.20958646483;-11.1109741761619;-9.72467981504197;-8.16653519699542;-2.50454985101768;-10.8232921037101;-1.4895401218187;-9.55335325768581;7.16176265672503
470;176;464;41;35;-12.2797691044525;-11.1811568157844;-9.79486245466451;-8.12088602109284;-2.51313273466558;-10.8934747433326;-1.51451036581803;-9.58812934575702;7.28538823696601
490;178;481;41;35;-12.3517345402115;-11.2531222515434;-9.78678518274999;-8.13222683503542;-2.49345358051347;-10.9654401790916;-1.53815543104406;-9.62357879710784;7.45986566437269
500;185;490;44;35;-12.3888107822093;-11.2901984935412;-9.90390413242134;-8.24567605581781;-2.51372270419491;-11.0025164210895;-1.53844509853127;-9.70775336815085;7.38272203024925
520;190;517;45;35;-12.4960857490169;-11.3974734603487;-10.0111790992289;-8.35295102262532;-2.50605359508054;-11.109791387897;-1.56526710981758;-9.78217045192246;7.55334136368306
541;197;534;47;39;-12.5607916779204;-11.8676444973604;-10.2582065849263;-8.82312205963702;-2.50355352557834;-11.1744973168005;-1.56353688837935;-10.0391551715677;7.62634360222156
561;204;556;52;39;-12.6415365885012;-11.9483894079412;-10.3389514955071;-8.92796452179686;-2.48414352300079;-11.2552422273813;-1.54447511307604;-10.1750148181567;7.58253051605263
582;209;576;54;39;-12.7122153213918;-12.0190681408318;-10.4096302283977;-8.95101520569822;-2.49669460554004;-11.3259209602719;-1.52506154862068;-10.2291703541398;7.67575415011753
602;217;596;54;44;-12.7804813341307;-12.0873341535708;-10.5832567567945;-9.04281171584733;-2.46151233821092;-12.0873341535708;-1.51020084313753;-10.3931411569155;7.55996785181936
622;220;613;54;44;-12.8367298718724;-12.1435826913125;-10.6395052945362;-9.07552975617886;-2.44389572724743;-12.1435826913125;-1.52697377700899;-10.4137345425218;7.62707468536709
642;225;634;54;46;-12.9040979088745;-12.2109507283145;-10.7068733315382;-9.16642829059108;-2.4424241612125;-12.2109507283145;-1.54848143929689;-10.4973154232026;7.62918979907162
662;231;658;54;50;-12.9784098626506;-12.2852626820907;-10.8989683209708;-9.39489092419452;-2.42687710346698;-12.2852626820907;-1.54463583598584;-10.6303316030399;7.59657442259262
683;234;674;54;51;-13.0264602218246;-12.3333130412647;-10.9470186801448;-9.4429412833685;-2.39506180879225;-12.3333130412647;-1.56072070846114;-10.6800155543996;7.63401087292048
704;240;691;57;51;-13.0762796475353;-12.3831324669754;-10.9968381058555;-9.52093158604593;-2.40904666559373;-12.3831324669754;-1.57217295387333;-10.7366623425928;7.56311497977178
725;246;704;59;52;-13.1135567123161;-12.4204095317561;-11.0341151706362;-9.55820865082667;-2.4286821903706;-12.4204095317561;-1.57933953321157;-10.8204920821379;7.58384665130103
747;249;724;60;52;-13.1695827847714;-12.4764356042115;-11.0901412430916;-9.58606384631532;-2.41560248095158;-12.4764356042115;-1.58700066866472;-10.840771014691;7.5398825838507
767;253;745;61;52;-13.2267684367591;-12.5336212561992;-11.1473268950793;-9.6158505241149;-2.42800951957291;-12.5336212561992;-1.58951252837411;-10.8718691469488;7.58047911206487
787;254;761;61;52;-13.2692667157234;-12.5761195351634;-11.1898251740435;-9.65834880307915;-2.43031345192705;-12.5761195351634;-1.60051768526542;-10.8963084944667;7.67635549560808
811;256;779;61;52;-13.3160220917415;-12.6228749111816;-11.2365805500617;-9.67843593201511;-2.43242429461826;-12.6228749111816;-1.61824494012369;-10.928529608125;7.79035730885978
831;261;795;64;52;-13.3566842293087;-12.6635370487487;-11.2772426876288;-9.71909806958228;-2.4329063548799;-12.6635370487487;-1.61834579011353;-10.979543535615;7.70969845869362
851;265;807;66;54;-13.3866473365399;-12.69350015598;-11.5948878673118;-9.83129927505048;-2.43205847800671;-12.69350015598;-1.60678346905584;-11.0819609083937;7.66994533407251
872;269;820;66;56;-13.4186086805166;-12.7254614999567;-11.6268492112885;-9.83508974206049;-2.44696804679707;-12.7254614999567;-1.6007827343697;-11.13103172637;7.67540557839664
893;275;840;66;59;-13.4668037836747;-12.7736566031148;-11.6750443144467;-9.91145572218531;-2.44196445550099;-12.7736566031148;-1.60092830370763;-11.2125000644557;7.64174631202638
913;279;856;66;61;-13.5045407522835;-12.8113935717235;-11.8951028398494;-9.94919269079407;-2.45549371397208;-12.8113935717235;-1.60822538685695;-11.2756355950415;7.67062224570611
934;282;871;66;62;-13.539283953705;-12.8461367731451;-11.9298460412709;-10.0129234290888;-2.44795297877282;-12.8461367731451;-1.61883549951717;-11.3067321832877;7.68318410761096
956;289;891;67;62;-13.5846888549416;-12.8915416743817;-11.7929293857136;-10.0011699164855;-2.45719060434305;-12.8915416743817;-1.61895042716348;-11.3235511855179;7.7117537734691
980;295;914;67;62;-13.6356611429083;-12.9425139623484;-11.8439016736802;-10.0247432302641;-2.46550771670781;-12.9425139623484;-1.62371951213158;-11.3121753563851;7.72504743446481
1000;305;934;71;62;-13.6789528764577;-12.9858056958977;-11.8871934072296;-10.0954339380016;-2.46477043129866;-12.9858056958977;-1.62771114205963;-11.3780328026698;7.67072729360119
1020;309;951;71;62;-13.7150281250908;-13.0218809445308;-11.9232686558627;-10.0514664789611;-2.46517017180841;-13.0218809445308;-1.63478517794667;-11.3732929971673;7.67888788382202
1040;313;967;71;63;-13.7483969909066;-13.0552498103466;-11.9566375216785;-10.1648780524505;-2.46691190090056;-13.0552498103466;-1.64284105566811;-11.3995144243503;7.69503083038605
1062;320;986;71;64;-13.7873127092053;-13.0941655286453;-11.9955532399772;-10.1237510630756;-2.47576930376774;-13.0941655286453;-1.64784471779616;-11.4151709495846;7.69038185173213
1082;330;1012;71;65;-13.8393676996948;-13.1462205191349;-11.8934575506395;-10.163147149573;-2.47703259335709;-13.1462205191349;-1.66687252043064;-11.4295659665422;7.68790165265108
1102;340;1033;75;68;-13.8804449382393;-13.1872977576793;-12.0886854690112;-10.2695270255951;-2.49881337095338;-13.1872977576793;-1.63918373624616;-11.5529371484705;7.58724089449595
1122;346;1061;75;69;-13.933934277228;-13.240787096668;-12.1421748079999;-10.245054823114;-2.49972739696914;-13.240787096668;-1.64392497682524;-11.571720445687;7.61159084210982
1143;351;1076;75;69;-13.9620114814435;-13.2688643008835;-12.1702520122154;-10.2484394147392;-2.49672284598884;-13.2688643008835;-1.65068282571596;-11.5626474612087;7.5814543133711
1163;356;1093;75;70;-13.9933629763531;-13.3002157957931;-12.201603507125;-10.2797909096488;-2.49097281329823;-13.3002157957931;-1.67084596856784;-11.593263222888;7.60988817613741
1183;359;1121;75;71;-14.0439528461443;-13.3508056655844;-12.2521933769163;-10.306283227861;-2.48018218716852;-13.3508056655844;-1.68008616587209;-11.6365489939816;7.65927721592897
1203;368;1153;75;71;-14.1002450405381;-13.4070978599782;-12.1543348914828;-10.3160554066199;-2.47220676846739;-13.4070978599782;-1.70114171940564;-11.6310104309081;7.67487628143567
1223;375;1178;77;72;-14.1431467284231;-13.4499995478631;-12.351387259195;-10.3589570945048;-2.47491981743962;-13.4499995478631;-1.71023337449445;-11.6995310268208;7.68135989656509
1243;384;1200;78;72;-14.1801536715522;-13.4870064909922;-12.2342435224969;-10.3515122750631;-2.48390714945492;-13.4870064909922;-1.73450522664649;-11.7065402181165;7.6489600855589
1263;387;1213;78;72;-14.2017038178881;-13.5085566373282;-12.2557936688328;-10.351556216178;-2.49050142933379;-13.5085566373282;-1.75145046197792;-11.7067215902663;7.66032635829088
1283;390;1232;79;72;-14.2327882881869;-13.539641107627;-12.2868781391316;-10.361587277279;-2.47719903741659;-13.539641107627;-1.75053951039118;-11.7248242270086;7.65686914617956
1305;391;1249;79;72;-14.2601970202512;-13.5670498396912;-12.3142868711958;-10.3683767221405;-2.48521503046812;-13.5670498396912;-1.75970256540614;-11.7351567638117;7.69599089618453
1326;394;1268;79;73;-14.2903922699943;-13.5972450894344;-12.344482120939;-10.4088816154851;-2.48278429292759;-13.5972450894344;-1.76858595299236;-11.7715925371582;7.74555084717998
1346;402;1290;79;73;-14.3247949947114;-13.2261827060433;-12.2453534530316;-10.3929693619871;-2.47872424987968;-13.6316478141515;-1.7678753547975;-11.7487520489936;7.71019447479095
1368;409;1310;79;75;-14.3555648323904;-13.6624176518304;-12.2761232907106;-10.4237391996661;-2.4914192741644;-13.6624176518304;-1.76975864753722;-11.7914846746278;7.73888016236682
1389;419;1332;79;77;-14.3888737022007;-13.2902614135326;-12.3094321605208;-10.49705340409;-2.50300632082784;-13.6957265216407;-1.77827305417534;-11.813499091113;7.68652764299931
1410;422;1352;79;77;-14.4186805132058;-13.3200682245377;-12.339238971526;-10.4674367946244;-2.49213660243772;-13.7255333326459;-1.7843934974747;-11.8203857059439;7.73278776202627
1431;426;1375;80;77;-14.4524180202013;-13.3538057315332;-12.3729764785215;-10.520592387477;-2.49125535527908;-13.7592708396414;-1.78332230292408;-11.8451483592269;7.77755251970705
1454;427;1394;81;77;-14.4798651826409;-13.3812528939728;-12.4004236409611;-10.608664171733;-2.47991305591974;-13.786718002081;-1.78879254255613;-11.8771563209345;7.81731214226058
1474;431;1421;81;77;-14.5182322561942;-13.4196199675261;-12.4387907145144;-10.5292482096299;-2.47717577330163;-13.8250850756343;-1.79643301629833;-11.890610199761;7.86867251878548
1494;441;1443;81;81;-14.5489591175477;-13.4503468288796;-12.4695175758679;-10.6369361121196;-2.48917315428804;-13.8558119369878;-1.78813966119365;-11.944959418565;7.8135808059629
1514;446;1464;81;81;-14.5778553890425;-13.4792431003744;-12.4984138473627;-10.6266116704611;-2.4870813678758;-13.8847082084826;-1.78310203394284;-11.9189600746614;7.70131712262787
1534;453;1484;83;85;-14.6049928474547;-13.5063805587865;-12.5255513057748;-10.6929698420265;-2.47861297083373;-13.9118456668947;-1.77210782151236;-12.0247242018115;7.66580416350807
1555;456;1508;84;85;-14.6370790971358;-13.5384668084677;-12.557637555456;-10.7052534644115;-2.47104750114281;-13.5384668084677;-1.77020427614808;-12.0545261077387;7.72702812030359
1575;459;1533;84;85;-14.6699637577436;-13.5713514690755;-12.5905222160638;-10.6996718441915;-2.46149398761373;-13.5713514690755;-1.78373545725505;-12.0666828195436;7.76685448067116
1596;466;1551;84;85;-14.6933103263531;-13.594698037685;-12.6138687846732;-10.7043262797888;-2.46208176094179;-13.3070159652332;-1.7886776760631;-12.0621243136836;7.78631104582542
1616;468;1568;84;85;-14.7151124018207;-13.6165001131526;-12.6356708601409;-10.7077792165882;-2.45364289307024;-13.3288180407008;-1.80063703548917;-12.0777273086439;7.82725032016124
1636;474;1588;84;86;-14.7404612836142;-13.6418489949461;-12.6610197419343;-10.7331280983817;-2.4587710916254;-13.3541669224943;-1.80135510057614;-12.0892315959903;7.81270176330685
1656;480;1603;84;88;-14.7592643052191;-13.660652016551;-12.6798227635393;-10.7702802586548;-2.46436609599828;-13.3729699440992;-1.79093361460349;-12.1161050930454;7.81964282461407
1676;487;1628;84;89;-14.790215093125;-13.6916028044569;-12.5929905157888;-10.8012310465607;-2.46940850013133;-13.4039207320051;-1.78707679061601;-12.119133848782;7.78291371670638
1696;489;1647;84;89;-14.8134214603553;-13.7148091716872;-12.6161968830191;-10.824437413791;-2.46086171104037;-13.4271270992354;-1.8081313705381;-12.135279381545;7.82018106123092
1716;494;1669;84;89;-14.8399598473237;-13.7413475586556;-12.6427352699875;-10.8146081565885;-2.45381818005284;-13.4536654862038;-1.82448481878682;-12.1398305506477;7.82582044339236
1737;497;1683;84;89;-14.8566663883816;-13.7580540997135;-12.6594418110454;-10.8313146976465;-2.45152569457887;-13.4703720272617;-1.82983641569444;-12.1435801990472;7.83138153496199
1757;501;1705;84;89;-14.8826407794352;-13.7840284907671;-12.685416202099;-10.8572890887001;-2.45524223351788;-13.4963464183153;-1.83707853595287;-12.1454111202685;7.8652862047619
1777;507;1728;85;89;-14.909439898728;-13.8108276100599;-12.7122153213918;-10.8663886308935;-2.46230520138127;-13.5231455376081;-1.83522319257909;-12.1669501805585;7.90807056028088
1798;515;1747;87;90;-14.9313106202681;-13.8326983316;-12.7340860429319;-10.905958929533;-2.45995489722964;-13.5450162591482;-1.82523110827034;-12.2071290495413;7.90239950101885
1819;526;1783;87;95;-14.9721052357263;-13.8734929470582;-12.7748806583901;-11.040279603002;-2.47132028782313;-13.1803457664982;-1.81449441276791;-12.2789930954488;7.8751231749524
1840;532;1811;87;95;-15.0032689157668;-13.9046566270987;-12.8060443384306;-11.0520251971854;-2.48212643987588;-13.2115094465388;-1.82078739772718;-12.2804929736284;7.92349816573939
1860;537;1833;89;97;-15.0274184956794;-13.9288062070113;-12.8301939183432;-11.1355981975688;-2.4768806425991;-13.2356590264514;-1.81539176089607;-12.3498986316884;7.93891308907023
1880;540;1851;89;97;-15.046962625147;-13.9483503364789;-12.8497380478108;-11.0957189065656;-2.481887745919;-13.2552031559189;-1.81776841353312;-12.3546157497032;7.97471906873402
1900;544;1871;89;97;-15.0684566525482;-13.9698443638801;-12.871232075212;-11.1172129339668;-2.48218200753547;-13.2766971833201;-1.8271038563492;-12.3530712504772;7.99395448431426
1920;549;1893;89;97;-15.0918363024186;-13.9932240137505;-12.8946117250824;-11.1028522558544;-2.49439747315981;-13.3000768331906;-1.83112589620089;-12.3616420114209;8.04963927261004
1940;552;1913;90;97;-15.1128559388805;-14.0142436502124;-12.9156313615443;-11.1425640253284;-2.48877057018766;-13.3210964696525;-1.84464482732934;-12.3865366201799;8.06227897013409
1960;561;1933;90;100;-15.1336569584167;-14.0350446697486;-12.9364323810804;-11.1633650448645;-2.49782667220929;-13.5242190459826;-1.85098078323458;-12.4178102864676;8.01857055272183
1980;562;1956;90;100;-15.1573137011895;-14.0587014125214;-12.9600891238533;-11.1683296546252;-2.48845088093192;-13.5478757887554;-1.86122393316166;-12.4307027505956;8.07138695390477
2000;566;1981;90;100;-15.1827140933971;-14.084101804729;-12.8801290004031;-11.1937300468328;-2.48636348886862;-13.573276180963;-1.87183007992267;-12.4436633379019;8.12824675070876
2022;574;1997;94;103;-15.1988026668316;-14.1001903781635;-13.0015780894954;-11.2669770341073;-2.49268227070734;-13.5893647543975;-1.8626562109667;-12.5565301401938;8.10570239438951
2042;576;2018;94;103;-15.2197244018271;-14.121112113159;-13.0224998244909;-11.2878987691028;-2.49523303321185;-13.610286489393;-1.87098430543265;-12.5633271803653;8.1477835976247
2062;578;2036;94;103;-15.2374847553408;-14.1388724666727;-13.0402601780046;-11.3056591226165;-2.49400979578528;-13.6280468429067;-1.87556289186649;-12.5700163025661;8.19284739502044
2083;581;2063;94;103;-15.2638330261425;-14.1652207374744;-13.0666084488063;-11.2935411125904;-2.48503095353152;-13.6543951137084;-1.88102260558087;-12.5740255949438;8.20878969739714
2103;583;2085;94;103;-15.2850482684658;-14.1864359797977;-13.0878236911296;-11.2596965777307;-2.48171178640725;-13.6756103560317;-1.8856245297882;-12.5836350199835;8.25152320849942
2123;586;2108;94;103;-15.3069898193225;-14.2083775306544;-13.1097652419863;-11.2816381285874;-2.47810662430284;-13.6975519068884;-1.88988137126608;-12.5916848558927;8.30640946765823
2146;589;2131;94;104;-15.3286932641972;-14.2300809755291;-13.131468686861;-11.3033415734621;-2.47846937344598;-13.7192553517631;-1.88922397266266;-12.6129813629942;8.34435202165212
2166;591;2147;94;105;-15.3436535957576;-14.2450413070895;-13.1464290184213;-11.3363204105251;-2.48478452107351;-13.7342156833235;-1.89200949305837;-12.6327889409725;8.37254662497083
2186;594;2165;94;105;-15.3603512808732;-14.2617389922051;-13.0577661878791;-11.334999590138;-2.4851680326113;-13.7509133684391;-1.90052615657445;-12.6372988725635;8.40043709941344
2209;598;2187;94;105;-15.3805720413535;-14.2819597526854;-13.0779869483595;-11.337520773519;-2.49048378139592;-13.7711341289194;-1.90641441123021;-12.6403803837235;8.42324786082018
2229;604;2212;96;105;-15.4033047252845;-14.3046924366163;-13.1007196322904;-11.3779530345493;-2.48789663899781;-13.7938668128504;-1.91347998706201;-12.6798427574571;8.45937169404061
2249;608;2230;96;106;-15.4195137289083;-14.3209014402402;-13.1169286359143;-11.3941620381732;-2.48823822037808;-13.8100758164742;-1.9182633323802;-12.6935007945691;8.45625811310314
2270;611;2252;96;106;-15.4391479785192;-14.3405356898511;-13.1365628855251;-11.3617541921349;-2.48581882678201;-13.8297100660851;-1.92428856233611;-12.6912760925899;8.42501335811663
2294;614;2272;96;106;-15.4568315596821;-14.358219271014;-13.154246466688;-11.36248699746;-2.48985963154115;-13.847393647248;-1.9270476539172;-12.692389903513;8.43725319193107
2314;621;2293;99;107;-15.4752325657158;-14.3766202770477;-13.1726474727218;-11.4862485191515;-2.49212665795441;-13.8657946532817;-1.92262301624033;-12.7542207113194;8.41630158977504
2334;627;2314;100;110;-15.4934658155072;-14.3948535268391;-13.296241238171;-11.5616401827829;-2.4962439812902;-13.8840279030731;-1.93586754677501;-12.8186775023164;8.41711496887141
2355;631;2335;101;110;-15.511534340206;-14.4129220515379;-13.3143097628698;-11.5995113347778;-2.48722710932405;-13.9020964277719;-1.93923867195171;-12.8355395828679;8.41688966928226
2375;634;2358;101;110;-15.5311381621946;-14.4325258735265;-13.3339135848584;-11.5421541156304;-2.49130675477478;-13.9217002497605;-1.94812854971944;-12.8365665909105;8.42941984543031
2396;640;2377;101;110;-15.5471889347204;-14.4485766460523;-13.2446038417263;-11.5398557494879;-2.48813603281044;-13.9377510222863;-1.9551257242117;-12.8317454694442;8.44023593696718
2418;641;2399;101;110;-15.5656145256794;-14.4670022370113;-13.2630294326853;-11.5582813404469;-2.47585698802397;-13.9561766132453;-1.96303608365305;-12.8439465957546;8.45996154463972
2438;644;2415;101;110;-15.5789091321733;-14.4802968435052;-13.2763240391793;-11.5715759469409;-2.47446535607197;-13.9694712197392;-1.96345812312599;-12.8402614555045;8.45446790438383
2458;648;2434;101;110;-15.5945825470949;-14.4959702584268;-13.2919974541009;-11.5692308563598;-2.47749305219332;-13.9851446346608;-1.97156752578537;-12.8374882739029;8.46498670028545
2478;651;2458;102;110;-15.614206580252;-14.5155942915839;-13.3116214872579;-11.6068733950195;-2.4786190289508;-14.0047686678179;-1.98246262265437;-12.862415311308;8.51034908830104
2498;654;2482;102;110;-15.6336399315291;-14.535027642861;-13.3310548385351;-11.5731969209827;-2.47736220253101;-14.024202019095;-1.98440003790912;-12.8633729349897;8.52850125498036
2520;657;2496;102;110;-15.6448894589786;-14.5462771703105;-13.3423043659846;-11.5673520150729;-2.4800817237973;-14.0354515465445;-1.98445617666564;-12.8601071638442;8.53573792843421
2541;658;2516;102;110;-15.6608512356407;-14.5622389469726;-13.3582661426466;-11.5833137917349;-2.48141967068888;-14.0514133232066;-1.98872040635573;-12.8619452541678;8.53829513645008
2561;664;2533;104;110;-15.6743193000034;-14.5757070113352;-13.3717342070093;-11.6140249441332;-2.48535952035201;-14.0648813875692;-1.99205788878443;-12.8891571340527;8.52314526724675
2582;669;2551;104;112;-15.6884814362836;-14.5898691476155;-13.3858963432896;-11.6454301684491;-2.48691139289893;-14.0790435238495;-1.99253625139583;-12.9186270206499;8.53088265455331
2602;675;2569;108;113;-15.7025439942198;-14.6039317055517;-13.5053194168835;-11.7513002756383;-2.49046789175415;-14.0931060817857;-1.98639420864462;-12.9912933088243;8.51973315769169
2622;676;2583;108;113;-15.7134135861917;-14.6148012975236;-13.5161890088555;-11.7621698676103;-2.49150175046033;-14.1039756737576;-1.98683370043177;-12.9870735693372;8.48989153190132
2642;678;2600;108;113;-15.7265334480191;-14.627921159351;-13.5293088706829;-11.7375494014549;-2.49147730174553;-14.117095535585;-1.98848725783861;-12.9881814631266;8.5031596617641
2662;680;2618;108;113;-15.7403318929397;-14.6417196042716;-13.4377467999456;-11.7329987077072;-2.48663152885937;-14.1308939805056;-1.99027227223801;-12.9872164940009;8.47800360722171
2682;681;2631;108;113;-15.7502385620806;-14.6516262734125;-13.4476534690865;-11.7429053768481;-2.48584451346588;-14.1408006496465;-1.99575483180669;-12.9919361171324;8.48704506562349
2702;686;2651;109;113;-15.7653844125781;-14.6667721239099;-13.462799319584;-11.7580512273456;-2.48499217094881;-14.155946500144;-1.99920696615246;-13.008828586114;8.51209558192192
2722;692;2673;109;113;-15.7819134322778;-14.6833011436097;-13.4793283392838;-11.7565617415427;-2.48505907719474;-14.1724755198437;-1.99954299181591;-12.9977967969912;8.49077431912395
2742;697;2697;109;113;-15.7997906462795;-14.7011783576114;-13.4972055532854;-11.739347635733;-2.48294989431116;-14.1903527338454;-2.0084959395743;-12.9962129890447;8.48666061875051
2762;699;2712;109;113;-15.8108832981206;-14.7122710094525;-13.5082982051265;-11.7504402875742;-2.48296046745511;-14.2014453856865;-2.01572749984952;-13.0036337842864;8.51642513229478
2782;700;2733;109;113;-15.8263103718561;-14.727698083188;-13.5237252788621;-11.731965809634;-2.47669031366411;-14.216872459422;-2.0215372544346;-13.0125413119491;8.54519087233945
2805;705;2753;111;113;-15.8408930102852;-14.7422807216171;-13.5383079172912;-11.8155413195501;-2.48251724143068;-14.2314550978511;-2.02485059378277;-13.0440431694576;8.55993036306911
2826;713;2780;112;116;-15.8604124133694;-14.7618001247013;-13.5578273203753;-11.8350607226342;-2.48379293863822;-14.2509745009353;-2.01568680155865;-13.0911059669722;8.53776140310994
2847;721;2806;118;116;-15.8790305213248;-14.7804182326567;-13.5764454283308;-11.9087386077727;-2.4784295302967;-14.2695926088907;-2.00814013025801;-13.1678681478836;8.50229488809499
2867;723;2827;118;116;-15.8939427153872;-14.7953304267191;-13.5913576223931;-11.9049586688229;-2.47950094353197;-14.2845048029531;-2.00963770561984;-13.1713505701376;8.53395710630574
2887;729;2860;118;116;-15.9171538076278;-14.8185415189597;-13.6145687146338;-11.9098206223953;-2.48234306489576;-14.3077158951937;-2.02901193866601;-13.1831595201869;8.58203813700642
2908;733;2877;118;116;-15.9290067271031;-14.830394438435;-13.6264216341091;-11.9036550363679;-2.48731581863644;-14.137247257875;-2.02979493128653;-13.1824155082262;8.58831087565223
2928;737;2894;118;118;-15.9407898143829;-14.8421775257147;-13.6382047213888;-11.9334566291504;-2.48977902028156;-14.1490303451548;-2.02786039236154;-13.2119146115977;8.60448249473266
2949;742;2929;118;118;-15.9648326936555;-14.8662204049874;-13.6622476006614;-11.9394810029203;-2.49179131810057;-14.1730732244274;-2.04444783821827;-13.2194321017683;8.62098950263504
2970;746;2950;118;118;-15.9791208986677;-14.8805086099996;-13.6765358056737;-11.9360696308332;-2.49153263249505;-14.1873614294397;-2.04882735625941;-13.224647457586;8.67221079610388
2991;746;2969;118;118;-15.9919609495275;-14.8933486608594;-13.6893758565335;-11.948909681693;-2.48514774628013;-14.2002014802995;-2.05526692171972;-13.2353644407244;8.695578189521
3000;747;2971;118;118;-15.9933077509252;-14.8946954622571;-13.6907226579312;-11.9328647403788;-2.48504000196683;-14.2015482816972;-2.05580259395642;-13.2340469106223;8.69684048534021
3020;750;2991;118;118;-16.0067261172599;-14.9081138285918;-13.7041410242658;-11.9462831067135;-2.48520548448584;-14.2149666480318;-2.05704224774514;-13.237705140107;8.72738659090885
3040;752;3006;118;118;-16.0167311406258;-14.9181188519577;-13.7141460476318;-11.9391936967201;-2.49005932379673;-14.2249716713978;-2.05904503364062;-13.236749674956;8.72313483605767
3061;754;3026;118;118;-16.0299937886966;-14.9313815000285;-13.7274086957026;-11.9524563447909;-2.48967825851834;-14.2382343194685;-2.06009400793014;-13.2368445081569;8.73046008302487
3081;758;3046;120;118;-16.0431690669102;-14.9445567782421;-13.7405839739162;-11.9656316230045;-2.48696824324421;-14.2514095976822;-2.06079244195699;-13.268668118939;8.74586575651553
3101;759;3071;120;118;-16.0595170408816;-14.9609047522135;-13.7569319478876;-11.9651724786595;-2.48998119290279;-14.2677575716536;-2.06777845401198;-13.2776854696274;8.77746797021004
3122;762;3085;120;119;-16.068613872679;-14.9700015840109;-13.7660287796849;-11.9910764287733;-2.48482354077977;-14.2768544034509;-2.06990963832762;-13.2924385420467;8.780616700261
3143;766;3105;120;119;-16.0815379887352;-14.982925700067;-13.7789528957411;-11.9871934265131;-2.48766711346259;-14.2897785195071;-2.06726018207832;-13.2844662293285;8.75797131575013
3163;769;3121;120;119;-16.0918174845416;-14.9932051958734;-13.7892323915475;-11.9974729223195;-2.48980960085481;-14.3000580153135;-2.07010040032206;-13.2788259861341;8.72769491403172
3186;769;3144;120;119;-16.1065023070982;-15.0078900184301;-13.8039172141041;-12.0121577448761;-2.48908665368447;-14.3147428378701;-2.07568683985795;-13.2904318827792;8.75742758611883
3206;773;3160;120;120;-16.1166546131619;-15.0180423244938;-13.8140695201679;-12.0223100509398;-2.4857041155723;-14.3248951439339;-2.08214347414519;-13.3094593335898;8.77769598261393
3226;773;3174;120;120;-16.1254958021727;-15.0268835135046;-13.8229107091787;-12.0146219379994;-2.48519018429772;-14.3337363329447;-2.08218136909217;-13.31252281729;8.79993832883078
3246;776;3195;120;120;-16.1386847336233;-15.0400724449552;-13.7407894608249;-12.02781086945;-2.4822976996053;-14.3469252643952;-2.08246343495562;-13.3099036018527;8.78933279715321
3267;779;3211;120;120;-16.148675388179;-15.0500630995109;-13.7507801153807;-12.0215410031339;-2.47988915381389;-14.356915918951;-2.08456330074055;-13.3109271377157;8.81176184787762
3287;781;3228;121;120;-16.1592360587797;-15.0606237701116;-13.7613407859813;-12.0321016737346;-2.48346009356457;-14.3674765895516;-2.08492527229316;-13.3255673663128;8.80164156761096
3307;784;3250;121;120;-16.1728205506476;-15.0742082619795;-13.7749252778492;-12.0456861656025;-2.48096121250265;-14.3810610814195;-2.08974925330898;-13.3323751674927;8.83217389061415
3328;785;3267;121;120;-16.1832548232021;-15.084642534534;-13.7853595504038;-12.056120438157;-2.48099807334824;-14.3914953539741;-2.08919249745265;-13.3344386569395;8.84798272423568
3351;787;3279;121;120;-16.1905875536893;-15.0919752650212;-13.7926922808909;-12.0474528272978;-2.48663445058721;-14.3988280844612;-2.09320275613125;-13.3385232534071;8.87588210628031
3371;794;3296;121;122;-16.2009297820587;-15.1023174933906;-13.8030345092604;-12.0420466986991;-2.4909575333344;-14.4091703128307;-2.08742871659963;-13.3526585661661;8.85215120545338
3396;798;3320;121;123;-16.2154401238211;-15.116827835153;-13.8175448510227;-12.0565570404614;-2.48799058443656;-14.423680654593;-2.08675154503866;-13.3633614838042;8.85155363966818
3418;802;3346;121;123;-16.2310417630935;-15.1324294744254;-13.7461351133055;-12.0721586797339;-2.48652786858136;-14.4392822938655;-2.08886113890895;-13.366321132975;8.87504428006726
3438;806;3367;121;123;-16.2435548383222;-15.144942549654;-13.7586481885341;-12.0691675684265;-2.48808732132524;-14.4517953690941;-2.09410883008863;-13.3689132804017;8.90314943125546
3458;808;3385;121;125;-16.2542183706928;-15.1556060820246;-13.7693117209048;-12.0953352873331;-2.49124187655216;-14.4624589014647;-2.09043264836909;-13.3936658862631;8.91358624324184
3478;811;3411;121;125;-16.2695215648373;-15.1709092761692;-13.7846149150493;-12.1106384814776;-2.48154974082707;-14.4777620956092;-2.09457517768785;-13.3980560769892;8.93318649272561
3498;812;3431;121;125;-16.2812140857169;-15.1826017970488;-13.7963074359289;-12.1068268158213;-2.48424333274464;-14.4894546164888;-2.09773885332732;-13.4051145194617;8.95601168220521
3500;812;3434;121;125;-16.2829620829148;-15.1843497942467;-13.7980554331268;-12.1085748130192;-2.48518585265376;-14.4912026136868;-2.0984872056791;-13.4066390328694;8.95945738270596
3520;815;3458;121;125;-16.2968913324865;-15.1982790438184;-13.8119846826985;-12.10723659046;-2.48639331634574;-14.5051318632584;-2.09918770516405;-13.4085977878225;8.97892212003448
3540;818;3477;121;125;-16.3078502640157;-15.2092379753476;-13.8229436142277;-12.1181955219893;-2.49005431953777;-14.5160907947877;-2.10113039737213;-13.407939594353;8.98265914911508
3560;821;3496;121;126;-16.3187494735509;-15.2201371848827;-13.8338428237629;-12.1290947315244;-2.49198052971942;-14.5269900043228;-2.11157798152148;-13.4269497643075;9.00285051456979
3580;823;3520;121;126;-16.3324325371843;-15.2338202485162;-13.8475258873963;-12.1427777951579;-2.49154959772488;-14.5406730679562;-2.11369203389476;-13.4319020457109;9.04231873839096
3602;827;3545;121;126;-16.3465868779325;-14.9602925168126;-13.8616802281445;-12.1418942585415;-2.49415632836924;-14.5548274087044;-2.11344946660098;-13.4323891809517;9.05724010466071
3622;829;3559;121;126;-16.3544697710204;-14.9681754099005;-13.8695631212324;-12.1497771516294;-2.49244019742172;-14.5627103017923;-2.11445647607081;-13.4296057008597;9.04182378628073
3642;831;3579;121;126;-16.3656774215321;-14.9793830604122;-13.8807707717441;-12.1461697163559;-2.49043393330777;-14.573917952304;-2.1198042858051;-13.4313990324653;9.0432577994103
3663;832;3600;121;126;-16.3773782488884;-14.9910838877685;-13.8924715991004;-12.1432717442911;-2.48945401041508;-14.5856187796603;-2.122032074451;-13.4366631210553;9.07024041103434
3683;836;3622;121;128;-16.3895632768867;-15.0032689157668;-13.9046566270987;-12.1700555717106;-2.48751086880997;-14.5978038076587;-2.12275101047261;-13.461082123303;9.07131277444866
3706;837;3642;122;128;-16.4005765205751;-15.0142821594552;-13.9156698707871;-12.181068815399;-2.48720630820776;-14.6088170513471;-2.12409677127629;-13.4813480624519;9.09735932139366
3727;838;3663;123;128;-16.4120755255576;-15.3134632368895;-13.9271688757696;-12.1925678203815;-2.48229386935409;-14.6203160563296;-2.12394975151113;-13.4986096287673;9.12415987814678
3747;840;3685;123;128;-16.4240516092469;-15.037757248127;-13.9391449594589;-12.2045439040708;-2.47860549092084;-14.6322921400188;-2.1259902184536;-13.4995430823641;9.1181982993984
3767;843;3705;123;128;-16.4348770754604;-15.0485827143405;-13.9499704256724;-12.186381833411;-2.48069038178701;-14.6431176062323;-2.1281531631455;-13.4993731985509;9.13373987366589
3787;844;3715;124;128;-16.4402679143037;-15.0539735531838;-13.9553612645157;-12.1775880372624;-2.48193748550127;-14.6485084450757;-2.12643173307355;-13.5138407748069;9.14533568734583
3807;846;3733;124;128;-16.4499349578292;-15.0636405967093;-13.9650283080412;-12.1872550807879;-2.48176082523065;-14.6581754886011;-2.13214357916918;-13.5198097569233;9.17024210377783
3828;848;3752;124;129;-16.4600886202522;-15.0737942591323;-13.9751819704642;-12.1974087432109;-2.47980966474159;-14.6683291510242;-2.13224437621975;-13.5309994082826;9.15605013859873
3848;854;3768;127;129;-16.4685992713925;-15.3699869827244;-13.9836926216045;-12.2490915662164;-2.48423071832875;-14.6768398021645;-2.13605599360279;-13.5704950244875;9.171876633163
3868;856;3787;127;129;-16.4786588558036;-15.0923644946837;-13.9937522060156;-12.2591511506275;-2.48196989419602;-14.3992173141238;-2.13884471125055;-13.5752148439585;9.1916042263199
3888;859;3803;127;129;-16.4870910158565;-15.1007966547366;-14.0021843660685;-12.2675833106804;-2.4844786779253;-14.4076494741767;-2.13929417036782;-13.5727831108368;9.19136512293078
3908;862;3830;127;129;-16.5012401643494;-15.1149458032295;-14.0163335145614;-12.2527449223;-2.48210328309733;-14.4217986226695;-2.14239768385624;-13.5759884853222;9.19893889875439
3930;866;3849;127;129;-16.5111373065675;-15.1248429454476;-14.0262306567795;-12.2344711875514;-2.482157038369;-14.4316957648877;-2.14618078417914;-13.5760589080713;9.22183530927006
3950;868;3867;127;131;-16.5204685832146;-15.4218562945465;-14.0355619334266;-12.2719733411652;-2.4852475602389;-14.4410270415348;-2.14559998481465;-13.6055029888109;9.23304260484491
3970;869;3888;127;131;-16.5313003311607;-15.1450059700408;-14.0463936813727;-12.2828050891113;-2.48731645038129;-14.4518587894808;-2.14651959635554;-13.60553804841;9.22986917871484
3990;875;3904;129;132;-16.539513895066;-15.4409016063979;-14.054607245278;-12.2910186530166;-2.48751088020177;-14.4600723533861;-2.14192962675905;-13.6386153505831;9.23070696682486
4000;878;3916;129;132;-16.5456520073008;-15.1593576461809;-14.0607453575128;-12.2971567652514;-2.48760319705403;-14.466210465621;-2.14161505809941;-13.6307661333156;9.211360626749
4020;884;3936;129;135;-16.5558405163443;-15.4572282276762;-14.0709338665563;-12.3661857743179;-2.48925922645732;-14.4763989746645;-2.13707192799336;-13.6643667684302;9.20814722587686
4042;887;3960;129;135;-16.5679986084971;-15.4693863198289;-14.0830919587091;-12.3338921038998;-2.4905723481927;-14.4885570668172;-2.13806810992022;-13.6614801214271;9.21651337686487
4062;888;3983;129;135;-16.5795811663633;-15.1932868052434;-14.0946745165753;-12.345474661766;-2.48628888304961;-14.5001396246835;-2.14202960220694;-13.6674648534915;9.23957031063459
4082;891;4006;129;135;-16.5910970324515;-15.2048026713316;-14.1061903826635;-12.3284171554102;-2.48751397826075;-14.5116554907717;-2.14043870836797;-13.6619455014938;9.2400922106708
4103;892;4022;129;135;-16.5990691406652;-15.2127747795453;-14.1141624908772;-12.3224030216491;-2.48770300454;-14.5196275989854;-2.14479631275806;-13.6681142182698;9.26087199117494
4123;899;4042;131;138;-16.6089897959271;-15.510377507259;-14.1240831461391;-12.4042971765362;-2.49026836389345;-14.5295482542473;-2.136057685488;-13.7232657072744;9.23256915227167
4144;903;4058;133;138;-16.6168910407715;-15.5182787521034;-14.1319843909835;-12.4272362987451;-2.48868877485144;-14.5374494990917;-2.13524947471334;-13.7450162904141;9.21544836891706
4165;907;4086;133;138;-16.6306435507551;-15.532031262087;-14.1457369009671;-12.411135845579;-2.49311688719699;-14.3280584577611;-2.13428969551709;-13.7413840022173;9.21979403226028
4186;909;4107;133;138;-16.6408962279131;-15.542283939245;-14.1559895781251;-12.421388522737;-2.48982813725603;-14.3383111349191;-2.13905315657791;-13.7476671973888;9.2398302479336
4206;913;4133;133;138;-16.6535176290235;-15.2672232679036;-14.1686109792355;-12.4194111244262;-2.49390118785558;-14.3509325360294;-2.1470066932321;-13.752106008927;9.27194063231378
4227;920;4155;133;140;-16.6641354145791;-15.565523125911;-14.1792287647911;-12.444627709403;-2.4945625225711;-14.3615503215851;-2.1520425827493;-13.7730503813528;9.26778289848016
4247;921;4177;133;140;-16.6746971289943;-15.5760848403262;-14.1897904792063;-12.4405906243971;-2.49494353746351;-14.3721120360003;-2.15260997015847;-13.7737897719604;9.26181459953161
4267;922;4198;133;140;-16.6847270007612;-15.586114712093;-14.1998203509732;-12.4506204961639;-2.49418854928812;-14.3821419077671;-2.15515940500886;-13.7797348240864;9.28513586571028
4288;924;4218;133;141;-16.6942327220774;-15.3079383609575;-14.2093260722894;-12.4457374800281;-2.49166545568836;-16.0010855415175;-2.15534504734916;-13.786121724961;9.25497837346479
4308;929;4242;133;141;-16.7055802702493;-15.3192859091294;-14.2206736204613;-12.4570850281999;-2.49417828597115;-16.0124330896893;-2.15690117763181;-13.7852594960701;9.26458629996505
4328;929;4253;133;141;-16.7107597905073;-15.3244654293874;-14.2258531407193;-12.4622645484579;-2.49430834329639;-16.0176126099473;-2.15839765557727;-13.7890406927089;9.2786575241044
4349;932;4274;133;141;-16.7206108717582;-15.3343165106383;-14.2357042219702;-12.4439447527421;-2.49589022688088;-16.0274636911982;-2.16050460089645;-13.7917952767793;9.30201360461086
4369;934;4295;133;141;-16.7304136688367;-15.3441193077168;-14.2455070190487;-12.4537475498207;-2.49310412974412;-16.0372664882768;-2.16219964366879;-13.7921755596145;9.31577595797937
4389;939;4324;134;141;-16.7438723575182;-15.3575779963983;-14.2589657077302;-12.4672062385021;-2.49367451543576;-16.0507251769583;-2.16208870032554;-13.8077556278168;9.34271339630548
4409;941;4343;134;141;-16.7526412650696;-15.3663469039498;-14.2677346152816;-12.4759751460536;-2.49292577068127;-16.0594940845097;-2.16303323085452;-13.807039083361;9.33134318030184
4429;943;4363;134;141;-16.7618303462472;-15.3755359851273;-14.2769236964592;-12.4851642272312;-2.49089694391474;-16.0686831656873;-2.16590330566557;-13.8110336640764;9.35833653910517
4449;945;4388;134;141;-16.7732576427902;-15.3869632816704;-14.2883509930022;-12.4965915237742;-2.49101755961403;-16.0801104622303;-2.16738699035435;-13.8149974463278;9.38281430278035
4469;947;4404;136;141;-16.7805369956851;-15.3942426345653;-14.2956303458971;-12.5038708766691;-2.49117708774763;-16.0873898151252;-2.16687125362819;-13.8429217794696;9.390815780102
4490;949;4418;136;141;-16.7868847679601;-15.4005904068402;-14.3019781181721;-12.5102186489441;-2.4942875993915;-16.0937375874002;-2.16705423782714;-13.8454871251774;9.41210622494233
4500;951;4432;136;141;-16.7932124568542;-15.4069180957343;-14.3083058070662;-12.5165463378382;-2.49415723960884;-16.1000652762943;-2.16751017751606;-13.847013832433;9.42510219512648
4520;951;4457;136;141;-16.8044623458931;-15.4181679847732;-14.3195556961051;-12.5277962268771;-2.49141446384049;-16.1113151653332;-2.1707679430012;-13.8542143768016;9.44998111531306
4540;953;4482;137;141;-16.8156493087217;-15.4293549476019;-14.3307426589337;-12.5389831897057;-2.49457916827998;-16.1225021281618;-2.17165593120482;-13.8701805015572;9.47564561602958
4560;956;4496;137;141;-16.8218867831471;-15.4355924220272;-14.3369801333591;-12.5314273419987;-2.49310359777374;-16.1287396025871;-2.17179328646791;-13.8701348351063;9.49338104334981
4580;958;4518;137;141;-16.8316493940559;-15.445355032936;-14.3467427442679;-12.5411899529075;-2.49699510391217;-16.138502213496;-2.17394943023943;-13.8706440857197;9.49196474920357
4600;960;4538;137;141;-16.8404833306796;-15.4541889695597;-14.3555766808916;-12.5500238895312;-2.5001081583658;-16.1473361501196;-2.1751907147892;-13.8732897753406;9.51157473990709
4620;963;4554;137;141;-16.8475224932474;-15.4612281321275;-14.3626158434594;-12.516789152961;-2.50022905694198;-16.1543753126874;-2.1795726006702;-13.8750871208861;9.52257467585767
4640;965;4579;137;141;-16.8584718253142;-15.4721774641943;-14.3735651755262;-12.5277384850279;-2.50343274150103;-16.1653246447542;-2.17971019597859;-13.8768655319411;9.55197966784015
4660;969;4602;137;141;-16.8684925411906;-15.4821981800707;-14.3835858914026;-12.5246871193369;-2.50622451023431;-16.1753453606307;-2.18133135893156;-13.880690082799;9.58278642149883
4681;971;4624;137;141;-16.8780308207044;-15.4917364595845;-14.3931241709164;-12.5213219940148;-2.50675989740429;-16.1848836401445;-2.18208056776065;-13.8806819786347;9.59639535506433
4701;972;4641;137;141;-16.8853702784824;-15.4990759173625;-14.4004636286944;-12.5286614517928;-2.50382401300851;-16.1922230979224;-2.18439774894094;-13.8828528108492;9.60867357923751
4721;973;4661;137;141;-16.8939705927455;-15.5076762316256;-14.4090639429575;-12.5372617660559;-2.50410202085771;-16.2008234121855;-2.1886755090645;-13.886564799113;9.6386253536416
4741;975;4683;137;141;-16.9033884183671;-15.5170940572472;-14.4184817685791;-12.5466795916775;-2.50653189233068;-16.2102412378071;-2.19086577312775;-13.8862413151822;9.6599286316482
5000;1001;4938;138;141;-17.0094313398102;-15.6231369786904;-14.301381138708;-12.532094525332;-2.51103709116837;-15.9108190511421;-2.21095169491274;-13.9030811187242;9.73333704962543
5500;1046;5439;138;141;-17.2027009988459;-15.5932630864118;-14.3694876547897;-12.5975308128578;-2.51692689372254;-16.1040887101778;-2.26501430652219;-13.9511624586281;10.0080500856246
6500;1137;6432;138;141;-17.5380816217176;-15.7463221524895;-14.3600277913697;-12.6328068432792;-2.48622497495736;-16.4394693330495;-2.34943995940976;-13.9999715561848;10.3871541380386
8000;1304;7987;138;141;-17.9711409978348;-15.7739164204986;-14.3876220593787;-12.5958625901506;-2.51101459068683;-16.5848466367149;-2.45912898514074;-14.0290090161618;10.9566445108225
8500;1342;8461;138;141;-18.086445297849;-15.8892207205128;-14.3975658437351;-12.6141746241775;-2.51294924426389;-16.7001509367291;-2.48703171854696;-14.0500507855825;11.1288861150569
9500;1428;9497;138;141;-18.3174624764859;-15.8325558266979;-14.3662187579045;-12.5873626935123;-2.50431374815764;-16.7080245640518;-2.55659392187441;-14.0509565420086;11.3133995314754
10500;1509;10490;138;141;-18.5163554027807;-15.8083052016785;-14.341968132885;-12.565712850193;-2.50885092354118;-16.9069174903466;-2.59984841293053;-14.0294963167809;11.2856867583002
11500;1581;11473;138;141;-18.6955034555983;-15.8051316977021;-14.3516980337446;-12.6041935735206;-2.50221963040036;-16.9037439863702;-2.66532555589905;-14.0548025276718;11.4548228428075
12000;1625;11990;138;141;-18.7836564960431;-15.893284738147;-14.3528396971998;-12.6077892259374;-2.50513569100576;-16.9918970268151;-2.69165454373801;-14.0605065383156;11.5708716263356
13000;1702;13047;138;141;-18.9526270025315;-15.7745731721836;-14.3276541892472;-12.589598898991;-2.50347970843076;-16.8731854608517;-2.72454574814243;-14.0412813927065;11.5289410212764
13500;1728;13534;138;141;-19.0259206335843;-15.8478668032364;-14.3254402677919;-12.5817893768839;-2.50662093997654;-16.9464790919045;-2.73947389328334;-14.045343847349;11.5640049580681
14000;1755;14006;138;141;-19.0944821764309;-15.8756063515627;-14.3323082416332;-12.5797694855584;-2.50995294878773;-16.6095755266429;-2.74850119418753;-14.0540810366274;11.6979909430898
15000;1830;15010;138;141;-19.232943849255;-15.8317464675929;-14.320288963519;-12.5672601314726;-2.51206619424821;-16.748037199467;-2.78334902114853;-14.0456758564303;11.6961792540131
15500;1863;15491;138;141;-19.2960289782127;-15.7995214167462;-14.3262156786367;-12.567400365128;-2.51293534389617;-16.8111223284247;-2.80842857836766;-14.0442731661281;11.7497930085944
16000;1890;15997;138;141;-19.3603129672832;-15.7767940288271;-14.3104569600337;-12.5612571052244;-2.50676006497955;-16.7212556376679;-2.82707128658824;-14.0423076179308;11.7363047251229
17000;1946;16997;138;141;-19.4815842737547;-15.7927048196408;-14.3225289745402;-12.5638786639194;-2.5114516099531;-16.7089955515149;-2.86254256158769;-14.0526866403546;11.8609251517191
17500;1977;17530;138;141;-19.5433379558306;-15.8056683375472;-14.3393312687538;-12.5586216357123;-2.50923081198166;-16.7707492335908;-2.88670786087133;-14.0560813298832;11.8835147595992
18000;1997;18018;138;141;-19.5982530744228;-15.8140634405045;-14.340757702395;-12.5700516423648;-2.50692787519343;-16.825664352183;-2.90116627036466;-14.0696720544849;12.0008497784481
19000;2051;19071;138;141;-19.711848271209;-15.8406472603011;-14.3365698635249;-12.563502527309;-2.50686695377422;-16.8214765133129;-2.93424376739223;-14.0689491783089;12.045416215157
20000;2111;20031;138;141;-19.810072705052;-15.8210886584877;-14.3462409000263;-12.560147168334;-2.50842796109665;-16.9197009471558;-2.96633538464005;-14.0802237653427;12.2031973216918
21000;2171;21004;138;141;-19.9049363495155;-15.8273989056098;-14.3065143905171;-12.5602172953658;-2.50841666671067;-17.0145645916193;-2.98225416099032;-14.0728411544921;12.2933654889151
21500;2197;21506;138;141;-19.9521744899009;-15.8578299276788;-14.3102674189628;-12.5619930616745;-2.51245194060625;-16.956442216347;-2.99389260634134;-14.074528972348;12.3143377047207
22500;2243;22514;138;141;-20.0437852338295;-15.8849021504698;-14.3202001318771;-12.5566115396158;-2.51714766905586;-17.0480529602755;-3.01869310911298;-14.0893292321404;12.4757199255546
24000;2307;23991;138;141;-20.170868078;-15.8942019589839;-14.3360573409374;-12.5585312408323;-2.5205824729005;-17.2804963201038;-3.05258689633294;-14.0960990897168;12.5428589551807
26000;2402;25999;138;141;-20.331626709451;-15.8889754529607;-14.3228135240084;-12.5686054004325;-2.51665752573953;-16.9994221992758;-3.10702709119598;-14.0995196423618;12.6118100979811
26500;2433;26479;138;141;-20.3682144899748;-15.8684048196445;-14.3196616728357;-12.5505890469214;-2.51701634119922;-17.0360099797996;-3.12452650714283;-14.098074467066;12.6096136877462
27000;2461;26983;138;141;-20.4059246341137;-15.8950651275969;-14.3101000716815;-12.5465114794201;-2.51990264680957;-16.940188731314;-3.1375877381072;-14.0942006389902;12.6116609446817
27500;2478;27498;138;141;-20.4437371074744;-15.8898602158738;-14.32124429796;-12.5527803913354;-2.52048818604938;-16.8602181690182;-3.15373781475109;-14.1010517916373;12.6618240692937
28000;2506;28030;138;141;-20.4820612883177;-15.8970938096471;-14.3166434340862;-12.5429024703609;-2.5227826966068;-16.8985423498616;-3.17192369354131;-14.1006021425055;12.6847564350123
29000;2552;29013;138;141;-20.5509985687701;-15.9066076696288;-14.3205171211917;-12.5446310011199;-2.5211309001391;-16.967479630314;-3.20003302527442;-14.1040559668373;12.7114956797469
29500;2576;29507;138;141;-20.5847656046303;-15.8842852388378;-14.315669320924;-12.5468993699206;-2.52286030913243;-17.0012466661741;-3.20904021854914;-14.0996740897079;12.6697069020617
30000;2606;30019;138;141;-20.6191715870134;-15.8829731386189;-14.3202223401575;-12.5507686284437;-2.52206801159906;-16.9556099408838;-3.22385712167234;-14.103558892715;12.7434037193515
30500;2624;30540;138;141;-20.6535851575452;-15.8914112227475;-14.3185309060472;-12.5525136544257;-2.52149089489908;-16.9900235114156;-3.23396083680637;-14.1103658487911;12.8133963073714
32000;2675;32002;138;141;-20.7471073596576;-15.9108254527062;-14.3141685592972;-12.5628725855628;-2.52306019463315;-17.083545713528;-3.25395793695824;-14.1129686451465;12.8791909689797
33000;2707;32995;138;141;-20.808222627635;-15.9178734994133;-14.3312502647454;-12.5696856974633;-2.52194508479324;-17.1446609815054;-3.27808865338914;-14.1245325720857;12.9998788853101
34000;2748;34007;138;141;-20.8686433295208;-15.9270009069114;-14.3377657017949;-12.5663775346474;-2.51987183054143;-17.2050816833911;-3.29988552181524;-14.1310903533695;13.0742994704755
35000;2792;35047;138;141;-20.9288905935762;-15.91825529948;-14.3283402846054;-12.5639166151375;-2.52008620517239;-17.2653289474466;-3.31639672723693;-14.1236646842166;13.0099223629837
35500;2809;35549;138;141;-20.9573346108811;-15.9203820084674;-14.3292932347015;-12.56774754407;-2.51679590783001;-17.2196649925977;-3.32240463541957;-14.1281514641661;13.0626055994296
36000;2830;36033;138;141;-20.9843809284452;-15.915476726225;-14.3263698825745;-12.5701067910368;-2.5172575736718;-17.2467113101618;-3.33200007660286;-14.1295873902513;13.0832336310904
37000;2863;37021;138;141;-21.0384811963768;-15.9325357224762;-14.3316196070202;-12.5759554063028;-2.52065512117737;-17.3008115780934;-3.35721117674904;-14.1364731781375;13.141149384734
38000;2899;38047;138;141;-21.0931550331094;-15.9226710380713;-14.3373867887416;-12.5703774633993;-2.5187202594136;-17.355485414826;-3.37861714893991;-14.1339673059446;13.0795601069001
38500;2924;38511;138;141;-21.1173983875061;-15.9244415366159;-14.3352063314993;-12.5720065417312;-2.51927021270258;-17.3797287692227;-3.39646066895142;-14.1367755135963;13.1172165648116
39000;2945;39001;138;141;-21.1426851316174;-15.9277493740084;-14.3402903682931;-12.5780359990449;-2.51936505850713;-17.405015513334;-3.40574865450397;-14.1383361133516;13.1365421066912
39500;2958;39483;138;141;-21.1672509570049;-15.9202268848444;-14.3483268917293;-12.5818385266115;-2.51748716750791;-17.3605884672345;-3.41533878153459;-14.1407852580211;13.1530893812166
42000;3034;42024;138;141;-21.2919923252676;-15.8983647789152;-14.347905581995;-12.5733287582186;-2.51677806459598;-17.4207913143597;-3.44671092683833;-14.1346211827173;13.1115932805372
42500;3051;42548;138;141;-21.3167762587431;-15.9051302068881;-14.3516963589809;-12.575479976518;-2.5171983290677;-17.4455752478352;-3.45407329998543;-14.1383957039345;13.1553256054133
43000;3061;43018;138;141;-21.3387478234728;-15.9094021945183;-14.3540315033545;-12.5684640043744;-2.51861875601226;-17.4675468125649;-3.45748667545952;-14.1407989625186;13.1875047488897
45000;3116;45008;138;141;-21.4291910614593;-15.9117381649946;-14.3483231647685;-12.5818311859851;-2.51709682385105;-17.5579900505514;-3.48006944391132;-14.1465096688555;13.2716495184047
45500;3124;45485;138;141;-21.4502757605123;-15.9208466730009;-14.3568711346436;-12.5789107553755;-2.51699821825006;-17.5790747496044;-3.48766779826317;-14.1525728408183;13.3224945467786
46000;3142;45967;138;141;-21.4713580534372;-15.922281968542;-14.3549639093438;-12.5820497335944;-2.51600559718255;-17.5395324207129;-3.50107990037954;-14.155214624939;13.3543693516676
46500;3159;46495;138;141;-21.4942001178246;-15.9182510146783;-14.3569216805642;-12.5803807669674;-2.51496831827745;-17.5623744851003;-3.50996302017024;-14.1562342740956;13.3607049681066
47500;3191;47481;138;141;-21.5361698200028;-15.9266980248178;-14.3507828044224;-12.589014048878;-2.51469631934841;-17.6043441872785;-3.52059844244217;-14.1524693229724;13.3376723796119
48000;3211;48009;138;141;-21.5582875446282;-15.923497941459;-14.3548820235451;-12.5798792299993;-2.5145043446063;-17.6264619119039;-3.52943824103958;-14.1523809247456;13.3451281085552
48500;3231;48492;138;141;-21.5783082297329;-15.9223164189131;-14.3513722112397;-12.5779484225447;-2.51336962830615;-17.6464825970086;-3.53793627906878;-14.1526919735666;13.3721866599134
49000;3245;48997;138;141;-21.5990287014573;-15.9326020133449;-14.3569463422004;-12.575741060651;-2.51190584929983;-17.667203068733;-3.54503427701721;-14.1562751590704;13.4164735671541
49500;3257;49468;138;141;-21.6181625497239;-15.9345827823852;-14.3625712754702;-12.578610498728;-2.5114919226665;-17.6863369169996;-3.55368621757073;-14.1615634914779;13.4585071195321
50500;3290;50489;138;141;-21.6590215395093;-15.9354364375569;-14.3599000767985;-12.5790176692611;-2.51143186625998;-17.727195906785;-3.56639318677207;-14.1614641623535;13.4799642343009
53000;3365;53022;138;141;-21.7569244014921;-15.9279787838819;-14.3556931370791;-12.5874060240362;-2.51102014118723;-17.7679403549278;-3.60057691420072;-14.163072828068;13.5213635369011
53500;3380;53518;138;141;-21.7755466497922;-15.9349049924188;-14.358567028411;-12.5858172317201;-2.51135130725678;-17.7865626032279;-3.61269976809439;-14.1668891967681;13.5603789278054
54500;3401;54536;138;141;-21.8132326260852;-15.9354968443056;-14.3631530562777;-12.5866252816452;-2.51119619028231;-17.824248579521;-3.62770064599926;-14.1729283008597;13.6173964330984
55000;3426;55068;138;141;-21.8326481283657;-15.9354942607289;-14.3641348568693;-12.5812617869535;-2.51128421129284;-17.8436640818014;-3.63675453569824;-14.1701235205861;13.6102662795687
55500;3441;55580;138;141;-21.851157406593;-15.9403607625525;-14.3556154627087;-12.5832087219965;-2.51191564581471;-17.5744912875769;-3.64284005423757;-14.166809908686;13.5878165810248
56000;3460;56089;138;141;-21.8693899877071;-15.9292187349866;-14.358959431329;-12.579314647712;-2.51247856068038;-17.592723868691;-3.65132416911862;-14.1678733418808;13.6009767439452
56500;3474;56582;138;141;-21.8868923848208;-15.9181848248354;-14.3607134714746;-12.5776120649897;-2.51189170540666;-17.6102262658047;-3.65473473148398;-14.1672471131334;13.6046971282747
58000;3506;58129;138;141;-21.9408399154523;-15.9344867558506;-14.3601401632278;-12.5812178407604;-2.5142667587053;-17.6641737964363;-3.66951815652192;-14.1709223442307;13.6956100684762
58500;3525;58638;138;141;-21.9582764591338;-15.9180217478564;-14.3523864580807;-12.5844576181651;-2.51464499153436;-17.6816103401177;-3.67762919491951;-14.169944537861;13.6832298594674
60000;3560;60157;138;141;-22.0094261807181;-15.9203813052712;-14.3554570002393;-12.5823628252306;-2.51527733013012;-17.6786928404318;-3.68702216843711;-14.1707725084529;13.7498781172954
60500;3565;60645;138;141;-22.025584941486;-15.9297603790537;-14.357959287438;-12.5805677823819;-2.51520063397831;-17.6948516011996;-3.68993935761773;-14.1740384498193;13.7825160188038
61500;3585;61649;138;141;-22.0584245757215;-15.929374365661;-14.3622119363751;-12.5830312493539;-2.51398066804931;-17.7276912354352;-3.69808593287335;-14.1768724799202;13.8063389109877
62500;3603;62679;138;141;-22.0915634845807;-15.9282486805461;-14.3649098197331;-12.5871365924798;-2.51476535748023;-17.5376865929802;-3.70689705019222;-14.1792240524127;13.8191236770615
64000;3643;64207;138;141;-22.1397350360043;-15.9351772734356;-14.3699340400004;-12.5817705556098;-2.51278012988258;-17.5858581444038;-3.72073240930342;-14.1756468595268;13.7715219727548
65500;3683;65704;138;141;-22.1858301708401;-15.9397234053585;-14.3700179852429;-12.5864251121235;-2.51443517844396;-17.580659984852;-3.7415474869133;-14.1803072694923;13.8134510499351
66000;3693;66239;138;141;-22.2020493846537;-15.9348488361123;-14.3700352041482;-12.5899173099356;-2.5142415293828;-17.5968791986656;-3.74665144741835;-14.1804461646278;13.8193499235863
66500;3702;66719;138;141;-22.2164900978214;-15.9436130912753;-14.3742116272454;-12.5876367788878;-2.51445892852178;-17.6113199118333;-3.75287004404369;-14.1843046605453;13.8556162316723
67000;3709;67230;138;141;-22.2317497109262;-15.9401805713678;-14.3746558460237;-12.5902764840932;-2.51508380194898;-17.6265795249381;-3.75596816634653;-14.1830331148523;13.7965821304865
68500;3741;68731;138;141;-22.275911227394;-15.9479744436648;-14.3808477293024;-12.5880952113334;-2.51716312259771;-17.6707410414059;-3.76733329389979;-14.1903789291012;13.8941413054132
69000;3753;69221;138;141;-22.2901191275534;-15.9497598238256;-14.3809980240696;-12.58801363455;-2.51735209354287;-17.6849489415653;-3.77225818065312;-14.1919752130257;13.9226780488136
69500;3767;69716;138;141;-22.3043702512831;-15.9569810416271;-14.3763246504084;-12.5886591062239;-2.5168443160805;-17.6992000652951;-3.77853233234527;-14.1931333224901;13.9496750682514
70500;3793;70727;138;141;-22.3331653486272;-15.9530428117274;-14.3780910753645;-12.5866825449012;-2.51689332167147;-17.6792049984697;-3.78904898833014;-14.1935058993455;13.961375545498
72000;3840;72248;138;141;-22.3757198478613;-15.9639015801514;-14.3760412683618;-12.5894967154858;-2.51684565205813;-17.7217594977037;-3.80268342269961;-14.194099984725;13.9837080903861
72500;3849;72752;138;141;-22.3896233521296;-15.9663763885961;-14.3766112417607;-12.588445418418;-2.51729052874091;-17.7356630019721;-3.80541643312161;-14.1958807889892;14.0206435782362
73000;3863;73286;138;141;-22.4042497474509;-15.963303206818;-14.3741656531834;-12.5880645233176;-2.51778860423227;-17.7502893972934;-3.8117293908391;-14.1956347788289;14.0280478655954
73500;3871;73780;138;141;-22.4176859423013;-15.9687965481545;-14.3798197075917;-12.5856943914703;-2.51812537974784;-17.7637255921438;-3.81546274497728;-14.1975339394945;14.0595023308997
75000;3903;75339;138;141;-22.4595064159925;-15.9627314258067;-14.3774133288052;-12.5864780709411;-2.51476341838519;-17.805546065835;-3.83461376679645;-14.1996075216085;14.0677753881098
75500;3912;75868;138;141;-22.4735005342084;-15.9707104882928;-14.3791220892355;-12.5898076090005;-2.51576054608394;-17.8195401840509;-3.84100114833538;-14.203350677331;14.1102363881827
76000;3923;76346;138;141;-22.4860618379331;-15.9713491470606;-14.3798489353132;-12.5873858423942;-2.51532095163089;-17.8321014877756;-3.84705589229135;-14.2039967340894;14.1208734259741
76500;3935;76846;138;141;-22.4991173963303;-15.9696985580681;-14.3812084539471;-12.5939812035486;-2.51538042971761;-17.7986370305379;-3.85448355683309;-14.2053907367778;14.1346037875998
77000;3946;77324;138;141;-22.5115193300832;-15.9748277324919;-14.3820495652989;-12.5921584283907;-2.51527213341135;-17.8110389642907;-3.85902661833397;-14.2054157250166;14.1490400410338
78000;3969;78369;138;141;-22.5383674399616;-15.967484477622;-14.3858820278188;-12.5908630020087;-2.51446647340849;-17.8378870741692;-3.86888551105804;-14.2065026158896;14.1423707205047
78500;3978;78844;138;141;-22.5504529912936;-15.9712017792835;-14.391221295572;-12.5915307318694;-2.5156081131093;-17.8499726255012;-3.87273175209533;-14.206360557735;14.1178924028823
79000;3985;79357;138;141;-22.5634238776497;-15.9758738628249;-14.3875949085206;-12.590596847035;-2.51548645463565;-17.8184917492865;-3.87534664444621;-14.2050062596835;14.1018082658559
80000;4000;80312;138;141;-22.5873486567427;-15.9793480314466;-14.3911875174598;-12.5969497322173;-2.51533536532059;-17.8424165283795;-3.88695408010776;-14.2102442202019;14.1659867398202
80500;4008;80800;138;141;-22.5994644890184;-15.9874234541853;-14.3934270616208;-12.5992132680499;-2.51522545551127;-17.8545323606551;-3.89036280814182;-14.2130615945006;14.1975476441517
81000;4017;81325;138;141;-22.6124175026831;-15.9843761265036;-14.3974110699215;-12.5975227525728;-2.51444072612984;-17.8674853743199;-3.89208219345336;-14.2110327137956;14.1628232028828
81500;4028;81794;138;141;-22.6239183405347;-15.9801286073871;-14.3973449013227;-12.5944150674158;-2.51457966679163;-17.8789862121715;-3.89564799792473;-14.2098832657499;14.1346766039809
82000;4040;82295;138;141;-22.6361312629563;-15.9768373432727;-14.3912718670451;-12.5890629819427;-2.51496117510177;-17.8911991345931;-3.89826811932125;-14.207657905371;14.1328959660602
82500;4047;82773;138;141;-22.6477144004778;-15.9731530086634;-14.3952683441923;-12.5945145747134;-2.51487672672032;-17.9027822721146;-3.90255616293029;-14.2090128401042;14.1497843150234
84000;4076;84272;138;141;-22.6836098834463;-15.9682264971117;-14.3888105556569;-12.5989681218683;-2.51433003553416;-17.9386777550831;-3.90869467510437;-14.208239109672;14.1823435435521
85000;4095;85251;138;141;-22.7067102505645;-15.976886180075;-14.3891882542773;-12.5974287850493;-2.51414483928477;-17.9617781222012;-3.91844260522241;-14.2127350219757;14.228423154003
85500;4103;85745;138;141;-22.7182661085805;-15.9848642167431;-14.3898150417611;-12.5974116575076;-2.51468118802651;-17.9733339802172;-3.92042994083424;-14.213122039722;14.2500383515804
87000;4137;87282;138;141;-22.753799070003;-15.992226301199;-14.3890580017785;-12.5927665394354;-2.51301559240067;-18.0088669416398;-3.93421176493669;-14.2146326128554;14.2638867456045
87500;4142;87775;138;141;-22.7650640020733;-15.9931284462337;-14.3935905720746;-12.5936890044135;-2.51348478420582;-18.02013187371;-3.93751661262526;-14.2183521673548;14.2983681401055
88500;4159;88748;138;141;-22.7871123437449;-15.9914065685714;-14.394802565546;-12.5916643838975;-2.51356407424883;-18.0421802153817;-3.94230171410815;-14.2185693478442;14.3116818188555
89000;4167;89235;138;141;-22.7980572365802;-15.9956624732559;-14.3906789111712;-12.590104243558;-2.51365772943118;-18.053125108217;-3.94525025869097;-14.2189355298671;14.3250606366761
90000;4192;90236;138;141;-22.8203674790166;-15.9916554073749;-14.3878614748278;-12.5849895993644;-2.51413592828297;-18.0754353506534;-3.95448944846967;-14.2196782834724;14.3558400151637
90500;4199;90737;138;141;-22.8314409823541;-15.9994874167882;-14.3818844625506;-12.58638704756;-2.51438047841468;-18.0865088539908;-3.95834765966691;-14.221341144163;14.3703249433418
91000;4214;91239;138;141;-22.8424754324661;-15.9912905049723;-14.3850322454556;-12.584184686624;-2.51480758217708;-18.0975433041028;-3.96220773115374;-14.2187925418102;14.3747369027329
91500;4220;91746;138;141;-22.8535583364724;-15.9897549450195;-14.382618551512;-12.5840050716109;-2.51436419483786;-18.1086262081092;-3.96309744449438;-14.2196704329905;14.4005872512517
92500;4237;92738;138;141;-22.8750671840909;-15.9957113796305;-14.3862734671964;-12.5834641617817;-2.51353928644083;-18.1301350557277;-3.97082352984458;-14.2237587276632;14.4394307479716
94000;4260;94187;138;141;-22.9060748935894;-15.9993201149409;-14.3892817821945;-12.5856878553195;-2.51309651290881;-18.1611427652262;-3.98073421673758;-14.2238625802704;14.4220073646446
94500;4268;94678;138;141;-22.9164738792389;-15.9967900293914;-14.3890334154582;-12.5810415857902;-2.51281932861958;-18.1715417508756;-3.9834290395756;-14.2205510804725;14.3794331999835
95000;4275;95192;138;141;-22.92730236727;-16.0046584757941;-14.39266226225;-12.5820177773783;-2.51254518357303;-18.1823702389067;-3.98967892307113;-14.2245907132076;14.4039348544077
95500;4282;95669;138;141;-22.9372991920402;-16.0038761663095;-14.3985403951108;-12.580827015428;-2.51221437714251;-18.192367063677;-3.99190546956965;-14.2270959753999;14.4273421540302
97000;4311;97148;138;141;-22.9679817357442;-16.005738271478;-14.3991453111761;-12.5854069352293;-2.51249076902941;-18.1804899929622;-4.00702324720274;-14.2295101073275;14.4654539946464
99000;4352;99248;138;141;-22.3176069138659;-16.0076886356393;-14.3978871529413;-12.5822421987239;-2.51519688290655;-18.1054793159874;-4.0234973667102;-14.2258639037049;14.4065727752646
99500;4358;99752;138;141;-22.3277375887929;-16.0015881156378;-14.3939407139775;-12.5809038463021;-2.51585320273457;-18.0792423467435;-4.02491700659606;-14.2258625549763;14.4128250777853
100500;4369;100740;138;141;-22.3474492580393;-16.0018128972107;-14.3906221359492;-12.5858133297435;-2.51568512795137;-18.09895401599;-4.02842270111862;-14.2274825476635;14.4414092395728
101500;4382;101707;138;141;-22.3665556385597;-16.0035275350192;-14.394434509638;-12.586026993424;-2.51585944181332;-17.8667459682294;-4.03382018392099;-14.2287130703242;14.4598546333178
102500;4396;102683;138;141;-22.3856565225262;-16.0089295746276;-14.3992366252076;-12.5925420274714;-2.51496409825416;-17.8858468521959;-4.03975849677903;-14.2316963773813;14.4782925481081
105500;4450;105627;138;141;-22.442191418223;-16.0108603362895;-14.3994919213253;-12.5942165756171;-2.51587801421017;-17.8778432267551;-4.05542313635062;-14.2360780479283;14.5520732212216
106500;4465;106643;138;141;-22.4613369924199;-16.0203904517869;-14.4026933302447;-12.5982548545188;-2.51651445038198;-17.896988800952;-4.06027134784813;-14.2382614179518;14.5933722614606
107000;4474;107134;138;141;-22.4705241521869;-16.0248043328013;-14.4040026617169;-12.5995597913564;-2.51615038774589;-17.9061759607191;-4.06352018035356;-14.2395479333757;14.606504840007
107500;4488;107664;138;141;-22.4803939102963;-16.0220556269515;-14.4032572717578;-12.5987430523693;-2.51626436050457;-17.855421097012;-4.06766010981834;-14.2389526446259;14.6106826461391
108000;4491;108159;138;141;-22.4895681107839;-16.0203177939881;-14.4016205561412;-12.6025911103748;-2.51624639981026;-17.8645952974996;-4.06957083033951;-14.2402041324532;14.6326006800919
108500;4502;108648;138;141;-22.4985899750079;-16.0246992786556;-14.4020770575063;-12.6012714116173;-2.51581417469665;-17.8446296248503;-4.07264373812678;-14.241180718524;14.6477857912044
109000;4512;109139;138;141;-22.5076079757495;-16.0267968365527;-14.4004905049991;-12.6009255323169;-2.51551024055463;-17.853647625592;-4.07795206438013;-14.2427403274586;14.66550307132
109500;4521;109634;138;141;-22.5166584681724;-16.0168714275166;-14.4002414065232;-12.6015388314066;-2.51573975886374;-17.8345272410482;-4.08242908297858;-14.2416429168025;14.6490465744214
110000;4527;110145;138;141;-22.5259587365477;-16.0164447205844;-14.3991450158216;-12.6018845504032;-2.5157722200038;-17.8438275094235;-4.08377238482136;-14.2371840158102;14.5537143499143
110500;4538;110647;138;141;-22.5350532846295;-16.0159059966891;-14.3970728301773;-12.5982518530634;-2.51596944854231;-17.8529220575052;-4.08645958724759;-14.2365272010132;14.5560504115018
111000;4551;111146;138;141;-22.5440526821208;-16.0160947644982;-14.3961855521969;-12.6009598749923;-2.51617186382722;-17.8619214549966;-4.08878929115751;-14.2357603291181;14.5547196204213
111500;4564;111620;138;141;-22.5525638681249;-16.0187750301916;-14.3920456206474;-12.6008577433183;-2.51639949596296;-17.8704326410007;-4.09577133004992;-14.2354800263576;14.5708147534291
112000;4572;112120;138;141;-22.5615028299975;-16.0104224949541;-14.3930164128708;-12.5963088880254;-2.51651963037247;-17.8519726286852;-4.09697800981739;-14.2354305373079;14.5792031801556
112500;4580;112628;138;141;-22.5705440826917;-16.0137657265336;-14.3949964866706;-12.5999354093014;-2.51706344690731;-17.8343456342972;-4.10194307186844;-14.2351568418451;14.5694196972975
113500;4591;113585;138;141;-22.5874662880347;-16.0179848676204;-14.3960032367078;-12.5987188915477;-2.51719253977812;-17.8512678396402;-4.10724296628797;-14.2384524909046;14.61296528672
114000;4599;114091;138;141;-22.5963561285642;-16.0143309896714;-14.39442177737;-12.5939286281732;-2.51793574822821;-17.8601576801697;-4.10715688628873;-14.2350419367875;14.5898222684687
114500;4609;114583;138;141;-22.6049622798394;-16.0139746542041;-14.3915805428048;-12.5929342730138;-2.5182083886695;-17.8687638314449;-4.11012364212227;-14.2341775848518;14.5849139994763
115000;4614;115058;138;141;-22.6132360755018;-16.0120059567729;-14.3937752923908;-12.5955719829034;-2.51805922459384;-17.8770376271073;-4.11571591354981;-14.2344632183118;14.5844808474369
115500;4622;115528;138;141;-22.6213892270529;-16.011366356376;-14.3962222585291;-12.5974555214409;-2.51785315817984;-17.8851907786584;-4.11715577959895;-14.2346413086434;14.5895122118304
116500;4636;116547;138;141;-22.6389526276538;-16.0109112514743;-14.3988973143963;-12.594225963425;-2.51835353866515;-17.8767786928561;-4.12678893659959;-14.2332183191344;14.5205092698341
118000;4654;117961;138;141;-22.6630715001266;-16.0173305468476;-14.3943396680088;-12.5949597357555;-2.5181817714949;-17.8755797573445;-4.13505394617317;-14.2357686453888;14.5649064340806
119500;4673;119481;138;141;-22.6886781032333;-16.0198147325335;-14.3971315933494;-12.5953142694991;-2.51759880754382;-17.8523961962818;-4.14118124940627;-14.2377511196309;14.5969872591462
120000;4677;119978;138;141;-22.6969801626865;-16.0186380480322;-14.3959549088481;-12.5951336756588;-2.51786253088641;-17.8606982557351;-4.14379760219125;-14.2389172272074;14.610859428939
120500;4681;120503;138;141;-22.7057126751771;-16.0211009475091;-14.3951747251293;-12.5992842786442;-2.51812872864427;-17.8694307682256;-4.1460114158125;-14.2404424711579;14.6289881889612
121500;4695;121509;138;141;-22.722340045627;-16.0179256906629;-14.3977612298891;-12.5967094421102;-2.51820275231835;-17.8860581386755;-4.14780323238364;-14.2378205097958;14.5884700657683
